#Residue #correlation with tIC 1
2 -0.005971894949707471
3 -0.03310341703309198
4 0.15775100360733985
5 0.07241789832922578
6 -0.07482454552926794
7 -0.01436916241226466
8 -0.029345719238968466
9 -0.07283163150974836
10 0.009532451749852575
11 -0.013765575305578827
12 0.13031568484129902
13 -0.1645526677528173
14 0.07876982929849721
15 -0.11318235237172412
16 0.2959022106194785
17 0.012038920690492201
18 -0.12297468587196284
19 -0.141517091513798
20 0.014002509074513543
21 -0.1855509610752837
22 -0.20632310635056555
23 0.10680466789604713
24 0.1885646971785775
25 0.11682906350631567
26 0.03459736093316322
27 -0.14267591503659213
28 -0.09622682693209252
29 0.021050215628665266
30 -0.09678186481596415
31 -0.09199965353151268
32 -0.04328729041031662
33 -0.001981756747666617
34 -0.05991381791524592
35 -0.08384842779364926
36 0.16982660583370163
37 -0.09021734697646795
38 -0.16291703574876543
39 -0.08859225357946639
40 -0.020806543579605596
41 0.060767483497785615
42 -0.038539414415843194
43 -0.12925002824813622
44 0.06960934580671777
45 0.026006103614284615
46 -0.03704173976571051
47 -0.02532915925584197
48 0.0023528425282067973
49 -0.051385457093086936
50 -0.013748312965482673
51 -0.0010004923365724834
52 0.01531332774541568
53 0.00509892641173394
54 0.01426796359186791
55 0.018042891072133166
56 0.01034353360997167
57 0.0022542824996222965
58 0.04192744321131118
59 -0.11901057310550309
60 0.17502325774317723
61 0.14089030390054985
62 0.17742187990822536
63 0.11367781139918862
64 0.21762656990280288
65 -0.0239227240415668
66 0.055195508857067054
67 -0.2602795891464457
68 0.14656638021042065
69 -0.16496373078614615
70 0.1996719224843461
71 0.15618194309772387
72 -0.002042441946937966
73 -0.05477397393466453
74 0.045723670567337595
75 -0.02966489383218982
76 -0.09757939407957511
77 -0.09071443987263088
78 0.3211723718820807
79 0.2017605056473972
80 -0.09763762248556233
81 -0.0783112899327414
82 0.03362136607811701
83 0.02927233941276063
84 -0.03437048442580542
85 0.021807250792946924
86 -0.02537409961575397
87 0.01489456419397935
88 0.03838107502478857
89 -0.046622266661778614
90 0.016083896714490255
91 -0.023614953921714792
92 0.06036620771466669
93 0.2561710949663538
94 -0.12582912989670433
95 -0.33121801460913125
96 0.15907056436294711
97 0.2605364562986901
98 -0.011781104146501823
99 0.10763952364122656
100 -0.194029238359637
101 0.0028417805434744286
102 -0.17337401030120334
103 0.02184792198269807
104 -0.0063707302479369034
105 0.03131057467916496
106 -0.007838643583620299
107 0.047052928447309475
108 -0.004754710846042266
109 -0.005972089785260674
110 0.06332969232250608
111 0.005469920563359116
112 -0.054613715357171994
113 0.07909071578962422
114 -0.03274366053689348
115 0.010733371486311793
116 -0.002862580293299206
117 -0.0341053223699616
118 -0.01382772005651672
119 -0.053167759251448225
120 0.16081441255138515
121 -0.09135288030098881
122 0.3513784059562791
123 -0.21641264105517666
124 -0.11008442575533886
125 -0.04401308391360053
126 -0.20299517147325105
127 -0.03988933860915017
128 -0.078034903425098
129 -0.1282277800467364
130 -0.10443857880557933
131 -0.034785518765211534
132 -0.012932614395424376
133 -0.08871068289582947
134 0.021562903797226335
135 0.03501375453767784
136 0.005732835186682712
137 -0.015657420584601026
138 0.062486757959561996
139 -0.28914930632478814
140 0.09917779226043207
141 -0.018206756975642547
142 -0.03630260829308328
143 -0.3009352673365127
144 0.034050587111656795
145 -0.21989087327114124
146 -0.18208758137041933
147 0.09136298730330886
148 -0.01575733018635022
149 -0.026891257708275305
150 -0.01622366317304956
151 0.04512210206486635
152 -0.023948315795272925
153 -0.08582920639909941
154 0.20520438090490198
155 0.18407129498423572
156 0.09932971565576208
157 0.38145408935132136
158 0.05636367905967391
159 0.046913110145189146
160 -0.06364596235166128
161 -0.004850924368552657
162 -0.007905076129794021
163 -0.03804595417371981
164 -0.09154488164730891
165 0.24202697416991156
166 0.049849036930557346
167 -0.06781609724343132
168 -0.1230018763439467
169 -0.03092659575638499
170 0.04575882233961007
171 -0.06640092731786403
172 -0.1269090469601116
173 -0.016143585051240847
174 0.1397621130051576
175 -0.060258077735758926
176 -0.049442428148863925
177 0.24456970661925284
178 0.08605747279587124
179 -0.05769410407258803
180 0.030864859284410125
181 0.07136299695059856
182 -0.006879640018949141
183 0.10550896848537668
184 0.23946107563051724
185 0.3750336358402031
186 -0.4707438264338159
187 0.5910727693472659
188 0.3390966216316845
189 0.2244648818107301
190 -0.031368302518926965
191 0.04577511196999905
192 0.09847834572998208
193 0.05782692065236564
194 0.014380012644844778
195 -0.05546700934812913
196 0.043437839834050966
197 -0.05572974036812752
198 -0.14661765426619566
199 0.06758173618675142
200 -0.06703658516125559
201 -0.06895651361791677
202 0.053599836675283334
203 -0.1706742720878338
204 -0.08009443956048241
205 0.022701752537918445
206 0.09015858464371784
207 0.04446885877123246
208 0.05418141307988824
209 0.07787033570359086
210 0.17441902149758248
211 -0.19648845130703654
212 0.021510588752733324
213 0.07607148627991442
214 0.34282630004667036
215 0.32892509439654355
216 -0.035485624042825736
217 -0.0675444863839394
218 0.26392377780712456
219 -0.39277078367248613
220 0.1220406782835704
221 0.21744796909570585
222 -0.0046547107890065765
223 -0.19790271992645783
224 0.14030547037736352
225 -0.09440912573728942
226 0.06038674074358409
227 0.28570158010028046
228 0.2664214866203643
229 0.10039392213189063
230 0.009625116696161623
231 -0.0188890921244145
232 0.025996924427976915
233 -0.10381547085977888
234 0.15064019052659616
235 0.029210886315850632
236 -0.017766400173797006
237 -0.1000522029088572
238 -0.10157922165126816
239 -0.09954149311633317
240 0.2012533035603109
241 0.10523195174916569
242 0.09116850563066736
243 0.25392770588262165
244 -0.19064726690732756
245 -0.4235131619286677
246 0.16018858005539685
247 0.1469284697348226
248 -0.03782091383131121
249 0.0629731270763789
250 -0.12115362402688175
251 0.10257343543348325
252 0.0015068434187616286
253 -0.23891580320201286
254 -0.1518055214532364
255 -0.09722691495187973
256 -0.12880754112180773
257 -0.018366416254945717
258 -0.3035187578414999
259 -0.46005112224283884
260 -0.3470222709383154
261 0.18019395486112522
262 -0.05964333948617361
263 -0.33541657541220926
264 0.17526168951601245
265 0.13926910138466592
266 0.007315813086836884
267 0.14917493352981245
268 0.05818716123256362
269 -0.04253178504005998
270 0.026585676764714062
271 0.06763617198732205
272 -0.025240429907016162
273 -0.011030598474445544
274 0.03313331548636082
275 -0.0018896006333378149
276 0.0183649335351435
277 0.07135691615404764
278 0.10357029001734074
279 -0.0016564907305339099
280 0.09747728550597037
281 0.03374141970654462
282 0.004196050623808238
283 -0.06435406757501681
284 0.34554499062945715
285 -0.14360412594490551
286 0.05506305113407936
287 -0.06552489904262547
288 -0.03545868829292862
289 -0.032443614934174164
290 -0.018341100850536432
291 0.010176539454082258
292 0.02910745325484991
293 -0.023800092032997634
294 -0.03642205174830593
295 -0.04766459348501667
296 0.010598916747883389
297 -0.010326886284257422
298 0.005276784715510417
299 -0.008908456723836507
300 0.025505654012690192
301 -0.021429303659090314
302 -0.014891600398994181
303 -0.04177044228582236
304 0.0341954085608071
305 -0.01310496045179649
306 0.08005794663541216
307 0.030970952025416356
308 0.05215563562824564
309 0.11111214791208844
310 0.1542402538689035
311 0.049052385398417525
312 -0.013171544297253302
313 -0.08391705599709247
314 0.06342610301815331
315 -0.20069487908470288
316 0.2702190559397187
317 0.10015868898477628
318 0.01139400298253215
319 0.08347753967105111
320 -0.011529538825162724
321 -0.13982725574288568
322 -0.0904772933388543
323 -0.28636867785187453
324 0.029747615251447573
325 -0.07598522972269794
326 0.2255828844267871
327 0.06923465954908349
328 0.030922838940278946
329 0.16996540623469933
330 0.17271364336656148
331 0.3617261982074286
332 0.2552334836328596
333 0.3513933136714423
334 -0.3214854478897979
335 -0.4359148858992096
336 -0.4214639902954834
337 0.21627509614937382
338 -0.34456858674824153
339 -0.11299915857569022
340 0.05501816059442318
341 0.10748087456219355
342 -0.29377394277414143
343 0.04021568932838886
344 -0.11711290002079723
345 -0.02589503721557623
346 0.12163824067977241
347 0.03256891687898883
348 -0.04985358249120957
349 -0.12054353965537398
350 0.048406689122936
351 -0.19671518743298466
352 -0.4134215729954239
353 -0.35127003002758533
354 0.3129546457011597
355 -0.013805957020403707
356 -0.05795586258932652
357 -0.24519125016911222
358 0.09643265949600978
359 0.09831718569696805
360 -0.09408338691209713
361 0.08891011778291541
362 0.4037441093599118
363 0.30821746963118546
364 0.09824187563269632
365 -0.2581436295003459
366 0.06798394095266978
367 0.07177100231136214
368 0.07254482130044727
369 -0.30883962658506303
370 -0.08408109727155862
371 -0.3223995543104125
372 -0.2868544033731138
373 -0.17903315144667106
374 0.14882308558703544
375 -0.10042220452479074
376 0.004375563491169842
377 -0.16540194971125985
378 -0.050890861017118996
379 -0.06603895222075089
380 0.32769866419495536
381 -0.3216036826571466
382 0.5253441754834999
383 0.08325621365503438
384 -0.009033166375044598
385 -0.0853362092463613
386 -0.0534655299171354
387 0.11918988990051234
388 0.07348715976596472
389 0.4091375319245716
390 0.5045431604714607
391 0.2973061641861047
392 -0.276414910843119
393 0.03194272035811043
394 0.00935618986518368
395 0.12385807759712893
396 -0.019148848439306445
397 -0.027690905676601853
398 0.022924208008234585
399 0.060297601162493344
400 0.17878882276022284
401 0.05150860723093083
402 -0.021889875263006394
403 -0.07582451402159257
404 -0.00978858201358782
405 -0.06801565956186553
406 0.09867344185969888
407 0.01771235590128056
408 0.13924171084199782
409 0.025925565927224288
410 -0.06704000357115707
411 0.0655578197484324
412 0.04250586614226366
413 0.04361368846848836
414 0.02758882799965516
415 0.059906856079977686
416 -0.14775265237466087
417 -0.14278191645705313
418 -0.0588339487206988
419 -0.0646526656555489
420 -0.2010294983501677
421 0.11633812789250313
422 0.044397278787127216
423 0.18169296851595304
424 0.11840567897863573
425 -0.0016323991524376858
426 0.04725998591353526
427 -0.003066813451832313
428 -0.07073676636483732
429 -0.05098050237726231
430 0.192623947225945
431 0.3694652325517706
432 0.04806974603054738
433 -0.14587938240654721
434 -0.17234914333947576
435 0.15979932168293087
436 0.08207439875035327
437 -0.03182149792985155
438 0.09663888642866347
439 0.035923873065720105
440 -0.05036588626864154
441 0.012312599339636817
442 0.009259625616213418
443 0.06963417073686175
444 0.043891008167049876
445 0.05125308914853454
446 -0.057170891699133614
447 0.05632060243643914
448 -0.15118084163588535
449 -0.21973205099807386
450 0.004338797766336484
451 -0.03768844305365798
452 0.046979485942968136
453 -0.1284115464132272
454 -0.15532454617792738
455 -0.04090582728034622
456 0.10403013442502745
457 -0.009037240406590668
458 -0.03881609699561071
459 0.0057442213592673284
460 0.00017024578568344953
461 0.07285103560693104
462 -0.0296058457909784
463 -0.04316260833174241
464 -0.058365234447126414
465 0.08006395400669886
466 0.3069090246270225
467 -0.010118825640490707
468 -0.057279857186144346
469 0.04007670435038955
470 -0.07443125626731341
471 -0.03661577744902858
472 0.07940072206697456
473 -0.03376114705402273
474 -0.16532889911434334
475 -0.03222148965870267
476 0.13925926095432312
477 0.03276981231218406
478 -0.06382199806263907
479 -0.006161394639426336
480 -0.07114657783906915
481 -0.2267522600979495
482 -0.025851786174183822
483 0.037110356157301946
484 0.06057785344969078
485 0.03634023086949746
486 -0.08862913066456911
487 0.020791538381622024
488 0.05358730815400103
489 -0.03320964156036317
490 -0.01926522917740392
491 0.1140293054304356
492 -0.019508977211017388
493 -0.03937842148193429
494 0.053190111985226454
495 -0.25617819387562235
496 -0.19574331773444098
497 -0.3091844422052501
498 0.052546789981955506
499 0.09781939329599697
500 -0.0300032491819888
501 0.013931320459352423
502 -0.01862858617811961
503 0.0065328712145377955
504 -0.021905114017313827
505 -0.06992476001957847
506 0.11599083372594643
507 0.03405105346094618
508 -0.08367327283213126
509 -0.032743336761291694
510 0.12503939972997002
511 0.02544061357714919
512 -0.06905618926736554
513 -0.07907705322436756
514 -0.32559914479438146
515 -0.1458493785060563
516 -0.3083661328799453
517 -0.32433269099469975
518 -0.10387468057251008
519 0.003868473433192896
520 0.08441753602325125
521 -0.10370193635668452
522 0.19562181868629785
523 0.3024081618168932
524 0.194996692308908
525 -0.22625912566919926
526 -0.37979275602036905
527 0.2832008656737809
528 -0.1948247333338533
529 0.26933104318778556
530 -0.42695051909336035
531 0.06601356432996443
532 -0.13618572764853998
533 0.21902366061934575
534 0.06201473338354079
535 0.05113956356975781
536 0.06734112572574753
537 0.07133189265236015
538 -0.03563172245756226
539 0.010832003379386872
540 -0.022095616660056605
541 -0.04254435197056374
542 -0.10128910711740874
543 -0.07144373432561384
544 -0.14908229819812854
545 0.12594644122963763
546 -0.47042782302028413
547 -0.24495131137736836
548 0.07562017455718574
549 0.047460210855787825
550 0.05082749582363209
551 -0.15816219064751355
552 -0.0369859507171376
553 0.02918925766924288
554 -0.022169847609948983
555 -0.26211948261632007
556 -0.08827040084319994
557 0.09976113821792272
558 -0.215220350778256
559 -0.2709919654798687
560 0.33550480997909143
561 0.06793681045232515
562 0.09867772001457857
563 0.14436382739113826
564 -0.07400189397100096
565 0.24117548656678328
566 -0.02730455321640687
567 -0.36808345966609674
568 -0.15094177814943346
569 -0.35791497754854945
570 0.48752893266649727
571 0.12433995208981781
572 -0.33505566645619994
573 -0.33680494553676066
574 0.1683965127781327
575 0.035808259827175996
576 0.0881188528780883
577 0.1312421845450281
578 0.012916081770953112
579 0.09424213517900228
580 0.041122553237818125
581 0.13789951471182296
582 0.016010889963028883
583 -0.07548716935546756
584 0.022121275699099833
585 0.06130760216906425
586 -0.056376728321206084
587 0.0601081453628612
588 0.15390180973523473
589 -0.0914363144108387
590 -0.13045423797484573
591 0.13729395917224146
592 -0.2071398344444697
593 0.1512596052540319
594 0.21660747401487315
595 -0.18823636713593903
596 -0.05397034690612774
597 -0.08059742730351817
598 -0.0338482470009778
599 0.1383600439331417
600 -0.481589834155636
601 -0.5355230768385733
602 -0.07548976291041769
603 0.36200749495324935
604 0.2885969223374647
605 -0.34901406459104084
606 0.3438467068115927
607 0.2602101713201304
608 -0.13047867197403112
609 0.09760097293363362
610 0.062466184747995306
611 -0.023219168305519972
612 0.018474052257093358
613 0.20146954294513297
614 -0.6152904747024598
615 0.10410452054980784
616 -0.1003917841811837
617 -0.06698519055561562
618 0.03269202356621659
619 0.005791849648394693
620 0.17361763938010102
621 0.1986283346891714
622 -0.21123978764974963
623 0.17048284258477103
624 0.0825024991539822
625 0.19117531204894453
626 0.23847190254771708
627 -0.13575254212804153
628 -0.04872034371516619
629 0.21496716121889223
630 0.15080408530443545
631 -0.05165655855269012
632 0.14132068281676435
633 0.20073463767045216
634 -0.133018394635104
635 0.1043775757227028
636 0.10305532059148177
637 0.201812544185095
638 0.12417639308582204
639 0.16925074703270868
640 -0.06599738720693618
641 0.16886309031050398
642 -0.1653167162624115
643 -0.07846263915539496
644 -0.00745960810467105
645 0.06807302941159858
646 -0.18861718251713797
647 -0.20968230738912944
648 0.06117252630246446
649 0.01802286247490014
650 0.03840401204828939
651 0.14574035880430022
652 0.08369766271862954
653 0.05108770372109853
654 -0.04207263683642218
655 0.06875249824041219
656 0.1281127143422456
657 -0.0705356726861663
658 -0.05718022376396299
659 0.008503015637282016
660 0.13816768753973463
661 0.002749834824429715
662 0.011572598860439242
663 0.049158740079765284
664 0.02843139514111064
665 0.008815972674454758
666 0.09293026030917134
667 -0.015091360215115781
668 0.12115928410056617
669 -0.01628872791410567
670 -0.025427254375401463
671 0.010889649677289694
672 0.020594791192638004
673 -0.03195425657665256
674 0.020308376573653666
675 0.19443119358204144
676 -0.11693534402968483
677 0.13836377228212685
678 -0.007518235419033228
679 -0.0919411945998845
680 0.2739181750560503
681 0.0964933513409078
682 0.03128761655408902
683 0.19523295308874541
684 0.10323130121080526
685 0.1879878101025865
686 -0.03429606999406648
687 0.15932178497096658
688 -0.11004569655326864
689 0.09613604374267196
690 -0.09593177332698986
691 0.09995976919198642
692 -0.10804183660483778
693 0.17921959711505042
694 -0.13780412747232706
695 0.008732435100191971
696 -0.0037806862879764054
697 -0.007558738526285948
698 0.03510957021185352
699 0.01147364315515591
700 -0.031183137735580492
701 -0.017830691100397544
702 -0.01697671144139337
703 0.05038630643691633
704 0.0322442365861227
705 -0.07729000340058644
706 0.044927753782749415
707 0.14638934156936312
708 0.25834304293125254
709 -0.16011619672052269
710 0.06038015464153285
711 -0.0801986958103249
712 -0.09851399406718514
713 0.15773002986882112
714 -0.05439267070914685
715 0.24112319552240005
716 -0.14475336753348436
717 -0.357710322921657
718 -0.2552491651937308
719 -0.2580374217401303
720 -0.22763620476646002
721 0.046604987526635146
722 -0.06220577386671042
723 -0.22787447632929364
724 -0.11512234660938792
725 -0.1994994306325489
726 0.09345688076627423
727 0.06164335322777589
728 -0.07936346410047677
729 0.026328440026904657
730 -0.03933695003280878
731 0.020420265944137928
732 0.0058084015643923275
733 -0.023162644691662723
734 -0.019329492962795024
735 -0.11226146400571954
736 -0.027015257000389786
737 -0.07505804489013986
738 0.014594454180897755
739 -0.04903726180766118
740 -0.01157376204957056
741 0.07540724840295514
742 -0.04479693338133849
743 -0.02664372697453076
744 0.0626138801618401
745 -0.1485671952361047
746 0.10573469792212836
747 -0.02724122749272179
748 -0.0021032607910860582
749 0.0190268578610513
750 -0.008154182741592677
751 -0.05167854681381007
752 -0.06666471239701431
753 0.006909153994377627
754 0.02145492932367983
755 -0.08992566959049841
756 0.02789729859872244
757 0.04378344460811385
758 0.13561748234205537
759 0.3417984164238076
760 -0.033807722643772416
761 0.033020107770820976
762 0.08254734242497042
763 -0.0391688417885007
764 -0.029193942595950272
765 0.011961345367123519
766 -0.008137159790395216
767 -0.01993928038187232
768 0.08448499005594712
769 0.03259990223800878
770 0.0018325229250230196
771 -0.025663281916926274
772 -0.03410392267356157
773 -0.014868566205934712
774 -0.019725602035299113
775 0.006152977306104789
776 -0.0011644988996904674
777 0.04394072217924534
778 -0.042976762971061906
779 0.017249612072051418
780 -0.05614262131694724
781 0.18216038855562955
782 -0.18357271667748726
783 0.1196291253262321
784 -0.03735540318209916
785 -0.02165555131227981
786 -0.006606716901775536
787 0.1029608272472493
788 0.04856791320352678
789 -0.019572012482502114
790 -0.09184162859973227
791 -0.11674239419713002
792 0.18174211556751257
793 0.030093296477894077
794 0.0028295087632402177
795 0.15529482674399156
796 -0.06652166401888772
797 0.06646331191658149
798 0.07069608175666088
799 0.09405581489734494
800 0.1116818252555757
801 -0.08254788173016173
802 0.02928979691654032
803 -0.04104880537163977
804 0.19143666574907797
805 -0.03701883444953422
806 0.3338728856165959
807 0.07827757976896285
808 -0.11789755542683415
809 -0.0010184435823578657
810 0.020686937237140213
811 0.1011470148851551
812 0.4168481634444181
813 0.17808502904823315
814 0.47765791775610267
815 0.5324840523373183
816 -0.2882214326277769
817 -0.0364623027928004
818 0.0013625515219356555
819 0.04494448021270653
820 0.05915883719954591
821 -0.04566921057841271
822 -0.054847600308358696
823 -0.2552936524962974
824 0.06651900112442735
825 -0.09520439568954932
826 -0.0858825020334616
827 -0.2689857997669652
828 0.09902648748701438
829 0.12267733083452778
830 0.20356597807621007
831 -0.11731143639944894
832 -0.11080200080628612
833 0.06946030456396884
834 -0.24076778508215593
835 -0.28861381484546783
836 -0.3269701490261351
837 0.6011932740422841
838 0.2439268072627846
839 -0.020436374090900225
840 0.6627136721134221
841 0.12230428002342646
842 0.23395998479520105
843 -0.0013837215727127918
844 -0.03476819411209764
845 0.30961811113371857
846 0.15678419441417007
847 0.3663175746380087
848 -0.4057927971520906
849 0.011323126860237091
850 0.08483021824432721
851 0.4028816858228213
852 0.07947362291778445
853 0.15887665041696059
854 0.006634411852466319
855 0.09544515457185258
856 0.0815574513967476
857 -0.0534063073247506
858 0.012687269013256555
859 -0.038386090404943445
860 0.01109973917117848
861 0.022578198046172046
862 0.017138369400775053
863 0.013975104495888638
864 -0.008861323841730651
865 0.0684460803248427
866 -0.030118959025311757
867 0.02653517212076067
868 0.015805306974215953
869 0.005392265401650911
870 0.024646457238149844
871 0.078557400545973
872 0.0068399227275752605
873 -0.004927231243934686
874 0.03928096692745112
875 -0.11227246995330777
876 -0.01672684612623436
877 -0.06980026397362131
878 0.08334614550640794
879 -0.0006608881938773076
880 0.01457089969816419
881 -0.09709647803530248
882 0.04432545704720708
883 -0.14457456612002106
884 -0.223262046138561
885 -0.23009142544154906
886 0.27375908357383577
887 0.06899575905136787
888 0.4035559839164919
889 0.37455177808961954
890 0.2928778770379803
891 -0.3120984412137393
892 -0.2783441416389467
893 -0.029780702116118732
894 0.28882651932183634
895 -0.31375312019707996
896 0.4618539039764515
897 0.142181997009122
898 -0.02156100823638813
899 0.037058756007847374
900 0.08010547394494731
901 -0.05681903189191838
902 0.044398958850701116
903 -0.019779411398223628
904 0.13464697918628146
905 -0.09794770689116579
906 0.035676053630096974
907 0.03331370229816934
908 -0.002421957815545466
909 0.10020697607529026
910 -0.1486616325629141
911 0.09972363246857008
912 0.008642050284045858
913 0.08707228195521442
914 0.089181395657005
915 -0.034153541042436335
916 -0.06360656163060152
917 0.07033578136763596
918 0.04007297501300055
919 0.0031005663786564264
920 0.037880150317646695
921 0.022904965447960758
922 0.009085832653089206
923 -0.0279999536097319
924 0.02779969465630696
925 -0.007805443408327804
926 -0.0025473717485472213
927 0.0032039038150537716
928 -0.01301323166363173
929 -0.005598042068600675
930 0.004041576385423135
931 0.043482415047033075
932 0.05722717604089963
933 -0.07634338715919095
934 0.028940934434233127
935 0.012378420773961736
936 -0.008962735125880679
937 -0.02070030914216772
938 -0.04849929703291827
939 -0.03884128805749919
940 0.003689355844633944
941 0.0331753449400323
942 0.015137792886227018
943 -0.154005352939287
944 -0.09095863130807731
945 -0.12774156308045193
946 0.0487526277066931
947 -0.10774134923024714
948 -0.03646929908644788
949 0.15749337103313463
950 -0.023942764861504037
951 -0.02500957575396293
952 -0.057708916972465704
953 -0.008855270016501656
954 0.02193025718450515
955 0.019515459918269376
956 0.0028017591048604728
957 0.008050577602865495
958 0.008093195988647578
959 -0.01780475974075948
960 -0.011342869283304316
961 0.03216618020133503
962 -0.05885419807040154
963 -0.014637259352054973
964 0.026705524351166954
965 0.046392705282240786
966 -0.00927279608103616
967 -0.03759573073953887
968 -0.11873951282520047
969 0.09477095781687757
970 0.09172521158277247
971 0.1537446511617586
972 -0.00120251601191927
973 -0.05387504796781874
974 -0.014230380105822239
975 -0.1257266328032053
976 -0.09310759035607158
977 0.007310674017302291
978 -0.03237624201270632
979 -0.04847912323612206
980 0.1048439628226973
981 0.09666161285446787
982 0.05275456645824596
983 0.24996657540223535
984 -0.25612193126544924
985 0.07506582510989904
986 -0.029985147538185045
987 -0.007023298567549053
988 -0.05646490513009501
989 0.014283577438050648
990 0.025379551602890144
991 0.020245931402686112
992 -0.04249959794073428
993 0.018953543162278725
994 0.013392936940403026
995 0.000318548782697682
996 -0.01876130799132162
997 -0.03080234436576732
998 0.034378679744878106
999 0.04300288095076911
1000 0.07293966328163674
1001 0.02350125157490167
1002 -0.0003870676600870644
1003 0.011590185409504346
1004 -0.04289410543857405
1005 -0.022810705035411275
1006 0.02219258694686201
1007 -0.02681561731327949
1008 -0.0027261205364674827
1009 0.008231400297453012
1010 0.012431710594614872
1011 0.04264362034480825
1012 0.03527461243784925
1013 0.026611207673248562
1014 0.014034069363093921
1015 -0.03204213926610303
1016 0.01771749698239445
1017 -0.014470180027894193
1018 0.0011466944928885643
1019 -0.024974158913434935
1020 0.027939241534166485
1021 -0.005475763228967246
1022 0.037556808119449094
1023 0.03187495741792757
1024 -0.006733253466094052
1025 0.007635189901185345
1026 0.05572071899115639
1027 0.15673810945092478
1028 -0.01018538664744697
1029 0.09348014380190267
1030 -0.07806271016576687
1031 -0.30853471977009905
1032 -0.5577280858759385
1033 0.22465067620576712
1034 0.2570420056608912
1035 0.45190703317511693
1036 0.01189838217511854
1037 0.13291311314712437
1038 0.2642591868765069
1039 0.09738851929619508
1040 -0.27751479857686195
1041 -0.08015138966077778
1042 -0.17285016762908417
1043 -0.07868238717144907
1044 0.2429462958780808
1045 -0.2622050772014316
1046 0.28955376231860497
1047 0.2662577112102939
1048 -0.22528176742419737
1049 0.12164376104276904
1050 0.0619745147374427
1051 0.07845740354576737
1052 0.01914849684436275
1053 0.05280369186557712
1054 -0.17240795508230308
1055 -0.07515832436415058
1056 0.02205262152772922
1057 -0.11573026008891846
1058 -0.08766942928537787
1059 0.05694566631545023
1060 -0.04104974068614185
1061 0.1620770681067251
1062 -0.1545078232246944
1063 0.10151120643503954
1064 -0.1179369203349227
1065 -0.07493610941744491
1066 0.10878552915152051
1067 0.057743212748963726
1068 -0.016671861841460058
1069 0.0021005974203995555
1070 -0.029058285073105768
1071 0.08345928813605664
1072 -0.15078039397126716
1073 0.15816276848316677
1074 -0.015188166976896674
1075 0.11113697738689093
1076 0.13705103850660877
1077 -0.13559517242886288
1078 -0.1597822685098211
1079 -0.0748012846672081
1080 0.028201737816837682
1081 -0.07542127841764465
1082 0.07838847825292208
1083 -0.12645823223458572
1084 -0.08570021935093187
1085 0.12008443965977281
1086 -0.11997082628563195
1087 -0.05107423842050719
1088 0.03527284220144993
1089 0.003274404128924943
1090 0.0622949047600965
1091 -0.09239874107071509
1092 0.053698486910272306
1093 0.08395305297863827
1094 0.1875649897338432
1095 -0.026852078145848456
1096 0.09428184607857784
1097 0.3635552501262958
1098 0.21386459290818877
1099 -0.05831785467336538
1100 -0.1371679256542011
1101 -0.15110252379787956
1102 -0.14967402380896705
1103 0.004312957407037215
1104 -0.06924415047640928
1105 -0.12925197200867197
1106 -0.07476558381689392
1107 0.004781463393817023
1108 0.06499195897456499
1109 0.027927975748955187
1110 0.0028360472945002033
1111 0.12227738979218274
1112 -0.04947724587526803
1113 0.11020436994754104
1114 -0.0028847511738433846
1115 -0.003209587289011152
1116 0.3384010248205382
1117 0.020153645742226802
1118 -0.1357931947792992
1119 0.18336139169298404
1120 0.09433444275266852
1121 0.2213420215425104
1122 -0.15872259704987696
1123 0.12954812904670973
1124 -0.013585575495111914
1125 0.08718467028788698
1126 -0.029898581966117527
1127 0.04372707548855563
1128 -0.09326202523504391
1129 0.006622477234121631
1130 0.002280848364052202
1131 -0.08846708486255393
1132 0.03495936641003818
1133 -0.2851838552284509
1134 0.27947564270320213
1135 -0.007866055780539328
1136 -0.09087686154682485
1137 0.03016559242815049
1138 -0.2444611380762726
1139 0.43682786489020137
1140 0.09178195243571147
1141 -0.08929597423389646
1142 0.07117072065033657
1143 -0.0013906037866986078
1144 -0.10351963161409158
1145 0.017833223808425294
1146 -0.022227123915155335
1147 -0.023647433602293134
1148 0.04031464415727358
1149 0.02562217798117444
1150 0.015520996579689753
1151 -0.12451897119922088
1152 -0.048329001858736426
1153 -0.11154765985571671
1154 -0.05948625163338884
1155 0.06768610841913118
1156 -0.10301472323755965
1157 -0.13328887202277667
1158 0.2648623533300845
1159 0.008622387725367626
1160 0.0510092223104624
1161 0.3196526579330843
1162 -0.0468357068967456
1163 0.26237854498820273
1164 -0.1351612282624104
1165 -0.2988052244911931
1166 -0.10444957930733237
1167 0.24311383973224096
1168 -0.21833158631354485
1169 -0.07152649335128704
1170 0.08214766233068073
1171 -0.13853224338381162
1172 -0.05830727971429826
1173 -0.0034375801788570893
1174 0.04582718091226708
1175 -0.08717949951679034
1176 0.10250944685084094
1177 -0.014354105622128228
1178 0.006845747866058443
1179 -0.0009095941175650567
1180 -0.11847488566742657
1181 0.057664114513821
1182 0.07304793612929612
1183 -0.15512129141542766
1184 -0.2084284153664012
1185 -0.09873584606442734
1186 -0.038594197005446515
1187 -0.00844939653051734
1188 -0.07135981723815704
1189 -0.06891494457284977
1190 0.16443723082702738
1191 -0.020176307949931874
1192 0.1395392196509982
1193 -0.2023931985526147
1194 -0.11412369498970157
1195 -0.0001678261281649302
1196 0.05554909985664915
1197 0.018053674775745345
1198 0.03437785041338308
1199 -0.00043893520139774624
1200 -0.0332311870916191
1201 -0.03098580260963503
1202 0.044119412264159816
1203 -0.06371610881127794
1204 -0.03865661661895506
1205 0.007986774342510182
1206 -0.145169289074507
1207 0.06654284245337135
1208 -0.03333545168312093
1209 -0.11818345938352161
1210 0.09313523501721442
1211 0.03548470134615132
1212 -0.24721416448320932
1213 -0.09953415954006989
1214 -0.2969581421674089
1215 -0.22411936358940088
1216 0.0837363763731604
1217 -0.30684452619117925
1218 0.09326622429799938
1219 -0.12293263607691365
1220 -0.1937641422862928
1221 -0.14252909168790928
1222 -0.03933364102650887
1223 -0.13865444137559693
1224 -0.22221644218343622
1225 0.18760252704077904
1226 -0.0963237739220683
1227 0.22755617406447454
1228 -0.033892428039104035
1229 -0.09450843688384084
1230 -0.005847926992929775
1231 -0.01705275644601888
1232 0.02966132933714549
1233 -0.008542105475457024
1234 0.04029841763886953
1235 -0.02258549103289761
1236 -0.011202465667436014
1237 0.05338786287781359
1238 -0.029509433084761737
1239 0.04234253782965642
1240 -0.14431604559327338
1241 -0.052937706077899466
1242 0.186253570331343
1243 -0.2312735891613351
1244 -0.24350468821995516
1245 -0.09552996306191776
1246 0.10061074249500591
1247 0.12495659760748054
1248 -0.07944879952830274
1249 0.07737126197905662
1250 -0.022083493768801025
1251 -0.01602791181772111
1252 -0.030128000469075013
1253 -0.007144044903497262
1254 -0.05196974255125627
1255 0.060606233076547125
1256 0.0416704298851107
1257 0.024683747508708956
1258 0.04819513955558286
1259 0.06257346828984206
1260 -0.10909367304380382
1261 0.08474960938825964
1262 0.021237171611761665
1263 0.030878213364582907
1264 -0.11365975074219783
1265 0.012063390921417907
1266 0.07806761543647515
1267 0.18570688466445423
1268 0.4654519762540156
1269 -0.4497204329529935
1270 -0.03738016845012551
1271 -0.07550977273623555
1272 -0.20846605036687785
1273 0.12535296986270103
1274 -0.05224792925272692
1275 -0.16008299583315852
1276 -0.07057551378230445
1277 -0.04924195094526191
1278 -0.07471582465193763
1279 -0.13102951988732603
1280 0.11076864649730468
1281 0.19282107131831647
1282 0.43836019254956116
1283 -0.375819497725247
1284 -0.2325401386527695
1285 0.15208392696560463
1286 0.2094158542668646
1287 0.0908133389405666
1288 -0.422354351749453
1289 0.537927467756007
1290 -0.0011081915148195133
1291 0.14087838153223822
1292 -0.41286832276699664
1293 0.04667991235494036
1294 -0.09909553478401781
1295 0.13827690931365233
1296 -0.006337392715603064
1297 -0.036499120715386676
1298 0.16519290542368306
1299 0.09894021603654514
1300 -0.12069123121636917
1301 0.38967330349022017
1302 -0.11376984749274821
1303 0.07320311128157284
1304 0.08569025390117989
1305 0.015482489319056847
1306 -0.22972298861355375
1307 0.004833619114354462
1308 -0.010662533541583457
1309 0.052578758205836136
1310 -0.07559729709992216
1311 -0.07202546833814508
1312 0.09167888139639135
1313 0.0015736625709371743
1314 0.0015578231349795354
1315 -0.042540534236706215
1316 0.04300499657317497
1317 0.06672449344689535
1318 0.11518186469353243
1319 -0.026616236973075774
1320 0.01548121232016075
1321 -0.0655464429860005
1322 -0.11423073559761335
1323 0.05858578141718368
1324 0.04564349819557852
1325 -0.6149565036435976
1326 -0.22756877937706785
1327 -0.2796049195776905
1328 -0.2655005981553053
1329 -0.13598664673514452
1330 0.3541289851720896
1331 -0.08680326260793099
1332 0.049406823437848774
1333 0.023474326919830014
1334 0.1758173376017176
1335 0.04882498928988953
1336 0.06930612811121079
1337 0.011865431352947979
1338 0.026402010320883733
1339 0.003385949359005393
1340 0.01392086145006902
1341 -0.06296048652215046
1342 -0.03473741006962656
1343 -0.012585248217558421
1344 -0.06411350381103674
1345 0.0032832958455064815
1346 0.0411345730558316
1347 -0.025245548187335314
1348 0.04860968014147315
1349 -0.029071490593564064
1350 0.06703111240585506
1351 -0.0032295901979472502
1352 0.05987020348991105
1353 0.055081490734523085
1354 0.12066894302783393
1355 -0.27008165267135237
1356 -0.03166991745251381
1357 0.16933508226094848
1358 -0.3094556352068383
1359 -0.31801753960865353
1360 -0.1542449741829616
1361 -0.1884851772562171
1362 0.3393376695040189
1363 -0.21021366147229775
1364 0.2591363734532487
1365 -0.16169780931893246
1366 0.1606226728279087
1367 0.2833874957606552
1368 -0.16476206546365701
1369 -0.11069745575789536
1370 -0.00048054035241452535
1371 -0.025841302757647334
1372 -0.023730011777975065
1373 0.11060736515476396
1374 0.1175792439938527
1375 0.02874832806036357
1376 0.056117808803131074
1377 -0.01659349288435203
1378 0.03410023371136049
1379 0.06466580556859547
1380 0.0650331039553204
1381 0.03002886495315948
1382 -0.03836980420625578
1383 0.07572038019727341
1384 0.017564118836413536
1385 0.024127399484462107
1386 0.02138772975939148
1387 -0.1104227945109542
1388 0.00685654623549765
1389 -0.07229765542749791
1390 -0.10163761141968444
1391 0.0069342783427987185
1392 0.0584007983885102
1393 0.03248289705555438
1394 -0.0015154830188148858
1395 0.19045623950254556
1396 0.20737460501165575
1397 -0.05014341463695621
1398 -0.03962340415434094
1399 0.06873815730441427
1400 0.18586933064218225
1401 -0.0747781219357985
1402 -0.05152513488994583
1403 -0.13115543706007976
1404 0.04875535301253223
1405 -0.1166844810720344
1406 -0.36674329738573924
1407 -0.07620194667273453
1408 -0.05267408761221912
1409 -0.02492932193704542
1410 -0.08662880956602058
1411 -0.15454382137247616
1412 0.1373247068043045
1413 0.025557085392198142
1414 -0.029793452470190423
1415 0.06910295505711929
1416 0.012736177918294074
1417 0.10510228262750093
1418 -0.036140954637811605
1419 0.06195726570177327
1420 -0.03416175299731704
1421 -0.033152476941020415
1422 0.013510417792742853
1423 0.06109699676177463
1424 0.11886770056675464
1425 -0.05219216962145201
1426 0.1514928416823862
1427 0.055974928352530505
1428 0.027636591294706515
1429 -0.02373871765888092
1430 0.3679897079410964
1431 -0.20823615046536248
1432 -0.07168573942169133
1433 0.12610942746802467
1434 0.10651815429308042
1435 -0.004520989755180311
1436 0.0067463184108168435
1437 -0.14048970615587408
1438 -0.07760420452667462
1439 -0.03608828542247505
1440 0.12116111707539745
1441 0.016406828768155513
1442 -0.24426554312246423
1443 0.024789923929636495
1444 -0.017717344405335272
1445 -0.03909489105104742
1446 0.026586759167779757
1447 0.041343417671210046
1448 0.03210398757733992
1449 -0.05921252309365472
1450 0.07071380310238795
1451 -0.05821944898204763
1452 0.0832252682917901
1453 0.08683347156585698
1454 0.032828336711119205
1455 0.11573436940735332
1456 0.15004257456676204
1457 0.05408366489721309
1458 0.06958282631904036
1459 -0.060238707719243174
1460 0.040560227143799435
1461 -0.29304023859111666
1462 0.35469464524540856
1463 0.13567411945927227
1464 -0.0356234734836727
1465 -0.12126710377730118
1466 0.054393320083756504
1467 0.013535291460941859
1468 0.02941978748969077
1469 -0.3958482990616701
1470 0.05436711763458509
1471 -0.08422839747435294
1472 -0.003933131873975009
1473 0.002014488428914908
1474 0.2586263321623209
1475 -0.37277640182266697
1476 0.22142238906945064
1477 0.5447916871153102
1478 0.523720441213848
1479 -0.26023600526976204
1480 0.32254260775455457
1481 0.21484542689722322
1482 0.051994591643610845
1483 -0.04831119138114643
1484 0.05279990707656201
1485 -0.08342562430963298
1486 -0.045233240693034235
1487 0.009206576165816101
1488 -0.12770816229886384
1489 0.07233162028450682
1490 -0.04165673930476392
1491 -0.06606076442954079
1492 0.25227318243013175
1493 0.2186870921949825
1494 -0.09430076083855574
1495 -0.00838367207451862
1496 -0.029236237107491132
1497 -0.1217408093885004
1498 -0.34749375317427833
1499 -0.41652881929487884
1500 0.2030603774778198
1501 0.07803783477532401
1502 -0.1490661602413391
1503 0.037654233192082685
1504 0.14423920847804816
1505 0.0994502306551948
1506 0.046867121950336314
1507 0.017906712132242274
1508 0.03059344628239764
1509 0.2253424331817927
1510 0.14030900551855657
1511 -0.037184160719042854
1512 0.06823757246059996
1513 -0.016146622208766406
1514 -0.003957442430643212
1515 0.10061855190302121
1516 0.041859498556369966
1517 0.03508209415529833
1518 0.05884161258688636
1519 0.020066648892789106
1520 0.0953782770651707
1521 -0.040518706158222687
1522 -0.08420644070117592
1523 0.031426579473723994
1524 0.021521473121127423
1525 0.005878110497932594
1526 -0.02320662183880454
1527 0.02653621705634292
1528 0.0455434749569899
1529 0.09198468045491631
1530 -0.08343826559400624
1531 -0.10316097624009955
1532 -0.055522088468093415
1533 0.0648819206332411
1534 0.003847339605717563
1535 -0.18906058126902714
1536 0.022060073710875934
1537 -0.06363402727500782
1538 -0.10654456819764421
1539 -0.04124696107647817
1540 -0.2450406571606261
1541 -0.273629512357356
1542 0.008034655594867662
1543 -0.06268565059303902
1544 -0.08394694442354685
1545 0.02821489043572657
1546 0.16397029539585767
1547 0.049867397863863856
1548 -0.0108514753525774
1549 0.10162654506676229
1550 -0.06634510964227536
1551 -0.2649044230494217
1552 -0.025515670319633237
1553 -0.02479126827771142
1554 0.0889354194057933
1555 0.018802085119317538
1556 0.062160482946598296
1557 -0.01161184686001248
1558 -0.002074831104577014
1559 0.008671824358482034
1560 0.023736993001854403
1561 0.07035498808411647
1562 -0.027872511706195837
1563 -0.04168766095889139
1564 0.004018404504325751
1565 0.0209758932589411
1566 -0.14332326770068787
1567 0.12627720761343567
1568 -0.010059200757039503
1569 0.23837708053602363
1570 0.24147211140077682
1571 0.045079385197029705
1572 0.012784392325107691
1573 -0.12021578163043842
1574 -0.14549819272564993
1575 -0.03209880648174561
1576 0.01793192087797304
1577 -0.08109080212102193
1578 0.02352159627636152
1579 0.024261697601105733
1580 -0.11546567389184698
1581 0.20389990659428947
1582 0.10243615095730889
1583 -0.08324972950224023
1584 0.12754035605924424
1585 0.07730545659650205
1586 0.012296473378571541
1587 0.08408098482494154
1588 -0.07896196020731301
1589 0.08477341730761215
1590 0.0006808612845952224
1591 -0.0007197556892469606
1592 -0.02525734500488001
1593 -0.0282744118087341
1594 0.09953380931201654
1595 -0.004034521406194012
1596 0.08045480216050056
1597 0.10096859184104935
1598 0.2356999803945994
1599 0.07941226898140263
1600 0.032104109572557236
1601 0.10878105137151275
1602 0.04447956384417724
1603 0.056004981337324566
1604 0.025753245305478435
1605 0.008576250656357134
1606 -0.008516208960676489
1607 0.052202632280438276
1608 -0.062414615360739466
1609 -0.01869699254480761
1610 -0.16384265448188265
1611 0.10944811199994367
1612 0.1457768791364973
1613 0.0728632382011211
1614 0.10516089036401031
1615 -0.07955013707795514
1616 0.010766615821054315
1617 -0.047018973680054484
1618 -0.11705567651139445
1619 -0.0979553910330388
1620 -0.26642662564911795
1621 0.126135053229584
1622 0.31259278220481107
1623 0.08140630045842943
1624 -0.11043967603415236
1625 -0.03899221254582144
1626 0.07711082224316669
1627 -0.3614275054443198
1628 0.0774582196170214
1629 0.4432565121325963
1630 -0.06526021292075174
1631 0.519790123844797
1632 -0.15520949182606264
1633 -0.05247127098288384
1634 0.1346346612112547
1635 -0.026380603161214572
1636 -0.16763041591883573
1637 0.03358202058651505
1638 -0.04758112820149855
1639 -0.16288951352635078
1640 -0.17743545706722713
1641 0.1414818899765665
1642 -0.20059230148108642
1643 0.1428460522440226
1644 -0.05666715759228984
1645 0.07111210929430262
1646 -0.0015198230170440621
1647 -0.04322565225818194
1648 -0.018978357084481513
1649 -0.03824747689480654
1650 -0.009906899016932052
1651 -0.007719634744702821
1652 -0.07295256889121716
1653 -0.023867326799764586
1654 -0.0013607566687376923
1655 -0.04830086675829208
1656 0.18598794004339275
1657 0.028354566747276058
1658 -0.05869673838710703
1659 -0.0476121505891785
1660 -0.21377954915860772
1661 -0.14730435789695764
1662 -0.3241604820359734
1663 -0.2970174049747465
1664 -0.0921832582124976
1665 -0.0010430098356974831
1666 0.20858861567967787
1667 0.019427078711849517
1668 -0.005490208321941998
1669 0.29379559210461026
1670 -0.12061597826233697
1671 -0.0745088172546059
1672 -0.0055772910277203614
1673 0.07982522999394913
1674 -0.010940677647436848
1675 0.234152197365948
1676 -0.07610925788206778
1677 -0.27087793493827667
1678 -0.3558655164313929
1679 0.2994630059628806
1680 0.013018278505140975
1681 0.03506263890710603
1682 -0.012078476639136682
1683 0.0198959595152071
1684 0.07314717426312395
1685 -0.027024421362394233
1686 0.11114169211258261
1687 -0.00685947661663677
1688 -0.02925388755579537
1689 -0.030213862885427156
1690 0.20981941731433693
1691 -0.019805396746153076
1692 0.04630918784112637
1693 -0.29785125046251343
1694 -0.006858351008337112
1695 0.02209065453116884
1696 -0.024803724436249317
1697 -0.211316524219469
1698 -0.10189922494206731
1699 -0.10536016132605704
1700 -0.1263302805087903
1701 0.16372013347595468
1702 -0.27172143019897443
1703 -0.27439778274220267
1704 0.5768408998990875
1705 -0.5524590646449242
1706 -0.33619913935348644
1707 -0.21220843752521537
1708 0.14324794335697483
1709 0.23366790837953014
1710 0.4024502690207084
1711 -0.045780414109035675
1712 0.1527789690620284
1713 -0.09684577152116561
1714 -0.46558023326894427
1715 0.25060842782668585
1716 0.45970975566531175
1717 0.19945104441323508
1718 -0.07112188579695154
1719 0.00922667406640317
1720 -0.024497779000702758
1721 -0.0025251021810937836
1722 0.041726217469832266
1723 0.12090236097257068
1724 -0.06636019269568151
1725 0.02376471843388166
1726 -0.03392105440656649
1727 0.0722308926235917
1728 0.0021254960620775095
1729 0.055272551781649346
1730 -0.0466003908393832
1731 0.15177319035678258
1732 -0.25670789914846115
1733 -0.04400155304108398
1734 0.07004610027538105
1735 0.06493850310215293
1736 0.06308002636776402
1737 -0.18856476891535412
1738 -0.22715122435710172
1739 0.08061201310539072
1740 0.23284005127047444
1741 -0.2584434357031794
1742 -0.057173391580793535
1743 -0.20958189038416825
1744 -0.1687434015996848
1745 0.04605644059468644
1746 -0.45526482003381963
1747 -0.5690417649525419
1748 -0.00665265259814916
1749 0.3760633419799336
1750 0.3200725249308744
1751 -0.35789555091069886
1752 0.3136648249256157
1753 0.23061087108922199
1754 -0.19044972000710358
1755 0.23812864618713142
1756 0.06335797983548987
1757 -0.05622455283830395
1758 0.014919945717295534
1759 0.26071828649627726
1760 -0.5973582862288487
1761 -0.1299461943288856
1762 0.16208786632904448
1763 0.0948857195159827
1764 0.03757838996372365
1765 -0.17756522664083468
1766 0.10414225579527267
1767 0.25725001632632427
1768 0.1790337761894008
1769 0.1768127236167659
1770 0.05103222665908663
1771 0.1882267490584986
1772 0.2272293475470622
1773 -0.12984614509887046
1774 0.12633369643811637
1775 0.18224972057103245
1776 0.013160134724198923
1777 -0.08305555400334619
1778 0.3246842372624807
1779 0.4442277659785186
1780 -0.36944328763925544
1781 0.15944136972507708
1782 0.31272006000711505
1783 0.33596296840640405
1784 0.006679492479100412
1785 -0.05993383113692792
1786 0.03712743188612231
1787 0.13368797218312994
1788 -0.009757964379797873
1789 0.08394486014088048
1790 -0.036619583955412614
1791 -0.048332592186592374
1792 -0.07655099815236592
1793 0.05814498727579059
1794 -0.17822337257220638
1795 0.033707100433217584
1796 0.03427838466336967
1797 0.12956003450741813
1798 0.04644411087879836
1799 -0.057803834335242193
1800 -0.017186540543140137
1801 0.02010866438468005
1802 0.09638073709089374
1803 -0.03336164074533879
1804 -0.04128025063621629
1805 0.10091314681866048
1806 -0.0466798709733718
1807 0.012853429833712779
1808 -0.0077015872125358355
1809 -0.005119403472381748
1810 0.010759138249015057
1811 -0.026459312016474966
1812 0.06028189306027453
1813 -0.005813951155429027
1814 0.006959680643563715
1815 0.013592516038433861
1816 0.00138412426551874
1817 0.02466856971306035
1818 -0.005289881867491775
1819 -0.021495226299461222
1820 -0.09172699005662314
1821 0.0747670426632067
1822 0.0784004500570553
1823 0.05428861790541132
1824 -0.1487325898882713
1825 0.07040805536717834
1826 0.15019012080878502
1827 -0.06090513374758795
1828 0.15168631363603438
1829 0.24487296097919395
1830 -0.01858839586178993
1831 -0.08691949990341288
1832 0.042436659840244584
1833 0.04298668723856716
1834 0.025259381025829447
1835 0.14565907366678676
1836 0.06186046224258695
1837 0.16612900999974164
1838 0.139866162101594
1839 0.09933464329318695
1840 -0.057423573332648345
1841 -0.00937126838492219
1842 0.004075309007309327
1843 0.0013513399684946883
1844 -0.038186546603514185
1845 -0.0494280070741287
1846 0.06643664103939617
1847 0.041901472697629165
1848 0.05986748747299508
1849 -0.14050959802732366
1850 0.12120995926240516
1851 -0.08376969054564692
1852 -0.1117098831899522
1853 0.14695785995389793
1854 0.07666907934927747
1855 -0.17187603608020174
1856 -0.2883521099028814
1857 0.14245808145147704
1858 -0.20918298973418345
1859 -0.09286440635438024
1860 0.07121518808675202
1861 0.25129382123787847
1862 -0.10537034811120492
1863 0.03559685093395365
1864 -0.10479700003724288
1865 -0.3082771385270099
1866 -0.2225373794920335
1867 -0.013071732221962272
1868 -0.07590525341565907
1869 -0.11862166648066619
1870 0.0014487540683035135
1871 -0.13778389852823553
1872 0.028717089502980117
1873 0.011624073406775704
1874 -0.20918540343621225
1875 -0.14854641625369697
1876 -0.21663363694266935
1877 -0.13488439483265455
1878 0.07514428448176017
1879 0.01307282269962332
1880 0.06289037992227599
1881 0.061081106423628836
1882 0.11238691902330707
1883 0.04928084549110751
1884 0.067258914427753
1885 -0.05599284863125223
1886 -0.01939221028719599
1887 0.008447259603593195
1888 0.10620494602813518
1889 -0.026750102734943097
1890 -0.04296736723369974
1891 0.0159144198989267
1892 -0.07894370228505329
1893 0.005275959371643901
1894 0.016040854600802804
1895 -0.0018654074617638179
1896 -2.5939160084499374e-05
1897 -0.014433243878476294
1898 -0.013775895128067395
1899 -0.034698843125130815
1900 0.035686961860593565
1901 -0.04701968352654767
1902 -0.1259800568771173
1903 -0.00987014000541893
1904 0.07925079098927527
1905 -0.080065282923379
1906 0.30974285444669897
1907 0.010784570209401769
1908 -0.027808969737267472
1909 -0.03300045662116394
1910 0.04810275567064634
1911 0.022571116898760683
1912 0.0037718753868176123
1913 -0.04388292257068172
1914 0.032298732238867964
1915 0.0024211838373165706
1916 0.07335811848362297
1917 0.020836514023128618
1918 -0.012980040566617591
1919 -0.03518687120059711
1920 -0.04236863191822653
1921 0.054611040384828995
1922 0.008699658499442667
1923 0.01676477875863761
1924 -0.005519189159328504
1925 0.01001875616434221
1926 -0.07214413685390826
1927 0.02637778632102145
1928 -0.00430826039403314
1929 -0.0007336540105375663
1930 0.02301877818245223
1931 0.0021473654590353094
1932 -0.02176042926463507
1933 0.07430682968877035
1934 -0.02963722012263356
1935 -0.028742780493159002
1936 0.08760321623499798
1937 0.14372880882937125
1938 -0.060643823756733335
1939 -0.07234768988221733
1940 -0.014391013115439503
1941 0.026856845852144907
1942 -0.031379116424855025
1943 0.05990615184791004
1944 -0.022426423953518588
1945 0.024472719963941136
1946 0.08241467924757812
1947 0.10679222747872001
1948 0.08127269786680989
1949 -0.010581598368254293
1950 0.01774937216920822
1951 0.014822736538242958
1952 0.043218879769974516
1953 0.02841535972405491
1954 -0.07948707427203976
1955 0.10399132669719773
1956 0.028708839331173325
1957 0.03212472408653307
1958 0.3153409667977878
1959 0.19890600717033652
1960 0.033111907616803535
1961 0.22241951887255365
1962 -0.11035483424857506
1963 0.03707739256077502
1964 -0.014923463588336981
1965 0.019047633025788557
1966 0.0051093451210430345
1967 -0.02135938767615426
1968 -0.009583867012038238
1969 -0.012428606906045463
1970 -0.028410042429703585
1971 0.03211252072106324
1972 0.23182909030167517
1973 0.2787653824059945
1974 0.2510044680668061
1975 -0.17368538605107797
1976 0.29805293695739327
1977 -0.2320414472336504
1978 0.36090231094371444
1979 -0.04724905833746961
1980 -0.10742458781288762
1981 -0.27637731314050534
1982 -0.23253972669017176
1983 0.09004580947852897
1984 0.04905397984640617
1985 0.0789494579891422
1986 0.057473722516379326
1987 0.04291518942181026
1988 0.029141879119815903
1989 -0.10597527424015586
1990 0.06613277165574866
1991 0.04876095508228679
1992 0.11383608580256085
1993 0.2620178087444944
1994 -0.2441585909178751
1995 -0.06338626451869388
1996 -0.036860186731414266
1997 0.09213833565486851
1998 0.14665138307733538
1999 -0.1445943464840358
2000 -0.4648438022904239
2001 -0.0928229692694802
2002 0.08049787754480611
2003 -0.20560265128711144
2004 0.14295594434139786
2005 -0.004196460744366614
2006 0.002735780205999963
2007 -0.10767845015671218
2008 0.06525168012199488
2009 -0.03972815834094993
2010 -0.032478527140184316
2011 -0.012972413435793551
2012 -0.10162177137573397
2013 -0.03001330273485422
2014 0.006493577508746674
2015 0.004023516632101116
2016 0.0005647840971269908
2017 0.0009705587251471214
2018 -0.006043307921600806
2019 -0.006516498337173496
2020 -0.04858843258297756
2021 -0.04510526709066781
2022 -0.008515067884183013
2023 -0.017425536703880348
2024 0.011537919277291
2025 -0.04494332036148618
2026 -0.01728252299708418
2027 -0.05767656749442765
2028 -0.002832428680116651
2029 -0.05205263267198041
2030 0.22041559462503552
2031 -0.04721302899205184
2032 0.018731453811656428
2033 -0.22789887516806134
2034 -0.08496819714304635
2035 -0.35783125748267613
2036 -0.0478821513577641
2037 0.16122621599000822
2038 0.03876704370833567
2039 -0.06563529479177663
2040 0.07718263942159041
2041 -0.13123033266852108
2042 0.10030067828899115
2043 0.07298693510369064
2044 0.049334137150669165
2045 -0.03597729259063922
2046 0.030959508739637008
2047 0.0061378248091230585
2048 0.021636966714850197
2049 -0.005087482033971168
2050 -0.10566789668288024
2051 0.050326172440087524
2052 -0.04214712334875085
2053 0.0068682819166451916
2054 -0.01430335716145813
2055 0.09347687421229604
2056 -0.15779168762475917
2057 0.0991345711359318
2058 -0.07744435751802577
2059 0.11920238414179513
2060 -0.04919290035358205
2061 0.04407269714623959
2062 -0.017293880442077848
2063 0.03413601690385034
2064 -0.015629346347307293
2065 -0.011241828251648829
2066 0.002415364618098259
2067 0.008979988574954606
2068 0.004577339702964151
2069 -0.0035801890508559125
2070 -0.0007635107128326705
2071 0.023342674292682494
2072 -0.029337778006686233
2073 0.004773730818948883
2074 0.002137200352469198
2075 0.0045617525232476315
2076 -0.007121073314819538
2077 -0.01609325680619165
2078 -0.037180861233722565
2079 -0.08299184235169507
2080 0.038736646443792475
2081 -0.028097877260286855
2082 -0.008372899290777593
2083 -0.014714983298170854
2084 0.07478719890168822
2085 -0.046843120480294015
2086 -0.15478576331574992
2087 0.21720368793634998
2088 0.09311091755984487
2089 -0.2139986165908051
2090 -0.0728805299488715
2091 -0.11480035032867755
2092 0.17587213874910226
2093 -0.11791081056145879
2094 0.008152422013082514
2095 -0.11396810017971573
2096 -0.02083198845480153
2097 -0.07969303097669476
2098 0.16054978469875156
2099 0.03602712552273542
2100 0.0013249044137765822
2101 0.09536891150739342
2102 0.005297598895186043
2103 0.04222834810735468
2104 -0.021681615670307186
2105 -0.05802326553566417
2106 0.002407284565289671
2107 -0.013963423295819097
2108 0.03207629623109179
2109 -0.0996691816258501
2110 0.001891800053905676
2111 0.1197814055186209
2112 0.05076317369269081
2113 -0.03092652261508963
2114 0.08840475912360704
2115 0.01796308109856281
2116 -0.008907499135238209
2117 0.06502541652845906
2118 0.040456445251569384
2119 -0.03232564058611402
2120 -0.11567386035327337
2121 -0.16376171979905702
2122 -0.002660817801637074
2123 0.018178212291952895
2124 -0.07339782579408151
2125 0.02092387732938474
2126 0.05341706293427371
2127 0.1998750757243327
2128 -0.027135997396854655
2129 0.1616529495792079
2130 -0.15808701004834885
2131 0.3090696284649375
2132 -0.08351644185335752
2133 0.031172292512462594
2134 0.054109008770991444
2135 0.2425082676935799
2136 -0.13426884936992964
2137 -0.02959108475268693
2138 0.023428282308076358
2139 0.07918250963284973
2140 -0.07351489846964285
2141 0.006742063587980798
2142 -0.003446343821189402
2143 0.03693355013375922
2144 0.01862215187692808
2145 0.09623025905469726
2146 0.18369763739938053
2147 0.02334099477217274
2148 -0.030491090279579258
2149 -0.01730436905119228
2150 -0.00620596867742472
2151 -0.025381401325963508
2152 0.07754580280518106
2153 -0.06291487006627867
2154 0.01704411045892638
2155 -0.039990744001374284
2156 0.054874294138029085
2157 -0.06872543691696073
2158 -0.014907614067379811
2159 -0.00977066956664638
2160 -0.08299771066966381
2161 0.003462970940932418
2162 0.0017112952760554045
2163 0.0037868925346740785
2164 -0.013238293314169043
2165 0.003821353492725141
2166 0.03733536475901027
2167 -0.023375779239303597
2168 0.05069568581353004
2169 0.03102980711968373
2170 -0.0347144977570306
2171 -0.027977793051952887
2172 0.01395021499427502
2173 0.1264506633423606
2174 -0.026464639223789888
2175 0.16226572685311186
2176 -0.042973638214177066
2177 0.18262554534008418
2178 -0.3312446458704474
2179 -0.3448376382551535
2180 0.24487273438855045
2181 0.41621690667342676
2182 -0.21290232128438588
2183 0.058867262233808976
2184 0.05539433982976325
2185 0.270233351942886
2186 -0.28524432243542747
2187 0.22208943742519693
2188 -0.3178589962031833
2189 -0.16230823804129693
2190 0.24263197420846397
2191 -0.32164682830769487
2192 -0.11245179269321769
2193 0.18440246807709093
2194 0.023421885732781218
2195 -0.09497639638842191
2196 -0.05452761422233125
2197 0.06894905346406531
2198 0.14285649093239802
2199 0.10504490446789759
2200 0.11790918388558944
2201 0.15223217316576615
2202 -0.13879453251721877
2203 -0.037722368652638345
2204 -0.04811570923840893
2205 -0.0203537673333052
2206 -0.05837182368196509
2207 0.10760818400311692
2208 0.02674668474399512
2209 -0.0068334282461138115
2210 -0.0658132489280087
2211 -0.09798783515182034
2212 0.07620128278031144
2213 0.0022408014789955743
2214 -0.07548339015273907
2215 -0.11679265281211941
2216 -0.03606471734876249
2217 -0.0061916793600390865
2218 -0.13374010508478112
2219 0.17365801346979462
2220 0.047884651950645694
2221 -0.09540475583942987
2222 -0.09938625926115996
2223 -0.01435005858233846
2224 -0.06094718499019684
2225 0.0028169030769712774
2226 -0.03177424850340136
2227 -0.007119951403973082
2228 0.6228849398541595
2229 0.23953623941407456
2230 0.6149259963711173
2231 0.22256871063305714
2232 -0.05745828971626753
2233 -0.2220728884891936
2234 -0.19485278480091298
2235 -0.21149276345124074
2236 -0.02140325852455039
2237 -0.0491283756638001
2238 0.04282137505255036
2239 -0.010443532987131436
2240 0.03182272511014106
2241 0.10150119482348476
2242 0.010051824122978623
2243 0.1277580313294536
2244 0.020791410191509773
2245 -0.011324258793682488
2246 0.04129418305716939
2247 -0.2536567916915326
2248 -0.05035886053576005
2249 -0.035591843674993164
2250 -0.0498299630050524
2251 -0.1305330311495302
2252 -0.054538700129757776
2253 0.030853945909430223
2254 -0.015746768690469336
2255 0.1700147934706035
2256 -0.056094225523236535
2257 -0.04244731716079762
2258 0.0024848498574184434
2259 0.0507746391957336
2260 -0.053961059780666044
2261 0.0980761325129669
2262 -0.15318511168713558
2263 -0.11284870424719179
2264 0.028094142946279942
2265 -0.09836437823137743
2266 -0.036897826264775384
2267 0.07982327875607036
2268 -0.052897921393034
2269 -0.019961297252021407
2270 0.10151063972337747
2271 0.02133295671432666
2272 -0.15701082473920233
2273 0.02985378131605347
2274 0.03337771262090648
2275 0.05970978307120452
2276 0.15474743851269462
2277 0.17912717205171608
2278 -0.13727708774428515
2279 0.004400433924792325
2280 -0.07912362560851692
2281 0.020967099440759387
2282 -0.06840163730111798
2283 -0.11527254901152532
2284 -0.03030665303389143
2285 0.01269458338546636
2286 0.12865438963387726
2287 0.021574839880745707
2288 -0.14431580139574648
2289 0.07639497983912918
2290 -0.03598242112313326
2291 -0.047045868374794936
2292 0.002455074251606423
2293 -0.09078700075434598
2294 -0.019186167691569295
2295 -0.16987312735559054
2296 0.1393502776515654
2297 -0.09563654893122796
2298 0.0961223612524525
2299 -0.10079222740270455
2300 0.08390737642207852
2301 -0.0004836642818701558
2302 0.20157410325309158
2303 0.14405601643716662
2304 0.06264540331118014
2305 -0.2106962257190749
2306 0.10172484736602957
2307 0.30242611553412374
2308 -0.08490071481391774
2309 0.2073696253764762
2310 0.10028701782039523
2311 0.11023596839653207
2312 0.02799236452457604
2313 0.20209114422425384
2314 -0.08428241190508455
2315 0.23287603925039657
2316 0.0036003414582970543
2317 0.023631925278936868
2318 0.02156125640913446
2319 -0.07148300479850545
2320 -0.05401992244066969
2321 -0.025054818649138107
2322 -0.014705016355866627
2323 0.043613027938536254
2324 0.0172927544925681
2325 0.10351319328621762
2326 -0.11596442554355296
2327 0.019291329816056618
2328 0.008108749262035279
2329 -0.21446832061236115
2330 -0.09361890792270701
2331 -0.03817281617168652
2332 0.12020701653330822
2333 0.16128344270187228
2334 -0.3123409351153707
2335 -0.06434090316537402
2336 0.02305414999478873
2337 -0.02529223071896566
2338 0.027859080983213318
2339 -0.18329481233826184
2340 -0.06657379838461853
2341 -0.08139904611701142
2342 -0.006491250198553681
2343 -0.03892478982005847
2344 -0.0025678660821092767
2345 0.04798299153070007
2346 0.005590790543109253
2347 0.06371027446266758
2348 0.1193306639871861
2349 -0.15735454103313043
2350 0.024798210935785263
2351 -0.04997317166643816
2352 0.010051506540257308
2353 0.08184078543041395
2354 -0.05042088288538255
2355 -0.019142184389983725
2356 -0.058545684205642955
2357 -0.07837525958205745
2358 0.04258586206079124
2359 -0.1586914783110279
2360 0.03014137887771307
2361 -0.2823824367034041
2362 0.2447530483161347
2363 0.3357172054689078
2364 -0.2338398897720037
2365 -0.17436477202868345
2366 0.23415725518738228
2367 -0.03284901112574478
2368 0.1547956758957601
2369 0.10893673657722923
2370 -0.2115624063732418
2371 0.16500869365890036
2372 -0.02443324058624749
2373 0.2001563553409914
2374 0.02463595757492144
2375 0.02619505300222408
2376 -0.009784110023002075
2377 -0.016252266617758266
2378 0.011290250382014526
2379 0.00965338732984484
2380 -0.007176771388264822
2381 0.005999585114688859
2382 0.030635133805945132
2383 -0.016962048127462336
2384 0.05771180751421921
2385 0.12301711431642663
2386 -0.19510156069865336
2387 -0.04961302152182137
2388 0.06450196515311377
2389 -0.22980201515754287
2390 -0.2961194792052824
2391 0.34404334303464623
2392 0.12864748662421022
2393 -0.05354555132583316
2394 0.029079567796994697
2395 0.027173772362882397
2396 0.03679852695761345
2397 0.005228208365704826
2398 0.0006151136652357014
2399 0.10574000206461548
2400 0.016412226077471843
2401 0.010136492165779117
2402 0.08307639908761959
2403 -0.15441546062608452
2404 -0.46772283047014707
2405 0.5800365322795998
2406 -0.4926244204641125
2407 0.19995665460601308
2408 -0.1586827108502872
2409 -0.01621882287194366
2410 -0.01272027519339542
2411 -0.009806236707413573
2412 0.027939928557885536
2413 0.12674581713161828
2414 0.09736237331652843
2415 -0.1201316077258648
2416 -0.0005423916064548933
2417 0.00010603219874966771
2418 -0.08841383221736936
2419 -0.01745998073496702
2420 0.011023075518480101
2421 -0.07185120182912581
2422 0.006921026843554605
2423 -0.010765014886763902
2424 -0.07336266166423057
2425 -0.32090569121872553
2426 0.06786687972384704
2427 0.15094248561560358
2428 -0.28265408262372066
2429 0.0033374672933609395
2430 -0.0263746114643304
2431 -0.1269693606742663
2432 -0.03102136277168707
2433 -0.14366720211396447
2434 -0.14900316514546028
2435 0.2566692177874524
2436 0.16952446033611365
2437 0.053599305462624196
2438 -0.04178038811007158
2439 0.028077265779596725
2440 0.13018840602971896
2441 0.02590380237607687
2442 0.061000061550056994
2443 0.053793493860734426
2444 -0.0232886258869259
2445 -0.01152747050886907
2446 -0.19860724926473283
2447 0.1725771782677832
2448 0.16898351298882053
2449 -0.07487647105101343
2450 -0.1383185096963102
2451 -0.04587120084109375
2452 -0.024276786501094366
2453 -0.09250489094800154
2454 -0.019970830338693783
2455 -0.25647172567345167
2456 -0.3615796864211861
2457 0.25018468800676247
2458 0.13894140549702744
2459 0.0003715717480758556
2460 -0.01007239964339871
2461 0.00705102928940829
2462 0.05789685990730105
2463 0.023469790240817752
2464 -0.10151449580669436
2465 -0.029262115941884718
2466 0.10106550637408146
2467 0.03884154763597161
2468 -0.07722037898702355
2469 -0.16114153515710627
2470 -0.1196482172573547
2471 -0.06890142757898224
2472 -0.11947592055714508
2473 -0.025303641280923404
2474 0.07587641999572575
2475 0.18917156402888574
2476 -0.16757465274635647
2477 0.31361925014457004
2478 -0.28550358040842566
2479 -0.3193695864527503
2480 -0.2657867107323478
2481 0.15070218902233914
2482 0.1045167334950517
2483 0.02635485062094329
2484 0.047184682718921525
2485 0.0018525992325601245
2486 0.0006831694102735882
2487 0.022797502240392693
2488 -0.03031522207391955
2489 0.15729134311641227
2490 -0.03708471173393412
2491 -0.06601927831886374
2492 0.12997614395601087
2493 -0.22611892013018325
2494 -0.04283503874118005
2495 -0.008843626314319591
2496 -0.005421571377500936
2497 0.029038491503962975
2498 0.046743155174610744
2499 -0.048892669760464164
2500 0.03547773135842659
2501 -0.021868769899348002
2502 -0.17818691693744076
2503 0.1346327042883723
2504 -0.11515147033689303
2505 -0.07333436709121799
2506 -0.1276613954648572
2507 -0.14869447040353448
2508 -0.14248282209325308
2509 -0.10256557202464339
2510 0.10267777363603577
2511 -0.09393948685813887
2512 0.10821626960728649
2513 0.006422100167619728
2514 -0.26618733383613996
2515 -0.20537192902465728
2516 0.12180661439291925
2517 -0.03786880128839719
2518 -0.0509836037520522
2519 -0.014919568095867438
2520 -0.020106514921877067
2521 -0.11497657962674276
2522 0.0748452517177274
2523 0.017785896761327726
2524 0.018020204446469658
2525 -0.10315761367043168
2526 -0.03681529878244648
2527 0.10248444464149958
2528 0.008982265721009375
2529 0.04594825098295658
2530 0.015135051944193758
2531 0.02859851582200299
2532 -0.007654206693323049
2533 0.13689430436200997
2534 0.11131187729347454
2535 -0.04943514364355233
2536 -0.0634301362437491
2537 -0.22855024737535692
2538 -0.04933100861277871
2539 0.23113407539700476
2540 0.10069568103678321
2541 0.10887348915241471
2542 0.07911054554254135
2543 0.1316839366073313
2544 0.04313706908474894
2545 0.0016359486226103287
2546 -0.03866763535329893
2547 -0.10961983026161161
2548 -0.13812630080497718
2549 -0.0196817127906268
2550 -0.06790631107565641
2551 0.0257842881427791
2552 -0.247419926226831
2553 -0.03429559935521729
2554 -0.14869518585608985
2555 -0.13805862278871153
2556 -0.008354413475130676
2557 -0.03062472106570699
2558 -0.018379274364261726
2559 0.011833039205191543
2560 0.047564523036827906
2561 -0.03823351729396322
2562 0.009442373382317102
2563 -0.027019045164988986
2564 0.0065606112666997595
2565 0.07902236661713209
2566 0.061538562562115665
2567 -0.059209551809799074
2568 0.027817330539413626
2569 0.007034982964479231
2570 0.061389870212955076
2571 -0.06565254890995006
2572 0.18520938456784947
2573 0.1372375840326678
2574 0.06613953111136946
2575 -0.019565725988845303
2576 0.4779376511148092
2577 -0.23953649343746533
2578 -0.0399556973651589
2579 0.09719131291002539
2580 0.05697292364610316
2581 0.060458445520361434
2582 0.030067132880710553
2583 -0.01589240131877552
2584 0.0043497145616814455
2585 -0.024069906729571388
2586 -0.010010911171209752
2587 -0.07943830622421431
2588 -0.022911642552211627
2589 -0.009862094065206821
2590 0.007344661980892397
2591 0.031936396286882114
2592 -0.005714485388500237
2593 0.015566310781726548
2594 -0.04216375586601995
2595 -0.007715569871330124
2596 0.0153274582237218
2597 0.01732068816547332
2598 -0.0504292876645907
2599 -0.21346576540084317
2600 -0.11739246637863397
2601 0.20118306251468465
2602 0.08499110902820779
2603 0.019307704708529206
2604 -0.0018789331042436154
2605 0.026602492164660454
2606 0.1128931933412633
2607 -0.04695996162195829
2608 0.2066637788175198
2609 0.13743864272112652
2610 -0.08738463452384655
2611 -0.03880222274817038
2612 0.12113947579268627
2613 -0.041749464769893
2614 -0.04392694975471237
2615 -0.25539839425055105
2616 -0.03073302223557365
2617 -0.0543010670661152
2618 0.11084193992982252
2619 -0.008861630625900513
2620 -0.056512681875712366
2621 -0.02432546778887366
2622 -0.2415758744247703
2623 0.1154622630114805
2624 0.435389620654044
2625 -0.17175973844126083
2626 0.21257817189162875
2627 0.2330285841182578
2628 0.07508937511759733
2629 -0.01329551594079919
2630 0.09204837223935203
2631 -0.18903915923938347
2632 -0.019152943725321392
2633 0.09765369408575336
2634 -0.17744058578534305
2635 0.06904299069100929
2636 0.04451663028305097
2637 -0.24703251507113314
2638 0.0816413095991381
2639 -0.07597223519367231
2640 -0.20118730626751868
2641 -0.08585277124310227
2642 -0.014673341879981677
2643 -0.1876696249527624
2644 -0.42321558739411125
2645 -0.3485136055443956
2646 0.3707294699841714
2647 0.02976670528003363
2648 -0.06620555985461912
2649 -0.23117995556853047
2650 0.012963843965226065
2651 -0.03638972189134865
2652 -0.013988655067662486
2653 0.06078730389042842
2654 0.36155962181412526
2655 0.5057358969642132
2656 -0.2528228289148619
2657 -0.19536836242890473
2658 0.15173401258234184
2659 -0.17188876174596243
2660 -0.1447163076376058
2661 -0.24923725534123986
2662 0.09027047782705265
2663 -0.3637372503758677
2664 0.07628636631803194
2665 -0.3131634032494015
2666 0.14219815652605794
2667 -0.04518098595439804
2668 0.02543364059242233
2669 -0.16943841976239488
2670 0.010878321594044758
2671 -0.08832812126442358
2672 -0.04790561565130528
2673 -0.06069899349500852
2674 0.20275681700724804
2675 0.04727289511953115
2676 -0.027248257656485735
2677 0.0930191309220863
2678 -0.014943711769806968
2679 0.13222110665567002
2680 0.053410539721082895
2681 0.2509836113588512
2682 0.4476129278322234
2683 0.0921601548729189
2684 -0.18068881256701272
2685 0.07528064045160238
2686 -0.04551322723582607
2687 0.10281801728238978
2688 0.22107142158826842
2689 0.07138933834447306
2690 -0.035658461275159065
2691 0.03291073135077844
2692 0.20741166256508775
2693 0.08194159757186124
2694 0.007098063117454689
2695 0.1573996953301043
2696 -0.07764617834975271
2697 -0.2418136845246325
2698 -0.02942281689184768
2699 -0.03099365273355449
2700 0.2773173133000363
2701 0.024208325669257836
2702 0.03930827122439733
2703 -0.05050682358177205
2704 0.020017459013787035
2705 -0.0038755815561935863
2706 -0.03548836913034625
2707 0.10317652731091541
2708 -0.10583274051639692
2709 -0.24916337817894113
2710 -0.03747738478319017
2711 0.04265861944396922
2712 -0.20916115471101013
2713 0.06565297762868576
2714 0.045683202558732185
2715 0.25134216869192755
2716 0.007679901819726918
2717 0.023013872276250562
2718 -0.03080726602021872
2719 -0.05832932669937032
2720 -0.05203431759316485
2721 0.07048893804754598
2722 0.02934599428209844
2723 0.07996516569415818
2724 0.029138587753673752
2725 -0.023293369338556903
2726 -0.1790520488256121
2727 0.18337266723603216
2728 -0.05922061661431247
2729 -0.22197337450412097
2730 0.14321787633678854
2731 -0.05725763908012489
2732 -0.0142870162178229
2733 0.15824452361671149
2734 -0.08458689410293867
2735 0.047848390792381235
2736 -0.007823209515884173
2737 -0.02740538431953471
2738 -0.028952738319786002
2739 -0.021371583723955558
2740 0.05659326072222623
2741 0.0258933779932675
2742 0.0137824841396725
2743 0.01046151778186571
2744 0.09199179785034438
2745 -0.11014265287869701
2746 0.1365939726376267
2747 0.19163789064186343
2748 -0.12701365553049743
2749 0.05341718130523651
2750 0.22763912049371957
2751 0.39411750348346936
2752 -0.1998505467431515
2753 -0.23267681404513402
2754 -0.06704791632097429
2755 -0.05699894951740402
2756 0.038167051880460705
2757 -0.006333326615907285
2758 0.34146587669309464
2759 0.4098447396398332
2760 0.17469858929611273
2761 -0.30463419140945736
2762 0.06869123027762171
2763 -0.18788988409256496
2764 -0.021434001765858725
2765 -0.10521920357479705
2766 -0.227381475004974
2767 0.09045163086384465
2768 0.170404198220959
2769 0.10411912196661804
2770 -0.00584371748305198
2771 -0.004214278362228265
2772 -0.04348957327006186
2773 -0.4010884599927698
2774 0.018500723107104915
2775 0.39857600158906153
2776 0.06682020664961819
2777 0.44343292555705444
2778 -0.05599659064283651
2779 -0.040740761337934424
2780 0.15089598335658932
2781 -0.011258589725159175
2782 -0.13733466321365223
2783 -0.028838475133709292
2784 0.08152041164592715
2785 -0.04351553915763047
2786 -0.1415468278229579
2787 0.01648083053974095
2788 -0.029813695369365716
2789 0.11125734398713549
2790 0.0008771713035340178
2791 0.014556028500620818
2792 -0.043434726913836055
2793 0.09198125528441829
2794 -0.10089904675994074
2795 -0.10239235582696773
2796 -0.05980277880076485
2797 0.18187531525929773
2798 -0.06497687504715854
2799 -0.05024599577268221
2800 -0.14094108503821384
2801 -0.06568683824516577
2802 0.22677202272625954
2803 0.0008687534975810582
2804 -0.07744153227959535
2805 0.012083492298489321
2806 -0.23403719273185652
2807 0.15620859820286528
2808 -0.17845820475475793
2809 -0.25378100456099484
2810 -0.24610917438011937
2811 -0.02692891802053975
2812 -0.014166126186267966
2813 -0.12462424752029591
2814 0.30775153639014496
2815 0.33768116981531215
2816 0.17073899143774507
2817 -0.28213844634798174
2818 -0.16195899874322886
2819 0.25458765685393053
2820 -0.32485769712668094
2821 0.2116780560668003
2822 -0.2482017313025127
2823 -0.22844325730426424
2824 -0.2718871306888995
2825 0.09041057233028933
2826 0.16086142739342876
2827 0.3148748879393634
2828 0.05641027427643475
2829 0.12912187390262392
2830 0.12158064632047125
2831 0.02626778072630479
2832 -0.01603347568961731
2833 0.15314055050970307
2834 0.03631427864960667
2835 -0.022229748641761853
2836 -0.1028761427215532
2837 0.10763194902766278
2838 -0.3456778118236485
2839 -0.34508734321689005
2840 0.07869229848510247
2841 0.053717053319639024
2842 0.01299570022976882
2843 -0.21884201791718821
2844 -0.20365420769463208
2845 -0.06905031193478396
2846 -0.05368997395093113
2847 0.03183880033934233
2848 0.1521503683285856
2849 -0.22116575300337563
2850 -0.028297000520141644
2851 -0.110506737164837
2852 0.2934423910409478
2853 -0.01605460196495903
2854 -0.0075542599639144455
2855 -0.02936768979408122
2856 0.03661695557555922
2857 0.18270355576351158
2858 0.26856239936450926
2859 0.06594331490204043
2860 -0.4427431799656745
2861 0.2554797886905052
2862 0.43416145116467597
2863 0.17089636425721436
2864 -0.189963651516871
2865 -0.16140190085885361
2866 0.13269757888168504
2867 0.061490522610147834
2868 0.09507043286240296
2869 0.19469198508739094
2870 0.10738273189489472
2871 0.1281393381811029
2872 -0.144154232390502
2873 -0.04262107199440754
2874 0.016761297687963982
2875 0.025381577383428357
2876 0.07213945250925816
2877 0.21604290780017688
2878 -0.14554416785913843
2879 0.152397734403176
2880 0.061852508133233994
2881 -0.056543939550888475
2882 -0.07243861782136943
2883 -0.07342924037621372
2884 0.11886518916533527
2885 0.12094838538015953
2886 0.09819882619515767
2887 -0.11650523309408303
2888 0.03371718336879661
2889 -0.030865981948434706
2890 -0.05911684649562911
2891 -0.1290182843301899
2892 -0.4591821737646127
2893 -0.49090425893751927
2894 -0.06875508594851938
2895 0.24998394902158416
2896 0.33223071318462083
2897 -0.6500229650245458
2898 -0.16152829017941456
2899 0.3409837154132502
2900 -0.4741015657573364
2901 -0.06774360470262537
2902 0.021770350790204923
2903 -0.015780778346841454
2904 -0.06462367567881727
2905 0.11361220168982378
2906 -0.567086164897532
2907 0.040647525712487656
2908 0.0659480126174111
2909 0.06903281802373286
2910 -0.023171403871119944
2911 -0.010769693430899329
2912 -0.0020310509347454984
2913 -0.3081358198869746
2914 -0.15855809471183352
2915 -0.1854437117834034
2916 0.030904429650070852
2917 -0.07461215377049621
2918 -0.07721472503629805
2919 -0.020721576463850148
2920 0.1461319656391229
2921 -0.00988505971251708
2922 -0.08356562272533677
2923 0.05551362679771108
2924 -0.11671446019927055
2925 -0.1615346465705601
2926 0.005694376739638655
2927 -0.009387746206182504
2928 -0.2839377016091769
2929 -0.30530075634559617
2930 -0.08551266251128661
2931 0.041719258889644784
2932 -0.17980367964216792
2933 -0.03108614172795801
2934 -0.01273994376229703
2935 0.08766023245590925
2936 -0.013940317801829857
2937 -0.03084984544847541
2938 0.03643846821293494
2939 -0.09322564301252065
2940 0.14648759018337074
2941 -0.20783003738317024
2942 0.015121067699710548
2943 -0.1418747625123943
2944 0.009401564360485233
2945 -0.08840739872131691
2946 -0.08123159588832285
2947 -0.09698780426346482
2948 0.02492515660945809
2949 -0.039326967600346596
2950 -0.08224023495139952
2951 0.008038082753777834
2952 0.01405629387162084
2953 -0.011374968313857255
2954 0.011467283394488395
2955 0.03312320680560952
2956 0.022850441828686993
2957 0.005207822784569406
2958 0.13100491913798265
2959 -0.11667780824140724
2960 0.04902952488540517
2961 -0.006148672242981334
2962 -0.042133609766817896
2963 0.021221331589725643
2964 -0.05235077307712633
2965 -0.033543129689349784
2966 0.11497781856303077
2967 0.1308855588681014
2968 0.009788829440474748
2969 0.20953671530531437
2970 -0.0734149976092121
2971 0.34942055440467984
2972 0.08444082460439242
2973 -0.12927118319970493
2974 0.11126523767429317
2975 0.3194315066932903
2976 0.016457504469946375
2977 -0.20006479593486193
2978 0.05480441595003612
2979 0.06400628569707903
2980 0.08406606484176857
2981 0.1541181400249005
2982 0.00047216054412367754
2983 -0.011776747408993867
2984 0.00331978018330709
2985 0.02963310504670473
2986 0.09737820903826673
2987 -0.038476935877973115
2988 0.022710113152346355
2989 -0.02549835410148359
2990 0.024333156847432275
2991 0.0232501489155117
2992 0.004201640355269581
2993 -0.10706400029222574
2994 -0.1053297715444801
2995 0.10563838478749227
2996 -0.06004046149865673
2997 0.06367430420338172
2998 -0.052595336336641596
2999 0.20734753220754285
3000 -0.1502683978800875
3001 0.03901416015105177
3002 0.24861523008444994
3003 -0.038114155224029125
3004 0.059157499222843704
3005 0.007728675202897735
3006 0.005472566973583495
3007 -0.15350243938244845
3008 0.002886722235605311
3009 0.027253567575325117
3010 0.11235475293110238
3011 0.12092055101754613
3012 0.11262145085582795
3013 0.09142729803202387
3014 -0.06759141826549014
3015 0.02455122807279711
3016 0.05306795664325004
3017 -0.04760256272852832
3018 0.0024392277974047234
3019 0.0192079520581211
3020 -0.22491574081338783
3021 -0.09896604662256518
3022 -0.18779998053399713
3023 -0.05758479758708865
3024 -0.014088973997022169
3025 0.09518678076208385
3026 -0.10761732691581313
3027 -0.15392195185974822
3028 -0.02389975570886822
3029 -0.17225648321575843
3030 0.09185460868724221
3031 -0.07294287400167099
3032 -0.050378737309237476
3033 -0.04009459116848437
3034 0.28432908581639244
3035 -0.1890161254257347
3036 -0.031773271817842653
3037 0.014104525462181617
3038 0.004189988037608674
3039 -0.07125566458337654
3040 -0.0312085225138921
3041 -0.06777073980596438
3042 -0.012058820266070741
3043 -0.07385855567038409
3044 -0.052061965034817116
3045 0.09855017283196021
3046 0.0488696744086438
3047 -0.03707767919786962
3048 -0.09317175455799287
3049 0.004575120825855294
3050 0.02155742410830671
3051 -0.13893551446264324
3052 0.24965878264646296
3053 0.06942518652801331
3054 0.02760252007162297
3055 -0.05160532666364039
3056 -0.015596246294433434
3057 0.06597768534407882
3058 0.0019356177284984843
3059 -0.00038562636660461095
3060 0.03884009951353502
3061 0.038157933085783816
3062 -0.22743631129782513
3063 -0.04270172018189235
3064 0.006275188982501471
3065 -0.006976612065589774
3066 -0.01915994340871794
3067 -0.0004396108351501469
3068 -0.01946241039953124
3069 -0.013236760534274894
3070 0.023902400867119093
3071 -0.013562547935344046
3072 0.025470268014262342
3073 0.026305330454860772
3074 0.14077502891609772
3075 0.14609277476249835
3076 0.01047177340949297
3077 -0.17939486969343385
3078 0.04451252154623913
3079 -0.025913421416222715
3080 0.06613801100618336
3081 0.14772169426939102
3082 -0.10551448445240531
3083 -0.16034506312264496
3084 -0.04340522330319214
3085 0.06359549532487944
3086 -0.08266066493089881
3087 0.052465779546477714
3088 -0.036813068805654645
3089 -0.05292012742992865
3090 -0.0396712133946755
3091 -0.051842734842784864
3092 0.09097094761236944
3093 0.08708228199729459
3094 0.08890137837637095
3095 0.050865304204004175
3096 -0.11739879446678844
3097 0.033823927975727024
3098 0.35705251357417034
3099 0.0259741536248507
3100 -0.23075967564867603
3101 0.056988724326710385
3102 0.020165601005004186
3103 0.11825964830403285
3104 0.4432900354111388
3105 0.27556733389377186
3106 0.38912627557582435
3107 0.44213906847733564
3108 -0.22628576329301814
3109 -0.04858995431289324
3110 0.04577812794923458
3111 0.02004064300593682
3112 -0.025528646213613566
3113 -0.022588920947749277
3114 -0.050302744812403544
3115 -0.042451364675121624
3116 0.008541711438428802
3117 -0.08724642915912349
3118 0.0743315470201191
3119 0.07181680678223999
3120 -0.2134013901293881
3121 -0.03212903224897737
3122 0.1011557701115333
3123 0.13492632273562397
3124 0.08905613298366127
3125 0.039277302123793795
3126 -0.163048713273166
3127 -0.18915270204375892
3128 -0.374204772708293
3129 0.22812550629843537
3130 0.22314656512777267
3131 0.1291945241843678
3132 0.0843460920447273
3133 0.25782224612403676
3134 0.1260862898135285
3135 0.021602922321464345
3136 -0.1895112613946116
3137 0.12160727148136023
3138 0.0836255353967693
3139 -0.06702261412000872
3140 -0.03325277330431177
3141 -0.25926532173960737
3142 -0.13332454130280771
3143 -0.04363264243821772
3144 0.17837474293680938
3145 0.17965508433682162
3146 -0.04490414633604659
3147 0.13148859651037997
3148 -0.08605447101578104
3149 0.005784416873402034
3150 -0.16457841223721673
3151 -0.25708451883545325
3152 0.018399562704777318
3153 -0.011905959205232916
3154 0.05643255227935041
3155 -0.02119127437930682
3156 -0.02342284050375574
3157 0.06744552212384572
3158 -0.07259497805426908
3159 -0.023382634541744923
3160 -0.004806975228615062
3161 0.023318517983702367
3162 0.02191386871852915
3163 0.03361801576933397
3164 0.03196867668647149
3165 -0.010182242177548102
3166 -0.04679634076698418
3167 0.001817475709276124
3168 -0.005431843939027758
3169 0.014696143972260692
3170 -0.012862213410601907
3171 0.0060031571423924835
3172 0.02331566647373371
3173 0.14412083649955476
3174 -0.04830498933333762
3175 0.09650591109904758
3176 0.0881304386920128
3177 0.06331314484640686
3178 -0.4618792025268453
3179 -0.10560173975242469
3180 -0.37257109030598623
3181 -0.23156886188355721
3182 -0.2710692895525223
3183 0.12495554003131491
3184 0.3990369422033321
3185 0.08447134679778628
3186 -0.30266666277580356
3187 0.023703864812102182
3188 -0.16934346895419944
3189 0.004017967408354011
3190 -0.05037037082048574
3191 -0.05392261517759813
3192 -0.00019276717161217385
3193 -0.0734990015161008
3194 -0.017118529156318063
3195 -0.002421076888327998
3196 0.01588896977654155
3197 0.030108832480019092
3198 -0.040193931277880394
3199 0.009687776092883682
3200 -0.006543280493810601
3201 -0.06372734209357982
3202 0.12752907894613535
3203 -0.02949263656717847
3204 0.1075966257536702
3205 -0.08308610571378335
3206 -0.00016534283976344795
3207 -0.04730504908306666
3208 -0.05606754760032889
3209 -0.05784125417122768
3210 -0.08287331804591942
3211 -0.07656321878127928
3212 -0.0447865211519483
3213 -0.003991847715612088
3214 -0.0031524440743092045
3215 -0.0227153724685886
3216 0.014262317701431621
3217 0.02332655106633593
3218 0.08526429907815214
3219 -0.02083526410148399
3220 -0.022220463814214837
3221 0.06693328476048968
3222 -0.013129707034234961
3223 -0.014010381477633187
3224 -0.06397547530496088
3225 0.018101054306961142
3226 -0.005628981402026726
3227 -0.02721808987812497
3228 0.011914860513654651
3229 -0.019214526119753664
3230 -0.0015605804524189083
3231 -0.03227420631164687
3232 0.04880868270609526
3233 0.2324521690772574
3234 0.1995491813733006
3235 -0.12751051331424457
3236 -0.059542449905193515
3237 0.10542934131836877
3238 -0.02086571056020295
3239 -0.14606435516902652
3240 0.16562106175655988
3241 -0.06284975746616646
3242 -0.0013117424570146528
3243 0.02304059963634092
3244 0.011832822750576554
3245 -0.01759787556341795
3246 -0.023436313064003365
3247 0.06246797215610991
3248 -0.010358112088465097
3249 -0.01317387582851295
3250 0.0009677821658934114
3251 -0.022032303438001773
3252 -0.05093780093673645
3253 -0.04611200995363188
3254 0.04745251264591706
3255 -0.07294981895820941
3256 -0.0637322617061761
3257 0.14766140915581283
3258 0.017780938011624888
3259 0.01720820509329105
3260 0.13835515902216142
3261 0.32875706197771065
3262 0.05343176083657267
3263 0.07227396120573891
3264 -0.018424637065801313
3265 -0.07638793664148937
3266 -0.25974625394743245
3267 -0.18664470884942247
3268 0.1195215455310859
3269 -0.022959132850268005
3270 -0.059332188466590725
3271 -0.0375889228298681
3272 0.022089080671423417
3273 -0.012473263771966172
3274 0.05504960939632489
3275 -0.1004871826108557
3276 0.11775623665234258
3277 0.08753294257675423
3278 0.03193722686877588
3279 0.006228592840381282
3280 0.0350699304334472
3281 0.12322738945256248
3282 -0.0780837523438484
3283 0.01797531976332066
3284 0.04352852846536008
3285 -0.020186931960854183
3286 -0.01920747816100702
3287 0.023087992426574482
3288 -0.030887653752903144
3289 0.04321819130302781
3290 0.04975093244132279
3291 0.05902318166576073
3292 0.18464230723747113
3293 0.03995613080019093
3294 -0.02403383596197636
3295 0.02864646563298989
3296 0.004358919891947548
3297 0.0183407763757651
3298 0.011549397245374179
3299 -0.027116504916079105
3300 0.009349305971592758
3301 -0.040985767262357545
3302 -0.014018219656108112
3303 0.0001487270746997085
3304 -0.018229491851444114
3305 -0.10423660380826466
3306 0.0005240695724977671
3307 0.002639213973757443
3308 0.02042623409725991
3309 -0.03983083220035744
3310 0.031147046366743963
3311 0.015574048377022524
3312 0.0049975468724175525
3313 -0.027596982471378914
3314 -0.006279948677060919
3315 0.015136901449404844
3316 0.011047085849770428
3317 -0.030650746518474027
3318 -0.0017977596008632627
3319 0.09870670371180838
3320 0.03184972081724775
3321 0.10956201049113423
3322 0.10443582846619624
3323 0.116084056973276
3324 -0.4290158845975947
3325 -0.4409042502463442
3326 -0.019642526829246863
3327 -0.3979213014680193
3328 -0.03822607216972985
3329 0.3414008223374579
3330 0.05565619647583952
3331 0.1950701007377871
3332 -0.06571319999458718
3333 0.11877503592033616
3334 0.10525271169414692
3335 -0.2303247338078252
3336 0.0345812430955621
3337 -0.3490551701372073
3338 -0.23228502004112503
3339 -0.07610776232260669
3340 0.1567142609129689
3341 0.02329329280620606
3342 -0.10316804672613439
3343 0.011602995973501706
3344 0.13477062391272335
3345 0.019413147133312835
3346 0.022683715618757865
3347 -0.23961764111738615
3348 0.015118644319406129
3349 0.06047608345456195
3350 -0.07990311018505133
3351 0.09364889266224774
3352 0.035589200727587575
3353 -0.021472119993384328
3354 0.019481673059688804
3355 -0.01672918359579492
3356 0.0048047249356467404
3357 -0.13293406546876607
3358 -0.06789162294032236
3359 -0.01906208859029621
3360 -0.048308408612666234
3361 0.030689698549068677
3362 0.02039987671851807
3363 -0.00419452872657815
3364 0.057070089496739744
3365 0.10770051956843242
3366 -0.08269862332789127
3367 -0.1758562225822842
3368 -0.08281533402454588
3369 -0.11663441074866354
3370 -0.18080070680145277
3371 -0.05594022260450245
3372 0.0696302633710492
3373 0.04137181408119913
3374 -0.02302688857162698
3375 -0.02521084715893458
3376 0.06209346807821858
3377 -0.07511253000865338
3378 0.0716632547547123
3379 -0.01805480170906368
3380 0.044591693353293105
3381 -0.0445295788880682
3382 -0.04433920435650675
3383 -0.006189993651041142
3384 -0.008724924015199049
3385 0.1329389558204203
3386 0.08137166673673954
3387 0.10516559983495052
3388 -0.15741986659174276
3389 0.14956743472139636
3390 -0.05572239518472878
3391 0.02446792668835665
3392 0.17660850663208846
3393 -0.1363608388281643
3394 -0.12727654939702787
3395 0.013787551263019296
3396 -0.11957202702222097
3397 -0.004760056841052409
3398 -0.06737739070604694
3399 -0.06113872358085191
3400 0.05152676665382689
3401 -0.04877878041175882
3402 0.13554504828551758
3403 0.06521803818280118
3404 -0.09582323330183208
3405 0.16177155249192945
3406 0.04757487665745276
3407 0.0334543709395684
3408 0.0020175313700446103
3409 -0.06814869095005506
3410 0.030092965569668242
3411 0.06247826303548531
3412 -0.004495479509032847
3413 -0.08277575806306432
3414 0.06738703292017655
3415 -0.228259032594797
3416 0.0896034624652765
3417 0.06937771932906947
3418 0.1729217692361361
3419 0.11581840374240814
3420 0.09342699555922343
3421 -0.04351727488186365
3422 -0.01205668567467162
3423 -0.12281260918596287
3424 0.00601886267567542
3425 -0.3878104835576009
3426 0.08938240042767727
3427 -0.40506013589787176
3428 0.0989354365099851
3429 -0.1586109885399917
3430 -0.16774556831575463
3431 0.2663070820440477
3432 0.11046334507614337
3433 0.020573167738716473
3434 0.015872750319532516
3435 -0.12837628304796256
3436 -0.10131585130957604
3437 0.05763025573384864
3438 -0.00271185983960824
