#dihedral index   #correlation
2897 -0.6500229650245458
614 -0.6152904747024598
1325 -0.6149565036435976
1760 -0.5973582862288487
1747 -0.5690417649525419
2906 -0.567086164897532
1032 -0.5577280858759385
1705 -0.5524590646449242
601 -0.5355230768385733
2406 -0.4926244204641125
2893 -0.49090425893751927
600 -0.481589834155636
2900 -0.4741015657573364
186 -0.4707438264338159
546 -0.47042782302028413
2404 -0.46772283047014707
1714 -0.46558023326894427
2000 -0.4648438022904239
3178 -0.4618792025268453
259 -0.46005112224283884
2892 -0.4591821737646127
1746 -0.45526482003381963
1269 -0.4497204329529935
2860 -0.4427431799656745
3325 -0.4409042502463442
335 -0.4359148858992096
3324 -0.4290158845975947
530 -0.42695051909336035
245 -0.4235131619286677
2644 -0.42321558739411125
1288 -0.422354351749453
336 -0.4214639902954834
1499 -0.41652881929487884
352 -0.4134215729954239
1292 -0.41286832276699664
848 -0.4057927971520906
3427 -0.40506013589787176
2773 -0.4010884599927698
3327 -0.3979213014680193
1469 -0.3958482990616701
219 -0.39277078367248613
3425 -0.3878104835576009
526 -0.37979275602036905
1283 -0.375819497725247
3128 -0.374204772708293
1475 -0.37277640182266697
3180 -0.37257109030598623
1780 -0.36944328763925544
567 -0.36808345966609674
1406 -0.36674329738573924
2663 -0.3637372503758677
2456 -0.3615796864211861
1627 -0.3614275054443198
569 -0.35791497754854945
1751 -0.35789555091069886
2035 -0.35783125748267613
717 -0.357710322921657
1678 -0.3558655164313929
353 -0.35127003002758533
3337 -0.3490551701372073
605 -0.34901406459104084
2645 -0.3485136055443956
1498 -0.34749375317427833
260 -0.3470222709383154
2838 -0.3456778118236485
2839 -0.34508734321689005
2179 -0.3448376382551535
338 -0.34456858674824153
573 -0.33680494553676066
1706 -0.33619913935348644
263 -0.33541657541220926
572 -0.33505566645619994
2178 -0.3312446458704474
95 -0.33121801460913125
836 -0.3269701490261351
514 -0.32559914479438146
2820 -0.32485769712668094
517 -0.32433269099469975
1662 -0.3241604820359734
371 -0.3223995543104125
2191 -0.32164682830769487
381 -0.3216036826571466
334 -0.3214854478897979
2425 -0.32090569121872553
2479 -0.3193695864527503
1359 -0.31801753960865353
2188 -0.3178589962031833
895 -0.31375312019707996
2665 -0.3131634032494015
2334 -0.3123409351153707
891 -0.3120984412137393
1358 -0.3094556352068383
497 -0.3091844422052501
369 -0.30883962658506303
1031 -0.30853471977009905
516 -0.3083661328799453
1865 -0.3082771385270099
2913 -0.3081358198869746
1217 -0.30684452619117925
2929 -0.30530075634559617
2761 -0.30463419140945736
258 -0.3035187578414999
3186 -0.30266666277580356
143 -0.3009352673365127
1165 -0.2988052244911931
1693 -0.29785125046251343
1663 -0.2970174049747465
1214 -0.2969581421674089
2390 -0.2961194792052824
342 -0.29377394277414143
1461 -0.29304023859111666
139 -0.28914930632478814
835 -0.28861381484546783
1856 -0.2883521099028814
816 -0.2882214326277769
372 -0.2868544033731138
323 -0.28636867785187453
2478 -0.28550358040842566
2186 -0.28524432243542747
1133 -0.2851838552284509
2928 -0.2839377016091769
2428 -0.28265408262372066
2361 -0.2823824367034041
2817 -0.28213844634798174
1327 -0.2796049195776905
892 -0.2783441416389467
1040 -0.27751479857686195
392 -0.276414910843119
1981 -0.27637731314050534
1703 -0.27439778274220267
1541 -0.273629512357356
2824 -0.2718871306888995
1702 -0.27172143019897443
3182 -0.2710692895525223
559 -0.2709919654798687
1677 -0.27087793493827667
1355 -0.27008165267135237
827 -0.2689857997669652
1620 -0.26642662564911795
2514 -0.26618733383613996
2480 -0.2657867107323478
1328 -0.2655005981553053
1551 -0.2649044230494217
1045 -0.2622050772014316
555 -0.26211948261632007
67 -0.2602795891464457
1479 -0.26023600526976204
3266 -0.25974625394743245
3141 -0.25926532173960737
1741 -0.2584434357031794
365 -0.2581436295003459
719 -0.2580374217401303
3151 -0.25708451883545325
1732 -0.25670789914846115
2455 -0.25647172567345167
495 -0.25617819387562235
984 -0.25612193126544924
2615 -0.25539839425055105
823 -0.2552936524962974
718 -0.2552491651937308
2809 -0.25378100456099484
2247 -0.2536567916915326
2656 -0.2528228289148619
2661 -0.24923725534123986
2709 -0.24916337817894113
2822 -0.2482017313025127
2552 -0.247419926226831
1212 -0.24721416448320932
2637 -0.24703251507113314
2810 -0.24610917438011937
357 -0.24519125016911222
1540 -0.2450406571606261
547 -0.24495131137736836
1138 -0.2444611380762726
1442 -0.24426554312246423
1994 -0.2441585909178751
1244 -0.24350468821995516
2697 -0.2418136845246325
2622 -0.2415758744247703
834 -0.24076778508215593
3347 -0.23961764111738615
2577 -0.23953649343746533
253 -0.23891580320201286
2806 -0.23403719273185652
2364 -0.2338398897720037
2753 -0.23267681404513402
1284 -0.2325401386527695
1982 -0.23253972669017176
3338 -0.23228502004112503
1977 -0.2320414472336504
3181 -0.23156886188355721
1243 -0.2312735891613351
2649 -0.23117995556853047
3100 -0.23075967564867603
3335 -0.2303247338078252
885 -0.23009142544154906
2389 -0.22980201515754287
1306 -0.22972298861355375
2537 -0.22855024737535692
2823 -0.22844325730426424
3415 -0.228259032594797
2033 -0.22789887516806134
723 -0.22787447632929364
720 -0.22763620476646002
1326 -0.22756877937706785
3062 -0.22743631129782513
2766 -0.227381475004974
1738 -0.22715122435710172
481 -0.2267522600979495
3108 -0.22628576329301814
525 -0.22625912566919926
2493 -0.22611892013018325
1048 -0.22528176742419737
3020 -0.22491574081338783
1215 -0.22411936358940088
884 -0.223262046138561
1866 -0.2225373794920335
1224 -0.22221644218343622
2233 -0.2220728884891936
2729 -0.22197337450412097
2849 -0.22116575300337563
145 -0.21989087327114124
449 -0.21973205099807386
2843 -0.21884201791718821
1168 -0.21833158631354485
1876 -0.21663363694266935
123 -0.21641264105517666
558 -0.215220350778256
2329 -0.21446832061236115
2089 -0.2139986165908051
1660 -0.21377954915860772
2599 -0.21346576540084317
3120 -0.2134013901293881
2182 -0.21290232128438588
1707 -0.21220843752521537
2370 -0.2115624063732418
2235 -0.21149276345124074
1697 -0.211316524219469
622 -0.21123978764974963
2305 -0.2106962257190749
1363 -0.21021366147229775
647 -0.20968230738912944
1743 -0.20958189038416825
1874 -0.20918540343621225
1858 -0.20918298973418345
2712 -0.20916115471101013
1272 -0.20846605036687785
1184 -0.2084284153664012
1431 -0.20823615046536248
2941 -0.20783003738317024
592 -0.2071398344444697
22 -0.20632310635056555
2003 -0.20560265128711144
2515 -0.20537192902465728
2844 -0.20365420769463208
126 -0.20299517147325105
1193 -0.2023931985526147
2640 -0.20118730626751868
420 -0.2010294983501677
315 -0.20069487908470288
1642 -0.20059230148108642
2977 -0.20006479593486193
2752 -0.1998505467431515
725 -0.1994994306325489
2446 -0.19860724926473283
223 -0.19790271992645783
351 -0.19671518743298466
211 -0.19648845130703654
496 -0.19574331773444098
2657 -0.19536836242890473
2386 -0.19510156069865336
2234 -0.19485278480091298
528 -0.1948247333338533
100 -0.194029238359637
1220 -0.1937641422862928
244 -0.19064726690732756
1754 -0.19044972000710358
2864 -0.189963651516871
3136 -0.1895112613946116
3127 -0.18915270204375892
1535 -0.18906058126902714
2631 -0.18903915923938347
3035 -0.1890161254257347
646 -0.18861718251713797
1737 -0.18856476891535412
1361 -0.1884851772562171
595 -0.18823636713593903
2763 -0.18788988409256496
3022 -0.18779998053399713
2643 -0.1876696249527624
3267 -0.18664470884942247
21 -0.1855509610752837
2915 -0.1854437117834034
782 -0.18357271667748726
2339 -0.18329481233826184
146 -0.18208758137041933
3370 -0.18080070680145277
2684 -0.18068881256701272
2932 -0.17980367964216792
3077 -0.17939486969343385
2726 -0.1790520488256121
373 -0.17903315144667106
2808 -0.17845820475475793
1794 -0.17822337257220638
2502 -0.17818691693744076
1765 -0.17756522664083468
2634 -0.17744058578534305
1640 -0.17743545706722713
3367 -0.1758562225822842
2365 -0.17436477202868345
1975 -0.17368538605107797
102 -0.17337401030120334
1042 -0.17285016762908417
1054 -0.17240795508230308
434 -0.17234914333947576
3029 -0.17225648321575843
2659 -0.17188876174596243
1855 -0.17187603608020174
2625 -0.17175973844126083
203 -0.1706742720878338
2295 -0.16987312735559054
2669 -0.16943841976239488
3188 -0.16934346895419944
1744 -0.1687434015996848
3430 -0.16774556831575463
1636 -0.16763041591883573
2476 -0.16757465274635647
377 -0.16540194971125985
474 -0.16532889911434334
642 -0.1653167162624115
69 -0.16496373078614615
1368 -0.16476206546365701
3150 -0.16457841223721673
13 -0.1645526677528173
1610 -0.16384265448188265
2121 -0.16376171979905702
3126 -0.163048713273166
38 -0.16291703574876543
1639 -0.16288951352635078
2189 -0.16230823804129693
2818 -0.16195899874322886
1365 -0.16169780931893246
2925 -0.1615346465705601
2898 -0.16152829017941456
2865 -0.16140190085885361
2469 -0.16114153515710627
3083 -0.16034506312264496
709 -0.16011619672052269
1275 -0.16008299583315852
1078 -0.1597822685098211
1122 -0.15872259704987696
2359 -0.1586914783110279
2408 -0.1586827108502872
3429 -0.1586109885399917
2914 -0.15855809471183352
551 -0.15816219064751355
2130 -0.15808701004834885
2056 -0.15779168762475917
3388 -0.15741986659174276
2349 -0.15735454103313043
2272 -0.15701082473920233
454 -0.15532454617792738
1632 -0.15520949182606264
1183 -0.15512129141542766
2086 -0.15478576331574992
1411 -0.15454382137247616
1062 -0.1545078232246944
2403 -0.15441546062608452
1360 -0.1542449741829616
943 -0.154005352939287
3027 -0.15392195185974822
3007 -0.15350243938244845
2262 -0.15318511168713558
254 -0.1518055214532364
448 -0.15118084163588535
1101 -0.15110252379787956
568 -0.15094177814943346
1072 -0.15078039397126716
3000 -0.1502683978800875
1102 -0.14967402380896705
544 -0.14908229819812854
1502 -0.1490661602413391
2434 -0.14900316514546028
1824 -0.1487325898882713
2554 -0.14869518585608985
2507 -0.14869447040353448
910 -0.1486616325629141
745 -0.1485671952361047
1875 -0.14854641625369697
416 -0.14775265237466087
1661 -0.14730435789695764
198 -0.14661765426619566
3239 -0.14606435516902652
433 -0.14587938240654721
515 -0.1458493785060563
2878 -0.14554416785913843
1574 -0.14549819272564993
1206 -0.145169289074507
716 -0.14475336753348436
2660 -0.1447163076376058
1999 -0.1445943464840358
883 -0.14457456612002106
1240 -0.14431604559327338
2288 -0.14431580139574648
2872 -0.144154232390502
2433 -0.14366720211396447
285 -0.14360412594490551
1566 -0.14332326770068787
417 -0.14278191645705313
27 -0.14267591503659213
1221 -0.14252909168790928
2508 -0.14248282209325308
2943 -0.1418747625123943
2786 -0.1415468278229579
19 -0.141517091513798
2800 -0.14094108503821384
1849 -0.14050959802732366
1437 -0.14048970615587408
321 -0.13982725574288568
3051 -0.13893551446264324
2202 -0.13879453251721877
1223 -0.13865444137559693
1171 -0.13853224338381162
2450 -0.1383185096963102
2548 -0.13812630080497718
2555 -0.13805862278871153
694 -0.13780412747232706
1871 -0.13778389852823553
2782 -0.13733466321365223
2278 -0.13727708774428515
1100 -0.1371679256542011
3393 -0.1363608388281643
532 -0.13618572764853998
1329 -0.13598664673514452
1118 -0.1357931947792992
627 -0.13575254212804153
1077 -0.13559517242886288
1164 -0.1351612282624104
1877 -0.13488439483265455
2136 -0.13426884936992964
2218 -0.13374010508478112
3142 -0.13332454130280771
1157 -0.13328887202277667
634 -0.133018394635104
3357 -0.13293406546876607
2041 -0.13123033266852108
1403 -0.13115543706007976
1279 -0.13102951988732603
2251 -0.1305330311495302
608 -0.13047867197403112
590 -0.13045423797484573
1761 -0.1299461943288856
1773 -0.12984614509887046
2973 -0.12927118319970493
1105 -0.12925197200867197
43 -0.12925002824813622
2891 -0.1290182843301899
256 -0.12880754112180773
453 -0.1284115464132272
3435 -0.12837628304796256
129 -0.1282277800467364
945 -0.12774156308045193
1488 -0.12770816229886384
2506 -0.1276613954648572
3235 -0.12751051331424457
3394 -0.12727654939702787
2748 -0.12701365553049743
2431 -0.1269693606742663
172 -0.1269090469601116
1083 -0.12645823223458572
1700 -0.1263302805087903
1902 -0.1259800568771173
94 -0.12582912989670433
975 -0.1257266328032053
2813 -0.12462424752029591
1151 -0.12451897119922088
168 -0.1230018763439467
18 -0.12297468587196284
1219 -0.12293263607691365
3423 -0.12281260918596287
1497 -0.1217408093885004
1465 -0.12126710377730118
250 -0.12115362402688175
1300 -0.12069123121636917
1670 -0.12061597826233697
349 -0.12054353965537398
1573 -0.12021578163043842
2415 -0.1201316077258648
1086 -0.11997082628563195
2470 -0.1196482172573547
3396 -0.11957202702222097
2472 -0.11947592055714508
59 -0.11901057310550309
968 -0.11873951282520047
1869 -0.11862166648066619
1180 -0.11847488566742657
1209 -0.11818345938352161
1064 -0.1179369203349227
2093 -0.11791081056145879
808 -0.11789755542683415
3096 -0.11739879446678844
2600 -0.11739246637863397
831 -0.11731143639944894
344 -0.11711290002079723
1618 -0.11705567651139445
676 -0.11693534402968483
2215 -0.11679265281211941
791 -0.11674239419713002
2924 -0.11671446019927055
1405 -0.1166844810720344
2959 -0.11667780824140724
3369 -0.11663441074866354
2887 -0.11650523309408303
2326 -0.11596442554355296
1057 -0.11573026008891846
2120 -0.11567386035327337
1580 -0.11546567389184698
2283 -0.11527254901152532
2504 -0.11515147033689303
724 -0.11512234660938792
2521 -0.11497657962674276
2091 -0.11480035032867755
1322 -0.11423073559761335
1194 -0.11412369498970157
2095 -0.11396810017971573
1302 -0.11376984749274821
1264 -0.11365975074219783
15 -0.11318235237172412
339 -0.11299915857569022
2263 -0.11284870424719179
2192 -0.11245179269321769
875 -0.11227246995330777
735 -0.11226146400571954
1852 -0.1117098831899522
1153 -0.11154765985571671
832 -0.11080200080628612
1369 -0.11069745575789536
2851 -0.110506737164837
1624 -0.11043967603415236
1387 -0.1104227945109542
1962 -0.11035483424857506
2745 -0.11014265287869701
124 -0.11008442575533886
688 -0.11004569655326864
2547 -0.10961983026161161
1260 -0.10909367304380382
692 -0.10804183660483778
947 -0.10774134923024714
2007 -0.10767845015671218
3026 -0.10761732691581313
1980 -0.10742458781288762
2993 -0.10706400029222574
1538 -0.10654456819764421
1989 -0.10597527424015586
2708 -0.10583274051639692
2050 -0.10566789668288024
3179 -0.10560173975242469
3082 -0.10551448445240531
1862 -0.10537034811120492
1699 -0.10536016132605704
2994 -0.1053297715444801
2765 -0.10521920357479705
1864 -0.10479700003724288
1166 -0.10444957930733237
130 -0.10443857880557933
3305 -0.10423660380826466
518 -0.10387468057251008
233 -0.10381547085977888
521 -0.10370193635668452
1144 -0.10351963161409158
3342 -0.10316804672613439
1531 -0.10316097624009955
2525 -0.10315761367043168
1156 -0.10301472323755965
2836 -0.1028761427215532
2509 -0.10256557202464339
2795 -0.10239235582696773
1698 -0.10189922494206731
1390 -0.10163761141968444
2012 -0.10162177137573397
238 -0.10157922165126816
2464 -0.10151449580669436
3436 -0.10131585130957604
542 -0.10128910711740874
2794 -0.10089904675994074
2299 -0.10079222740270455
3275 -0.1004871826108557
375 -0.10042220452479074
616 -0.1003917841811837
237 -0.1000522029088572
2109 -0.0996691816258501
239 -0.09954149311633317
1213 -0.09953415954006989
2222 -0.09938625926115996
1294 -0.09909553478401781
3021 -0.09896604662256518
1185 -0.09873584606442734
712 -0.09851399406718514
2265 -0.09836437823137743
2211 -0.09798783515182034
1619 -0.0979553910330388
905 -0.09794770689116579
80 -0.09763762248556233
76 -0.09757939407957511
255 -0.09722691495187973
881 -0.09709647803530248
2947 -0.09698780426346482
1713 -0.09684577152116561
30 -0.09678186481596415
1226 -0.0963237739220683
28 -0.09622682693209252
690 -0.09593177332698986
3404 -0.09582323330183208
2297 -0.09563654893122796
1245 -0.09552996306191776
2221 -0.09540475583942987
825 -0.09520439568954932
2195 -0.09497639638842191
1229 -0.09450843688384084
225 -0.09440912573728942
1494 -0.09430076083855574
360 -0.09408338691209713
2511 -0.09393948685813887
2330 -0.09361890792270701
1128 -0.09326202523504391
2939 -0.09322564301252065
3048 -0.09317175455799287
976 -0.09310759035607158
1859 -0.09286440635438024
2001 -0.0928229692694802
2453 -0.09250489094800154
1091 -0.09239874107071509
1664 -0.0921832582124976
31 -0.09199965353151268
679 -0.0919411945998845
790 -0.09184162859973227
1820 -0.09172699005662314
164 -0.09154488164730891
589 -0.0914363144108387
121 -0.09135288030098881
944 -0.09095863130807731
1136 -0.09087686154682485
2293 -0.09078700075434598
77 -0.09071443987263088
322 -0.0904772933388543
37 -0.09021734697646795
755 -0.08992566959049841
1141 -0.08929597423389646
133 -0.08871068289582947
486 -0.08862913066456911
39 -0.08859225357946639
1131 -0.08846708486255393
2418 -0.08841383221736936
2945 -0.08840739872131691
2671 -0.08832812126442358
556 -0.08827040084319994
1058 -0.08766942928537787
2610 -0.08738463452384655
3117 -0.08724642915912349
1175 -0.08717949951679034
1831 -0.08691949990341288
1331 -0.08680326260793099
1410 -0.08662880956602058
3148 -0.08605447101578104
826 -0.0858825020334616
2641 -0.08585277124310227
153 -0.08582920639909941
1084 -0.08570021935093187
2930 -0.08551266251128661
385 -0.0853362092463613
2034 -0.08496819714304635
2308 -0.08490071481391774
2734 -0.08458689410293867
2314 -0.08428241190508455
1471 -0.08422839747435294
1522 -0.08420644070117592
370 -0.08408109727155862
1544 -0.08394694442354685
313 -0.08391705599709247
35 -0.08384842779364926
1851 -0.08376969054564692
508 -0.08367327283213126
2922 -0.08356562272533677
2132 -0.08351644185335752
1530 -0.08343826559400624
1485 -0.08342562430963298
1583 -0.08324972950224023
3205 -0.08308610571378335
1777 -0.08305555400334619
2160 -0.08299771066966381
2079 -0.08299184235169507
3210 -0.08287331804591942
3368 -0.08281533402454588
3413 -0.08277575806306432
3366 -0.08269862332789127
3086 -0.08266066493089881
801 -0.08254788173016173
2950 -0.08224023495139952
2341 -0.08139904611701142
2946 -0.08123159588832285
1577 -0.08109080212102193
597 -0.08059742730351817
711 -0.0801986958103249
1041 -0.08015138966077778
204 -0.08009443956048241
1905 -0.080065282923379
3350 -0.07990311018505133
2097 -0.07969303097669476
1615 -0.07955013707795514
1954 -0.07948707427203976
1248 -0.07944879952830274
2587 -0.07943830622421431
728 -0.07936346410047677
2280 -0.07912362560851692
513 -0.07907705322436756
1588 -0.07896196020731301
1892 -0.07894370228505329
1043 -0.07868238717144907
643 -0.07846263915539496
2357 -0.07837525958205745
81 -0.0783112899327414
3282 -0.0780837523438484
1030 -0.07806271016576687
128 -0.078034903425098
2696 -0.07764617834975271
1438 -0.07760420452667462
2058 -0.07744435751802577
2804 -0.07744153227959535
705 -0.07729000340058644
2468 -0.07722037898702355
2918 -0.07721472503629805
3211 -0.07656321878127928
1792 -0.07655099815236592
3265 -0.07638793664148937
933 -0.07634338715919095
1407 -0.07620194667273453
1676 -0.07610925788206778
3339 -0.07610776232260669
325 -0.07598522972269794
2639 -0.07597223519367231
1868 -0.07590525341565907
403 -0.07582451402159257
1310 -0.07559729709992216
1271 -0.07550977273623555
602 -0.07548976291041769
583 -0.07548716935546756
2214 -0.07548339015273907
1081 -0.07542127841764465
1055 -0.07515832436415058
3377 -0.07511253000865338
737 -0.07505804489013986
1065 -0.07493610941744491
2449 -0.07487647105101343
6 -0.07482454552926794
1079 -0.0748012846672081
1401 -0.0747781219357985
1106 -0.07476558381689392
1278 -0.07471582465193763
2917 -0.07461215377049621
1671 -0.0745088172546059
470 -0.07443125626731341
564 -0.07400189397100096
3043 -0.07385855567038409
2140 -0.07351489846964285
3193 -0.0734990015161008
2883 -0.07342924037621372
2970 -0.0734149976092121
2124 -0.07339782579408151
2424 -0.07336266166423057
2505 -0.07333436709121799
1652 -0.07295256889121716
3255 -0.07294981895820941
3031 -0.07294287400167099
2090 -0.0728805299488715
9 -0.07283163150974836
3158 -0.07259497805426908
2882 -0.07243861782136943
1939 -0.07234768988221733
1389 -0.07229765542749791
1926 -0.07214413685390826
1311 -0.07202546833814508
2421 -0.07185120182912581
1432 -0.07168573942169133
1169 -0.07152649335128704
2319 -0.07148300479850545
543 -0.07144373432561384
1188 -0.07135981723815704
3039 -0.07125566458337654
480 -0.07114657783906915
1718 -0.07112188579695154
428 -0.07073676636483732
1276 -0.07057551378230445
657 -0.0705356726861663
505 -0.06992476001957847
877 -0.06980026397362131
1104 -0.06924415047640928
512 -0.06905618926736554
2845 -0.06905031193478396
201 -0.06895651361791677
1189 -0.06891494457284977
2471 -0.06890142757898224
2894 -0.06875508594851938
2157 -0.06872543691696073
2282 -0.06840163730111798
3409 -0.06814869095005506
405 -0.06801565956186553
2550 -0.06790631107565641
3358 -0.06789162294032236
167 -0.06781609724343132
3041 -0.06777073980596438
2901 -0.06774360470262537
3014 -0.06759141826549014
217 -0.0675444863839394
3398 -0.06737739070604694
2754 -0.06704791632097429
410 -0.06704000357115707
200 -0.06703658516125559
3139 -0.06702261412000872
617 -0.06698519055561562
752 -0.06666471239701431
2340 -0.06657379838461853
796 -0.06652166401888772
171 -0.06640092731786403
1724 -0.06636019269568151
1550 -0.06634510964227536
2648 -0.06620555985461912
1491 -0.06606076442954079
379 -0.06603895222075089
2491 -0.06601927831886374
640 -0.06599738720693618
2210 -0.0658132489280087
3332 -0.06571319999458718
2801 -0.06568683824516577
2571 -0.06565254890995006
2039 -0.06563529479177663
1321 -0.0655464429860005
287 -0.06552489904262547
1630 -0.06526021292075174
2798 -0.06497687504715854
419 -0.0646526656555489
2904 -0.06462367567881727
283 -0.06435406757501681
2335 -0.06434090316537402
1344 -0.06411350381103674
3224 -0.06397547530496088
478 -0.06382199806263907
3256 -0.0637322617061761
3201 -0.06372734209357982
1203 -0.06371610881127794
160 -0.06364596235166128
1537 -0.06363402727500782
916 -0.06360656163060152
2536 -0.0634301362437491
1995 -0.06338626451869388
1341 -0.06296048652215046
2153 -0.06291487006627867
3241 -0.06284975746616646
1543 -0.06268565059303902
1608 -0.062414615360739466
722 -0.06220577386671042
3399 -0.06113872358085191
2224 -0.06094718499019684
1827 -0.06090513374758795
2673 -0.06069899349500852
1938 -0.060643823756733335
175 -0.060258077735758926
1459 -0.060238707719243174
2996 -0.06004046149865673
1785 -0.05993383113692792
34 -0.05991381791524592
2796 -0.05980277880076485
262 -0.05964333948617361
3236 -0.059542449905193515
1154 -0.05948625163338884
3270 -0.059332188466590725
2728 -0.05922061661431247
1449 -0.05921252309365472
2567 -0.059209551809799074
2890 -0.05911684649562911
962 -0.05885419807040154
418 -0.0588339487206988
1658 -0.05869673838710703
2356 -0.058545684205642955
2206 -0.05837182368196509
464 -0.058365234447126414
2719 -0.05832932669937032
1099 -0.05831785467336538
1172 -0.05830727971429826
1451 -0.05821944898204763
2105 -0.05802326553566417
356 -0.05795586258932652
3209 -0.05784125417122768
1799 -0.057803834335242193
952 -0.057708916972465704
179 -0.05769410407258803
2027 -0.05767656749442765
3023 -0.05758479758708865
2232 -0.05745828971626753
1840 -0.057423573332648345
468 -0.057279857186144346
2731 -0.05725763908012489
658 -0.05718022376396299
1742 -0.057173391580793535
446 -0.057170891699133614
2755 -0.05699894951740402
901 -0.05681903189191838
1644 -0.05666715759228984
2881 -0.056543939550888475
2620 -0.056512681875712366
988 -0.05646490513009501
586 -0.056376728321206084
1757 -0.05622455283830395
780 -0.05614262131694724
2256 -0.056094225523236535
3208 -0.05606754760032889
2778 -0.05599659064283651
1885 -0.05599284863125223
3371 -0.05594022260450245
197 -0.05572974036812752
3390 -0.05572239518472878
1532 -0.055522088468093415
195 -0.05546700934812913
822 -0.054847600308358696
73 -0.05477397393466453
112 -0.054613715357171994
2252 -0.054538700129757776
2196 -0.05452761422233125
714 -0.05439267070914685
2617 -0.0543010670661152
2320 -0.05401992244066969
596 -0.05397034690612774
2260 -0.053961059780666044
3191 -0.05392261517759813
973 -0.05387504796781874
2846 -0.05368997395093113
2393 -0.05354555132583316
386 -0.0534655299171354
857 -0.0534063073247506
119 -0.053167759251448225
1241 -0.052937706077899466
3089 -0.05292012742992865
2268 -0.052897921393034
1408 -0.05267408761221912
2998 -0.052595336336641596
1633 -0.05247127098288384
2964 -0.05235077307712633
1274 -0.05224792925272692
1425 -0.05219216962145201
3044 -0.052061965034817116
2029 -0.05205263267198041
2720 -0.05203431759316485
1254 -0.05196974255125627
3091 -0.051842734842784864
751 -0.05167854681381007
631 -0.05165655855269012
3055 -0.05160532666364039
1402 -0.05152513488994583
49 -0.051385457093086936
1087 -0.05107423842050719
2518 -0.0509836037520522
429 -0.05098050237726231
3252 -0.05093780093673645
378 -0.050890861017118996
2703 -0.05050682358177205
2598 -0.0504292876645907
2354 -0.05042088288538255
3032 -0.050378737309237476
3190 -0.05037037082048574
440 -0.05036588626864154
2248 -0.05035886053576005
3114 -0.050302744812403544
2799 -0.05024599577268221
1397 -0.05014341463695621
2351 -0.04997317166643816
348 -0.04985358249120957
2250 -0.0498299630050524
2387 -0.04961302152182137
1112 -0.04947724587526803
176 -0.049442428148863925
2535 -0.04943514364355233
1845 -0.0494280070741287
2538 -0.04933100861277871
1277 -0.04924195094526191
2060 -0.04919290035358205
2237 -0.0491283756638001
739 -0.04903726180766118
2499 -0.048892669760464164
3401 -0.04877878041175882
628 -0.04872034371516619
3109 -0.04858995431289324
2020 -0.04858843258297756
938 -0.04849929703291827
979 -0.04847912323612206
1791 -0.048332592186592374
1152 -0.048329001858736426
1483 -0.04831119138114643
3360 -0.048308408612666234
3174 -0.04830498933333762
1655 -0.04830086675829208
2204 -0.04811570923840893
2672 -0.04790561565130528
2036 -0.0478821513577641
295 -0.04766459348501667
1659 -0.0476121505891785
3017 -0.04760256272852832
1638 -0.04758112820149855
3207 -0.04730504908306666
1979 -0.04724905833746961
2031 -0.04721302899205184
2291 -0.047045868374794936
1901 -0.04701968352654767
1617 -0.047018973680054484
2607 -0.04695996162195829
2085 -0.046843120480294015
1162 -0.0468357068967456
3166 -0.04679634076698418
1806 -0.0466798709733718
89 -0.046622266661778614
1730 -0.0466003908393832
3253 -0.04611200995363188
2451 -0.04587120084109375
1711 -0.045780414109035675
821 -0.04566921057841271
2686 -0.04551322723582607
1486 -0.045233240693034235
2667 -0.04518098595439804
2021 -0.04510526709066781
2025 -0.04494332036148618
3146 -0.04490414633604659
742 -0.04479693338133849
3212 -0.0447865211519483
3381 -0.0445295788880682
3382 -0.04433920435650675
125 -0.04401308391360053
1733 -0.04400155304108398
2614 -0.04392694975471237
1913 -0.04388292257068172
3143 -0.04363264243821772
3421 -0.04351727488186365
2785 -0.04351553915763047
2772 -0.04348957327006186
2792 -0.043434726913836055
3084 -0.04340522330319214
32 -0.04328729041031662
1647 -0.04322565225818194
463 -0.04316260833174241
778 -0.042976762971061906
2176 -0.042973638214177066
1890 -0.04296736723369974
1004 -0.04289410543857405
2494 -0.04283503874118005
3063 -0.04270172018189235
2873 -0.04262107199440754
541 -0.04254435197056374
1315 -0.042540534236706215
269 -0.04253178504005998
992 -0.04249959794073428
3115 -0.042451364675121624
2257 -0.04244731716079762
1920 -0.04236863191822653
2594 -0.04216375586601995
2052 -0.04214712334875085
2962 -0.042133609766817896
654 -0.04207263683642218
2438 -0.04178038811007158
303 -0.04177044228582236
2613 -0.041749464769893
1563 -0.04168766095889139
1490 -0.04165673930476392
1804 -0.04128025063621629
1539 -0.04124696107647817
1060 -0.04104974068614185
803 -0.04104880537163977
3301 -0.040985767262357545
455 -0.04090582728034622
2779 -0.040740761337934424
1521 -0.040518706158222687
3198 -0.040193931277880394
3033 -0.04009459116848437
2155 -0.039990744001374284
2578 -0.0399556973651589
127 -0.03988933860915017
3309 -0.03983083220035744
2009 -0.03972815834094993
3090 -0.0396712133946755
1398 -0.03962340415434094
493 -0.03937842148193429
730 -0.03933695003280878
1222 -0.03933364102650887
2949 -0.039326967600346596
763 -0.0391688417885007
1445 -0.03909489105104742
1625 -0.03899221254582144
2343 -0.03892478982005847
939 -0.03884128805749919
458 -0.03881609699561071
2611 -0.03880222274817038
2546 -0.03866763535329893
1204 -0.03865661661895506
1186 -0.038594197005446515
42 -0.038539414415843194
2987 -0.038476935877973115
859 -0.038386090404943445
1382 -0.03836980420625578
1649 -0.03824747689480654
2561 -0.03823351729396322
3328 -0.03822607216972985
1844 -0.038186546603514185
2331 -0.03817281617168652
3003 -0.038114155224029125
163 -0.03804595417371981
2517 -0.03786880128839719
248 -0.03782091383131121
2203 -0.037722368652638345
451 -0.03768844305365798
967 -0.03759573073953887
3271 -0.0375889228298681
2710 -0.03747738478319017
1270 -0.03738016845012551
784 -0.03735540318209916
1511 -0.037184160719042854
2078 -0.037180861233722565
2490 -0.03708471173393412
3047 -0.03707767919786962
46 -0.03704173976571051
805 -0.03701883444953422
552 -0.0369859507171376
2266 -0.036897826264775384
1996 -0.036860186731414266
2526 -0.03681529878244648
3088 -0.036813068805654645
1790 -0.036619583955412614
471 -0.03661577744902858
1297 -0.036499120715386676
948 -0.03646929908644788
817 -0.0364623027928004
294 -0.03642205174830593
2651 -0.03638972189134865
142 -0.03630260829308328
1418 -0.036140954637811605
1439 -0.03608828542247505
2216 -0.03606471734876249
2290 -0.03598242112313326
2045 -0.03597729259063922
2690 -0.035658461275159065
538 -0.03563172245756226
1464 -0.0356234734836727
2249 -0.035591843674993164
2706 -0.03548836913034625
216 -0.035485624042825736
288 -0.03545868829292862
1919 -0.03518687120059711
131 -0.034785518765211534
844 -0.03476819411209764
1342 -0.03473741006962656
2170 -0.0347144977570306
1899 -0.034698843125130815
84 -0.03437048442580542
686 -0.03429606999406648
2553 -0.03429559935521729
1420 -0.03416175299731704
915 -0.034153541042436335
117 -0.0341053223699616
772 -0.03410392267356157
1726 -0.03392105440656649
1228 -0.033892428039104035
598 -0.0338482470009778
760 -0.033807722643772416
473 -0.03376114705402273
2965 -0.033543129689349784
1803 -0.03336164074533879
1208 -0.03333545168312093
3140 -0.03325277330431177
1200 -0.0332311870916191
489 -0.03320964156036317
1421 -0.033152476941020415
3 -0.03310341703309198
1909 -0.03300045662116394
2367 -0.03284901112574478
114 -0.03274366053689348
509 -0.032743336761291694
2010 -0.032478527140184316
289 -0.032443614934174164
978 -0.03237624201270632
2119 -0.03232564058611402
3231 -0.03227420631164687
475 -0.03222148965870267
3121 -0.03212903224897737
1575 -0.03209880648174561
1015 -0.03204213926610303
673 -0.03195425657665256
437 -0.03182149792985155
2226 -0.03177424850340136
3036 -0.031773271817842653
1356 -0.03166991745251381
1942 -0.031379116424855025
190 -0.031368302518926965
3040 -0.0312085225138921
700 -0.031183137735580492
2933 -0.03108614172795801
2432 -0.03102136277168707
2699 -0.03099365273355449
1201 -0.03098580260963503
169 -0.03092659575638499
2113 -0.03092652261508963
3288 -0.030887653752903144
2889 -0.030865981948434706
2937 -0.03084984544847541
2718 -0.03080726602021872
997 -0.03080234436576732
2616 -0.03073302223557365
3317 -0.030650746518474027
2557 -0.03062472106570699
2148 -0.030491090279579258
2488 -0.03031522207391955
2284 -0.03030665303389143
1689 -0.030213862885427156
1252 -0.030128000469075013
866 -0.030118959025311757
2013 -0.03001330273485422
500 -0.0300032491819888
986 -0.029985147538185045
1126 -0.029898581966117527
2788 -0.029813695369365716
1414 -0.029793452470190423
893 -0.029780702116118732
75 -0.02966489383218982
1934 -0.02963722012263356
462 -0.0296058457909784
2137 -0.02959108475268693
1238 -0.029509433084761737
3203 -0.02949263656717847
2698 -0.02942281689184768
2855 -0.02936768979408122
8 -0.029345719238968466
2072 -0.029337778006686233
2465 -0.029262115941884718
1688 -0.02925388755579537
1496 -0.029236237107491132
764 -0.029193942595950272
1349 -0.029071490593564064
1070 -0.029058285073105768
2738 -0.028952738319786002
2783 -0.028838475133709292
1935 -0.028742780493159002
1970 -0.028410042429703585
2850 -0.028297000520141644
1593 -0.0282744118087341
2081 -0.028097877260286855
923 -0.0279999536097319
2171 -0.027977793051952887
1562 -0.027872511706195837
1908 -0.027808969737267472
397 -0.027690905676601853
3313 -0.027596982471378914
2737 -0.02740538431953471
566 -0.02730455321640687
2676 -0.027248257656485735
747 -0.02724122749272179
3227 -0.02721808987812497
2128 -0.027135997396854655
3299 -0.027116504916079105
1685 -0.027024421362394233
2563 -0.027019045164988986
736 -0.027015257000389786
2811 -0.02692891802053975
149 -0.026891257708275305
1095 -0.026852078145848456
1007 -0.02681561731327949
1889 -0.026750102734943097
743 -0.02664372697453076
1319 -0.026616236973075774
2174 -0.026464639223789888
1811 -0.026459312016474966
1635 -0.026380603161214572
2430 -0.0263746114643304
3079 -0.025913421416222715
345 -0.02589503721557623
482 -0.025851786174183822
1371 -0.025841302757647334
771 -0.025663281916926274
3112 -0.025528646213613566
1552 -0.025515670319633237
2989 -0.02549835410148359
670 -0.025427254375401463
2151 -0.025381401325963508
86 -0.02537409961575397
47 -0.02532915925584197
2473 -0.025303641280923404
2337 -0.02529223071896566
1592 -0.02525734500488001
1347 -0.025245548187335314
272 -0.025240429907016162
3375 -0.02521084715893458
2321 -0.025054818649138107
951 -0.02500957575396293
1019 -0.024974158913434935
1409 -0.02492932193704542
1696 -0.024803724436249317
1553 -0.02479126827771142
1720 -0.024497779000702758
2372 -0.02443324058624749
2621 -0.02432546778887366
2452 -0.024276786501094366
2585 -0.024069906729571388
3294 -0.02403383596197636
152 -0.023948315795272925
950 -0.023942764861504037
65 -0.0239227240415668
3028 -0.02389975570886822
1653 -0.023867326799764586
293 -0.023800092032997634
1429 -0.02373871765888092
1372 -0.023730011777975065
1147 -0.023647433602293134
91 -0.023614953921714792
3246 -0.023436313064003365
3156 -0.02342284050375574
3159 -0.023382634541744923
2167 -0.023375779239303597
2725 -0.023293369338556903
2444 -0.0232886258869259
611 -0.023219168305519972
1526 -0.02320662183880454
2910 -0.023171403871119944
733 -0.023162644691662723
3374 -0.02302688857162698
3269 -0.022959132850268005
2588 -0.022911642552211627
1005 -0.022810705035411275
3215 -0.0227153724685886
3113 -0.022588920947749277
1235 -0.02258549103289761
1944 -0.022426423953518588
2835 -0.022229748641761853
1146 -0.022227123915155335
3220 -0.022220463814214837
554 -0.022169847609948983
540 -0.022095616660056605
1250 -0.022083493768801025
3251 -0.022032303438001773
504 -0.021905114017313827
402 -0.021889875263006394
2501 -0.021868769899348002
1932 -0.02176042926463507
2104 -0.021681615670307186
785 -0.02165555131227981
898 -0.02156100823638813
1819 -0.021495226299461222
3353 -0.021472119993384328
2764 -0.021434001765858725
301 -0.021429303659090314
2236 -0.02140325852455039
2739 -0.021371583723955558
1967 -0.02135938767615426
3155 -0.02119127437930682
3238 -0.02086571056020295
3219 -0.02083526410148399
2096 -0.02083198845480153
40 -0.020806543579605596
2919 -0.020721576463850148
937 -0.02070030914216772
839 -0.020436374090900225
2205 -0.0203537673333052
3285 -0.020186931960854183
1191 -0.020176307949931874
2520 -0.020106514921877067
2454 -0.019970830338693783
2269 -0.019961297252021407
767 -0.01993928038187232
1691 -0.019805396746153076
903 -0.019779411398223628
774 -0.019725602035299113
2549 -0.0196817127906268
3326 -0.019642526829246863
789 -0.019572012482502114
2575 -0.019565725988845303
492 -0.019508977211017388
3068 -0.01946241039953124
1886 -0.01939221028719599
734 -0.019329492962795024
490 -0.01926522917740392
3229 -0.019214526119753664
3286 -0.01920747816100702
2294 -0.019186167691569295
3066 -0.01915994340871794
2632 -0.019152943725321392
396 -0.019148848439306445
2355 -0.019142184389983725
3359 -0.01906208859029621
1648 -0.018978357084481513
231 -0.0188890921244145
996 -0.01876130799132162
1609 -0.01869699254480761
502 -0.01862858617811961
1830 -0.01858839586178993
3264 -0.018424637065801313
2558 -0.018379274364261726
257 -0.018366416254945717
290 -0.018341100850536432
3304 -0.018229491851444114
141 -0.018206756975642547
3379 -0.01805480170906368
701 -0.017830691100397544
959 -0.01780475974075948
236 -0.017766400173797006
1444 -0.017717344405335272
3245 -0.01759787556341795
2419 -0.01745998073496702
2023 -0.017425536703880348
2149 -0.01730436905119228
2062 -0.017293880442077848
2026 -0.01728252299708418
1800 -0.017186540543140137
3194 -0.017118529156318063
1231 -0.01705275644601888
702 -0.01697671144139337
2383 -0.016962048127462336
3355 -0.01672918359579492
876 -0.01672684612623436
1068 -0.016671861841460058
1377 -0.01659349288435203
669 -0.01628872791410567
2377 -0.016252266617758266
150 -0.01622366317304956
2409 -0.01621882287194366
1513 -0.016146622208766406
173 -0.016143585051240847
2077 -0.01609325680619165
2853 -0.01605460196495903
2832 -0.01603347568961731
1251 -0.01602791181772111
2583 -0.01589240131877552
2903 -0.015780778346841454
148 -0.01575733018635022
2254 -0.015746768690469336
137 -0.015657420584601026
2064 -0.015629346347307293
3056 -0.015596246294433434
1074 -0.015188166976896674
667 -0.015091360215115781
2678 -0.014943711769806968
1964 -0.014923463588336981
2519 -0.014919568095867438
2158 -0.014907614067379811
302 -0.014891600398994181
773 -0.014868566205934712
2083 -0.014714983298170854
2322 -0.014705016355866627
2642 -0.014673341879981677
963 -0.014637259352054973
1017 -0.014470180027894193
1897 -0.014433243878476294
1940 -0.014391013115439503
7 -0.01436916241226466
1177 -0.014354105622128228
2223 -0.01435005858233846
2054 -0.01430335716145813
2732 -0.0142870162178229
974 -0.014230380105822239
2812 -0.014166126186267966
3024 -0.014088973997022169
3302 -0.014018219656108112
3223 -0.014010381477633187
2652 -0.013988655067662486
2107 -0.013963423295819097
2936 -0.013940317801829857
118 -0.01382772005651672
355 -0.013805957020403707
1898 -0.013775895128067395
11 -0.013765575305578827
50 -0.013748312965482673
1124 -0.013585575495111914
3071 -0.013562547935344046
2629 -0.01329551594079919
2164 -0.013238293314169043
3069 -0.013236760534274894
3249 -0.01317387582851295
312 -0.013171544297253302
3222 -0.013129707034234961
305 -0.01310496045179649
1867 -0.013071732221962272
928 -0.01301323166363173
1918 -0.012980040566617591
2011 -0.012972413435793551
132 -0.012932614395424376
3170 -0.012862213410601907
2934 -0.01273994376229703
2410 -0.01272027519339542
1343 -0.012585248217558421
3273 -0.012473263771966172
1969 -0.012428606906045463
1682 -0.012078476639136682
3042 -0.012058820266070741
3422 -0.01205668567467162
3153 -0.011905959205232916
98 -0.011781104146501823
2983 -0.011776747408993867
1557 -0.01161184686001248
740 -0.01157376204957056
320 -0.011529538825162724
2445 -0.01152747050886907
2953 -0.011374968313857255
960 -0.011342869283304316
2245 -0.011324258793682488
2781 -0.011258589725159175
2065 -0.011241828251648829
1236 -0.011202465667436014
273 -0.011030598474445544
1674 -0.010940677647436848
1548 -0.0108514753525774
2911 -0.010769693430899329
2423 -0.010765014886763902
1308 -0.010662533541583457
1949 -0.010581598368254293
2239 -0.010443532987131436
3248 -0.010358112088465097
297 -0.010326886284257422
1028 -0.01018538664744697
3165 -0.010182242177548102
467 -0.010118825640490707
2460 -0.01007239964339871
1568 -0.010059200757039503
2586 -0.010010911171209752
1650 -0.009906899016932052
2921 -0.00988505971251708
1903 -0.00987014000541893
2589 -0.009862094065206821
2411 -0.009806236707413573
404 -0.00978858201358782
2376 -0.009784110023002075
2159 -0.00977066956664638
1788 -0.009757964379797873
1968 -0.009583867012038238
2927 -0.009387746206182504
1841 -0.00937126838492219
966 -0.00927279608103616
457 -0.009037240406590668
384 -0.009033166375044598
936 -0.008962735125880679
299 -0.008908456723836507
2116 -0.008907499135238209
2619 -0.008861630625900513
864 -0.008861323841730651
953 -0.008855270016501656
2495 -0.008843626314319591
3384 -0.008724924015199049
1233 -0.008542105475457024
1606 -0.008516208960676489
2022 -0.008515067884183013
1187 -0.00844939653051734
1495 -0.00838367207451862
2082 -0.008372899290777593
2556 -0.008354413475130676
750 -0.008154182741592677
766 -0.008137159790395216
162 -0.007905076129794021
1135 -0.007866055780539328
106 -0.007838643583620299
2736 -0.007823209515884173
925 -0.007805443408327804
1651 -0.007719634744702821
2595 -0.007715569871330124
1808 -0.0077015872125358355
2532 -0.007654206693323049
697 -0.007558738526285948
2854 -0.0075542599639144455
678 -0.007518235419033228
644 -0.00745960810467105
2380 -0.007176771388264822
1253 -0.007144044903497262
2076 -0.007121073314819538
2227 -0.007119951403973082
987 -0.007023298567549053
3065 -0.006976612065589774
182 -0.006879640018949141
1687 -0.00685947661663677
1694 -0.006858351008337112
2209 -0.0068334282461138115
1024 -0.006733253466094052
1748 -0.00665265259814916
786 -0.006606716901775536
3200 -0.006543280493810601
2019 -0.006516498337173496
2342 -0.006491250198553681
104 -0.0063707302479369034
1296 -0.006337392715603064
2757 -0.006333326615907285
3314 -0.006279948677060919
2150 -0.00620596867742472
2217 -0.0061916793600390865
3383 -0.006189993651041142
479 -0.006161394639426336
2961 -0.006148672242981334
2018 -0.006043307921600806
109 -0.005972089785260674
2 -0.005971894949707471
1230 -0.005847926992929775
2770 -0.00584371748305198
1813 -0.005813951155429027
2592 -0.005714485388500237
3226 -0.005628981402026726
929 -0.005598042068600675
1672 -0.0055772910277203614
1924 -0.005519189159328504
1668 -0.005490208321941998
1021 -0.005475763228967246
3168 -0.005431843939027758
2496 -0.005421571377500936
1818 -0.005289881867491775
1809 -0.005119403472381748
2049 -0.005087482033971168
873 -0.004927231243934686
161 -0.004850924368552657
3160 -0.004806975228615062
3397 -0.004760056841052409
108 -0.004754710846042266
222 -0.0046547107890065765
1435 -0.004520989755180311
3412 -0.004495479509032847
1928 -0.00430826039403314
2771 -0.004214278362228265
2005 -0.004196460744366614
3363 -0.00419452872657815
1595 -0.004034521406194012
3213 -0.003991847715612088
1514 -0.003957442430643212
1472 -0.003933131873975009
2705 -0.0038755815561935863
696 -0.0037806862879764054
2069 -0.0035801890508559125
2142 -0.003446343821189402
1173 -0.0034375801788570893
1351 -0.0032295901979472502
1115 -0.003209587289011152
3214 -0.0031524440743092045
427 -0.003066813451832313
1114 -0.0028847511738433846
116 -0.002862580293299206
2028 -0.002832428680116651
1008 -0.0027261205364674827
3438 -0.00271185983960824
2122 -0.002660817801637074
2344 -0.0025678660821092767
926 -0.0025473717485472213
1721 -0.0025251021810937836
908 -0.002421957815545466
3195 -0.002421076888327998
748 -0.0021032607910860582
1558 -0.002074831104577014
72 -0.002042441946937966
2912 -0.0020310509347454984
33 -0.001981756747666617
275 -0.0018896006333378149
2604 -0.0018789331042436154
1895 -0.0018654074617638179
3318 -0.0017977596008632627
279 -0.0016564907305339099
425 -0.0016323991524376858
3230 -0.0015605804524189083
1646 -0.0015198230170440621
1394 -0.0015154830188148858
1143 -0.0013906037866986078
843 -0.0013837215727127918
1654 -0.0013607566687376923
3242 -0.0013117424570146528
972 -0.00120251601191927
776 -0.0011644988996904674
1290 -0.0011081915148195133
1665 -0.0010430098356974831
809 -0.0010184435823578657
51 -0.0010004923365724834
1179 -0.0009095941175650567
2070 -0.0007635107128326705
1929 -0.0007336540105375663
1591 -0.0007197556892469606
879 -0.0006608881938773076
2416 -0.0005423916064548933
2301 -0.0004836642818701558
1370 -0.00048054035241452535
3067 -0.0004396108351501469
1199 -0.00043893520139774624
1002 -0.0003870676600870644
3059 -0.00038562636660461095
3192 -0.00019276717161217385
1195 -0.0001678261281649302
3206 -0.00016534283976344795
1896 -2.5939160084499374e-05
2417 0.00010603219874966771
3303 0.0001487270746997085
460 0.00017024578568344953
995 0.000318548782697682
2459 0.0003715717480758556
2982 0.00047216054412367754
3306 0.0005240695724977671
2016 0.0005647840971269908
2398 0.0006151136652357014
1590 0.0006808612845952224
2486 0.0006831694102735882
2803 0.0008687534975810582
2790 0.0008771713035340178
3250 0.0009677821658934114
2017 0.0009705587251471214
1018 0.0011466944928885643
2100 0.0013249044137765822
1843 0.0013513399684946883
818 0.0013625515219356555
1816 0.00138412426551874
1870 0.0014487540683035135
252 0.0015068434187616286
1314 0.0015578231349795354
1313 0.0015736625709371743
2545 0.0016359486226103287
2162 0.0017112952760554045
3167 0.001817475709276124
770 0.0018325229250230196
2485 0.0018525992325601245
2110 0.001891800053905676
3058 0.0019356177284984843
1473 0.002014488428914908
3408 0.0020175313700446103
1069 0.0021005974203995555
1728 0.0021254960620775095
2074 0.002137200352469198
1931 0.0021473654590353094
2213 0.0022408014789955743
57 0.0022542824996222965
1130 0.002280848364052202
48 0.0023528425282067973
2106 0.002407284565289671
2066 0.002415364618098259
1915 0.0024211838373165706
3018 0.0024392277974047234
2292 0.002455074251606423
2258 0.0024848498574184434
3307 0.002639213973757443
2006 0.002735780205999963
661 0.002749834824429715
956 0.0028017591048604728
2225 0.0028169030769712774
794 0.0028295087632402177
1110 0.0028360472945002033
101 0.0028417805434744286
3008 0.002886722235605311
919 0.0031005663786564264
927 0.0032039038150537716
1089 0.003274404128924943
1345 0.0032832958455064815
2984 0.00331978018330709
2429 0.0033374672933609395
1339 0.003385949359005393
2161 0.003462970940932418
2316 0.0036003414582970543
940 0.003689355844633944
1912 0.0037718753868176123
2163 0.0037868925346740785
2165 0.003821353492725141
1534 0.003847339605717563
519 0.003868473433192896
3189 0.004017967408354011
1564 0.004018404504325751
2015 0.004023516632101116
930 0.004041576385423135
1842 0.004075309007309327
3038 0.004189988037608674
282 0.004196050623808238
2992 0.004201640355269581
1103 0.004312957407037215
450 0.004338797766336484
2584 0.0043497145616814455
3296 0.004358919891947548
376 0.004375563491169842
2279 0.004400433924792325
2075 0.0045617525232476315
3049 0.004575120825855294
2068 0.004577339702964151
2073 0.004773730818948883
1107 0.004781463393817023
3356 0.0048047249356467404
1307 0.004833619114354462
3312 0.0049975468724175525
53 0.00509892641173394
1966 0.0051093451210430345
2957 0.005207822784569406
2397 0.005228208365704826
1893 0.005275959371643901
298 0.005276784715510417
2102 0.005297598895186043
869 0.005392265401650911
111 0.005469920563359116
3006 0.005472566973583495
2346 0.005590790543109253
2926 0.005694376739638655
136 0.005732835186682712
459 0.0057442213592673284
3149 0.005784416873402034
619 0.005791849648394693
732 0.0058084015643923275
1525 0.005878110497932594
2381 0.005999585114688859
3171 0.0060031571423924835
3424 0.00601886267567542
2047 0.0061378248091230585
775 0.006152977306104789
3279 0.006228592840381282
3064 0.006275188982501471
2513 0.006422100167619728
2014 0.006493577508746674
503 0.0065328712145377955
2564 0.0065606112666997595
1129 0.006622477234121631
854 0.006634411852466319
1784 0.006679492479100412
2141 0.006742063587980798
1436 0.0067463184108168435
872 0.0068399227275752605
1178 0.006845747866058443
1388 0.00685654623549765
2053 0.0068682819166451916
753 0.006909153994377627
2422 0.006921026843554605
1391 0.0069342783427987185
1814 0.006959680643563715
2569 0.007034982964479231
2461 0.00705102928940829
2694 0.007098063117454689
977 0.007310674017302291
266 0.007315813086836884
2590 0.007344661980892397
1025 0.007635189901185345
2716 0.007679901819726918
3005 0.007728675202897735
1205 0.007986774342510182
1542 0.008034655594867662
2951 0.008038082753777834
957 0.008050577602865495
958 0.008093195988647578
2328 0.008108749262035279
2094 0.008152422013082514
1009 0.008231400297453012
1887 0.008447259603593195
659 0.008503015637282016
3116 0.008541711438428802
1605 0.008576250656357134
1159 0.008622387725367626
912 0.008642050284045858
1559 0.008671824358482034
1922 0.008699658499442667
695 0.008732435100191971
665 0.008815972674454758
2067 0.008979988574954606
2528 0.008982265721009375
922 0.009085832653089206
1487 0.009206576165816101
1719 0.00922667406640317
442 0.009259625616213418
3300 0.009349305971592758
394 0.00935618986518368
2944 0.009401564360485233
2562 0.009442373382317102
10 0.009532451749852575
230 0.009625116696161623
2379 0.00965338732984484
3199 0.009687776092883682
2968 0.009788829440474748
1925 0.01001875616434221
2352 0.010051506540257308
2242 0.010051824122978623
2401 0.010136492165779117
291 0.010176539454082258
56 0.01034353360997167
2743 0.01046151778186571
3076 0.01047177340949297
296 0.010598916747883389
115 0.010733371486311793
1810 0.010759138249015057
1616 0.010766615821054315
1907 0.010784570209401769
539 0.010832003379386872
2670 0.010878321594044758
671 0.010889649677289694
2420 0.011023075518480101
3316 0.011047085849770428
860 0.01109973917117848
2378 0.011290250382014526
849 0.011323126860237091
318 0.01139400298253215
2954 0.011467283394488395
699 0.01147364315515591
2024 0.011537919277291
3298 0.011549397245374179
662 0.011572598860439242
1003 0.011590185409504346
3343 0.011602995973501706
1873 0.011624073406775704
3244 0.011832822750576554
2559 0.011833039205191543
1337 0.011865431352947979
1036 0.01189838217511854
3228 0.011914860513654651
765 0.011961345367123519
17 0.012038920690492201
1265 0.012063390921417907
2805 0.012083492298489321
1586 0.012296473378571541
441 0.012312599339636817
935 0.012378420773961736
1010 0.012431710594614872
858 0.012687269013256555
2285 0.01269458338546636
1416 0.012736177918294074
1572 0.012784392325107691
1807 0.012853429833712779
578 0.012916081770953112
2650 0.012963843965226065
2842 0.01299570022976882
1680 0.013018278505140975
1879 0.01307282269962332
1776 0.013160134724198923
994 0.013392936940403026
1422 0.013510417792742853
1467 0.013535291460941859
1815 0.013592516038433861
2742 0.0137824841396725
3395 0.013787551263019296
1340 0.01392086145006902
501 0.013931320459352423
2172 0.01395021499427502
863 0.013975104495888638
20 0.014002509074513543
1014 0.014034069363093921
2952 0.01405629387162084
3037 0.014104525462181617
3216 0.014262317701431621
54 0.01426796359186791
989 0.014283577438050648
194 0.014380012644844778
2791 0.014556028500620818
880 0.01457089969816419
738 0.014594454180897755
3169 0.014696143972260692
1951 0.014822736538242958
87 0.01489456419397935
1758 0.014919945717295534
3348 0.015118644319406129
2942 0.015121067699710548
2530 0.015135051944193758
3315 0.015136901449404844
942 0.015137792886227018
52 0.01531332774541568
2596 0.0153274582237218
1320 0.01548121232016075
1305 0.015482489319056847
1150 0.015520996579689753
2593 0.015566310781726548
3311 0.015574048377022524
868 0.015805306974215953
3434 0.015872750319532516
3196 0.01588896977654155
1891 0.0159144198989267
582 0.016010889963028883
1894 0.016040854600802804
90 0.016083896714490255
1441 0.016406828768155513
2400 0.016412226077471843
2976 0.016457504469946375
2787 0.01648083053974095
2874 0.016761297687963982
1923 0.01676477875863761
2154 0.01704411045892638
862 0.017138369400775053
3259 0.01720820509329105
779 0.017249612072051418
2324 0.0172927544925681
2597 0.01732068816547332
1384 0.017564118836413536
407 0.01771235590128056
1016 0.01771749698239445
1950 0.01774937216920822
3258 0.017780938011624888
2523 0.017785896761327726
1145 0.017833223808425294
1507 0.017906712132242274
1576 0.01793192087797304
2115 0.01796308109856281
3283 0.01797531976332066
2524 0.018020204446469658
649 0.01802286247490014
55 0.018042891072133166
1197 0.018053674775745345
3225 0.018101054306961142
2123 0.018178212291952895
3297 0.0183407763757651
276 0.0183649335351435
3152 0.018399562704777318
612 0.018474052257093358
2774 0.018500723107104915
2144 0.01862215187692808
2032 0.018731453811656428
1555 0.018802085119317538
993 0.018953543162278725
749 0.0190268578610513
1965 0.019047633025788557
1052 0.01914849684436275
3019 0.0192079520581211
2327 0.019291329816056618
2603 0.019307704708529206
3345 0.019413147133312835
1667 0.019427078711849517
3354 0.019481673059688804
955 0.019515459918269376
1683 0.0198959595152071
2704 0.020017459013787035
3111 0.02004064300593682
1519 0.020066648892789106
1801 0.02010866438468005
1117 0.020153645742226802
3102 0.020165601005004186
991 0.020245931402686112
674 0.020308376573653666
3362 0.02039987671851807
731 0.020420265944137928
3308 0.02042623409725991
3433 0.020573167738716473
672 0.020594791192638004
810 0.020686937237140213
2244 0.020791410191509773
487 0.020791538381622024
1917 0.020836514023128618
2125 0.02092387732938474
2281 0.020967099440759387
1565 0.0209758932589411
29 0.021050215628665266
2963 0.021221331589725643
1262 0.021237171611761665
2271 0.02133295671432666
1386 0.02138772975939148
754 0.02145492932367983
212 0.021510588752733324
1524 0.021521473121127423
3050 0.02155742410830671
2318 0.02156125640913446
134 0.021562903797226335
2287 0.021574839880745707
3135 0.021602922321464345
2048 0.021636966714850197
2902 0.021770350790204923
85 0.021807250792946924
103 0.02184792198269807
3162 0.02191386871852915
954 0.02193025718450515
1056 0.02205262152772922
1536 0.022060073710875934
3272 0.022089080671423417
1695 0.02209065453116884
584 0.022121275699099833
1006 0.02219258694686201
1911 0.022571116898760683
861 0.022578198046172046
3346 0.022683715618757865
205 0.022701752537918445
2988 0.022710113152346355
2487 0.022797502240392693
2956 0.022850441828686993
921 0.022904965447960758
398 0.022924208008234585
2717 0.023013872276250562
1930 0.02301877818245223
3243 0.02304059963634092
2336 0.02305414999478873
3287 0.023087992426574482
2991 0.0232501489155117
3341 0.02329329280620606
3172 0.02331566647373371
3161 0.023318517983702367
3217 0.02332655106633593
2147 0.02334099477217274
2071 0.023342674292682494
2194 0.023421885732781218
2138 0.023428282308076358
2463 0.023469790240817752
1333 0.023474326919830014
1001 0.02350125157490167
1578 0.02352159627636152
2317 0.023631925278936868
3187 0.023703864812102182
1560 0.023736993001854403
1725 0.02376471843388166
3070 0.023902400867119093
1385 0.024127399484462107
2701 0.024208325669257836
1579 0.024261697601105733
2990 0.024333156847432275
3391 0.02446792668835665
1945 0.024472719963941136
3015 0.02455122807279711
2374 0.02463595757492144
870 0.024646457238149844
1817 0.02466856971306035
1257 0.024683747508708956
1443 0.024789923929636495
2350 0.024798210935785263
2948 0.02492515660945809
1834 0.025259381025829447
990 0.025379551602890144
2875 0.025381577383428357
2668 0.02543364059242233
511 0.02544061357714919
3072 0.025470268014262342
300 0.025505654012690192
1413 0.025557085392198142
1149 0.02562217798117444
1604 0.025753245305478435
2551 0.0257842881427791
2741 0.0258933779932675
2441 0.02590380237607687
409 0.025925565927224288
3099 0.0259741536248507
232 0.025996924427976915
45 0.026006103614284615
2375 0.02619505300222408
2831 0.02626778072630479
3073 0.026305330454860772
729 0.026328440026904657
2483 0.02635485062094329
1927 0.02637778632102145
1338 0.026402010320883733
867 0.02653517212076067
1527 0.02653621705634292
270 0.026585676764714062
1446 0.026586759167779757
2605 0.026602492164660454
1013 0.026611207673248562
964 0.026705524351166954
2208 0.02674668474399512
1941 0.026856845852144907
2395 0.027173772362882397
3009 0.027253567575325117
414 0.02758882799965516
3054 0.02760252007162297
1428 0.027636591294706515
924 0.02779969465630696
2568 0.027817330539413626
2338 0.027859080983213318
756 0.02789729859872244
1109 0.027927975748955187
1020 0.027939241534166485
2412 0.027939928557885536
2312 0.02799236452457604
2439 0.028077265779596725
2264 0.028094142946279942
1080 0.028201737816837682
1545 0.02821489043572657
1657 0.028354566747276058
1953 0.02841535972405491
664 0.02843139514111064
2531 0.02859851582200299
3295 0.02864646563298989
1956 0.028708839331173325
1872 0.028717089502980117
1375 0.02874832806036357
934 0.028940934434233127
2497 0.029038491503962975
2394 0.029079567796994697
292 0.02910745325484991
2724 0.029138587753673752
1988 0.029141879119815903
553 0.02918925766924288
235 0.029210886315850632
83 0.02927233941276063
802 0.02928979691654032
2722 0.02934599428209844
1468 0.02941978748969077
2985 0.02963310504670473
1232 0.02966132933714549
324 0.029747615251447573
2647 0.02976670528003363
2273 0.02985378131605347
1381 0.03002886495315948
2582 0.030067132880710553
3410 0.030092965569668242
793 0.030093296477894077
3197 0.030108832480019092
2360 0.03014137887771307
1137 0.03016559242815049
1508 0.03059344628239764
2382 0.030635133805945132
3361 0.030689698549068677
2253 0.030853945909430223
180 0.030864859284410125
1263 0.030878213364582907
2916 0.030904429650070852
328 0.030922838940278946
2046 0.030959508739637008
307 0.030970952025416356
2169 0.03102980711968373
3310 0.031147046366743963
2133 0.031172292512462594
682 0.03128761655408902
105 0.03131057467916496
1523 0.031426579473723994
2240 0.03182272511014106
2847 0.03183880033934233
3320 0.03184972081724775
1023 0.03187495741792757
2591 0.031936396286882114
3278 0.03193722686877588
393 0.03194272035811043
3164 0.03196867668647149
2108 0.03207629623109179
1448 0.03210398757733992
1600 0.032104109572557236
1971 0.03211252072106324
1957 0.03212472408653307
961 0.03216618020133503
704 0.0322442365861227
1914 0.032298732238867964
1393 0.03248289705555438
347 0.03256891687898883
769 0.03259990223800878
618 0.03269202356621659
477 0.03276981231218406
1454 0.032828336711119205
2691 0.03291073135077844
761 0.033020107770820976
1960 0.033111907616803535
2955 0.03312320680560952
274 0.03313331548636082
941 0.0331753449400323
907 0.03331370229816934
2274 0.03337771262090648
3407 0.0334543709395684
1637 0.03358202058651505
3163 0.03361801576933397
82 0.03362136607811701
1795 0.033707100433217584
2888 0.03371718336879661
281 0.03374141970654462
3097 0.033823927975727024
144 0.034050587111656795
507 0.03405105346094618
1378 0.03410023371136049
2063 0.03413601690385034
304 0.0341954085608071
1796 0.03427838466336967
1198 0.03437785041338308
998 0.034378679744878106
3336 0.0345812430955621
26 0.03459736093316322
1132 0.03495936641003818
135 0.03501375453767784
1681 0.03506263890710603
3280 0.0350699304334472
1517 0.03508209415529833
698 0.03510957021185352
1088 0.03527284220144993
1012 0.03527461243784925
2500 0.03547773135842659
1211 0.03548470134615132
3352 0.035589200727587575
1863 0.03559685093395365
906 0.035676053630096974
1900 0.035686961860593565
575 0.035808259827175996
439 0.035923873065720105
2099 0.03602712552273542
2834 0.03631427864960667
485 0.03634023086949746
2938 0.03643846821293494
2856 0.03661695557555922
2396 0.03679852695761345
2143 0.03693355013375922
899 0.037058756007847374
1963 0.03707739256077502
483 0.037110356157301946
1786 0.03712743188612231
2166 0.03733536475901027
1022 0.037556808119449094
1764 0.03757838996372365
1503 0.037654233192082685
920 0.037880150317646695
3061 0.038157933085783816
2756 0.038167051880460705
88 0.03838107502478857
650 0.03840401204828939
2080 0.038736646443792475
2038 0.03876704370833567
3060 0.03884009951353502
2467 0.03884154763597161
3001 0.03901416015105177
3125 0.039277302123793795
874 0.03928096692745112
2702 0.03930827122439733
3293 0.03995613080019093
918 0.04007297501300055
469 0.04007670435038955
343 0.04021568932838886
1234 0.04029841763886953
1148 0.04031464415727358
2118 0.040456445251569384
1460 0.040560227143799435
2907 0.040647525712487656
580 0.041122553237818125
1346 0.0411345730558316
2246 0.04129418305716939
1447 0.041343417671210046
3373 0.04137181408119913
1256 0.0416704298851107
2931 0.041719258889644784
1722 0.041726217469832266
1516 0.041859498556369966
1847 0.041901472697629165
58 0.04192744321131118
2103 0.04222834810735468
1239 0.04234253782965642
1832 0.042436659840244584
412 0.04250586614226366
2358 0.04258586206079124
1011 0.04264362034480825
2711 0.04265861944396922
2238 0.04282137505255036
1987 0.04291518942181026
1833 0.04298668723856716
999 0.04300288095076911
1316 0.04300499657317497
2544 0.04313706908474894
3289 0.04321819130302781
1952 0.043218879769974516
196 0.043437839834050966
931 0.043482415047033075
3284 0.04352852846536008
2323 0.043613027938536254
413 0.04361368846848836
1127 0.04372707548855563
757 0.04378344460811385
444 0.043891008167049876
777 0.04394072217924534
2061 0.04407269714623959
1202 0.044119412264159816
882 0.04432545704720708
422 0.044397278787127216
902 0.044398958850701116
207 0.04446885877123246
1602 0.04447956384417724
3078 0.04451252154623913
2636 0.04451663028305097
3380 0.044591693353293105
706 0.044927753782749415
819 0.04494448021270653
1571 0.045079385197029705
151 0.04512210206486635
1528 0.0455434749569899
1324 0.04564349819557852
2714 0.045683202558732185
74 0.045723670567337595
170 0.04575882233961007
191 0.04577511196999905
3110 0.04577812794923458
1174 0.04582718091226708
2529 0.04594825098295658
1745 0.04605644059468644
1692 0.04630918784112637
965 0.046392705282240786
1798 0.04644411087879836
721 0.046604987526635146
1293 0.04667991235494036
2498 0.046743155174610744
1506 0.046867121950336314
159 0.046913110145189146
452 0.046979485942968136
107 0.047052928447309475
2484 0.047184682718921525
426 0.04725998591353526
2675 0.04727289511953115
3254 0.04745251264591706
549 0.047460210855787825
2560 0.047564523036827906
3406 0.04757487665745276
2735 0.047848390792381235
2220 0.047884651950645694
2345 0.04798299153070007
432 0.04806974603054738
1910 0.04810275567064634
1258 0.04819513955558286
350 0.048406689122936
788 0.04856791320352678
1348 0.04860968014147315
946 0.0487526277066931
1404 0.04875535301253223
1991 0.04876095508228679
3232 0.04880868270609526
1335 0.04882498928988953
3046 0.0488696744086438
2960 0.04902952488540517
311 0.049052385398417525
1984 0.04905397984640617
663 0.049158740079765284
1883 0.04928084549110751
2044 0.049334137150669165
1332 0.049406823437848774
3290 0.04975093244132279
166 0.049849036930557346
1547 0.049867397863863856
2051 0.050326172440087524
703 0.05038630643691633
2168 0.05069568581353004
2112 0.05076317369269081
2259 0.0507746391957336
550 0.05082749582363209
3095 0.050865304204004175
1160 0.0510092223104624
1770 0.05103222665908663
653 0.05108770372109853
535 0.05113956356975781
445 0.05125308914853454
401 0.05150860723093083
3400 0.05152676665382689
1482 0.051994591643610845
308 0.05215563562824564
1607 0.052202632280438276
3087 0.052465779546477714
498 0.052546789981955506
1309 0.052578758205836136
982 0.05275456645824596
1484 0.05279990707656201
1053 0.05280369186557712
3016 0.05306795664325004
494 0.053190111985226454
1237 0.05338786287781359
2680 0.053410539721082895
2126 0.05341706293427371
2749 0.05341718130523651
3262 0.05343176083657267
488 0.05358730815400103
2437 0.053599305462624196
202 0.053599836675283334
1092 0.053698486910272306
2841 0.053717053319639024
2443 0.053793493860734426
1457 0.05408366489721309
2134 0.054109008770991444
208 0.05418141307988824
1823 0.05428861790541132
1470 0.05436711763458509
1466 0.054393320083756504
1921 0.054611040384828995
2978 0.05480441595003612
2156 0.054874294138029085
340 0.05501816059442318
3274 0.05504960939632489
286 0.05506305113407936
1353 0.055081490734523085
66 0.055195508857067054
1729 0.055272551781649346
2184 0.05539433982976325
2923 0.05551362679771108
1196 0.05554909985664915
3330 0.05565619647583952
1026 0.05572071899115639
1427 0.055974928352530505
1603 0.056004981337324566
1376 0.056117808803131074
447 0.05632060243643914
158 0.05636367905967391
2828 0.05641027427643475
3154 0.05643255227935041
2740 0.05659326072222623
1059 0.05694566631545023
2580 0.05697292364610316
3101 0.056988724326710385
3364 0.057070089496739744
932 0.05722717604089963
1986 0.057473722516379326
3437 0.05763025573384864
1181 0.057664114513821
2384 0.05771180751421921
1067 0.057743212748963726
193 0.05782692065236564
2462 0.05789685990730105
1793 0.05814498727579059
268 0.05818716123256362
1392 0.0584007983885102
1323 0.05858578141718368
1518 0.05884161258688636
2183 0.058867262233808976
3291 0.05902318166576073
3004 0.059157499222843704
820 0.05915883719954591
2275 0.05970978307120452
1848 0.05986748747299508
1352 0.05987020348991105
1943 0.05990615184791004
415 0.059906856079977686
587 0.0601081453628612
1812 0.06028189306027453
399 0.060297601162493344
92 0.06036620771466669
710 0.06038015464153285
226 0.06038674074358409
2581 0.060458445520361434
3349 0.06047608345456195
484 0.06057785344969078
1255 0.060606233076547125
41 0.060767483497785615
2653 0.06078730389042842
2442 0.061000061550056994
1881 0.061081106423628836
1423 0.06109699676177463
648 0.06117252630246446
585 0.06130760216906425
2570 0.061389870212955076
2867 0.061490522610147834
2566 0.061538562562115665
727 0.06164335322777589
2880 0.061852508133233994
1836 0.06186046224258695
1419 0.06195726570177327
1050 0.0619745147374427
534 0.06201473338354079
3376 0.06209346807821858
1556 0.062160482946598296
1090 0.0622949047600965
610 0.062466184747995306
3247 0.06246797215610991
3411 0.06247826303548531
138 0.062486757959561996
1259 0.06257346828984206
744 0.0626138801618401
2304 0.06264540331118014
1880 0.06289037992227599
249 0.0629731270763789
1736 0.06308002636776402
3177 0.06331314484640686
110 0.06332969232250608
1756 0.06335797983548987
314 0.06342610301815331
3085 0.06359549532487944
2997 0.06367430420338172
2347 0.06371027446266758
2979 0.06400628569707903
2388 0.06450196515311377
1379 0.06466580556859547
1533 0.0648819206332411
1735 0.06493850310215293
1108 0.06499195897456499
2117 0.06502541652845906
1380 0.0650331039553204
3403 0.06521803818280118
2008 0.06525168012199488
411 0.0655578197484324
2713 0.06565297762868576
2859 0.06594331490204043
2908 0.0659480126174111
3057 0.06597768534407882
531 0.06601356432996443
1990 0.06613277165574866
3080 0.06613801100618336
2574 0.06613953111136946
1846 0.06643664103939617
797 0.06646331191658149
824 0.06651900112442735
1207 0.06654284245337135
1317 0.06672449344689535
2776 0.06682020664961819
3221 0.06693328476048968
1350 0.06703111240585506
1884 0.067258914427753
536 0.06734112572574753
3414 0.06738703292017655
3157 0.06744552212384572
199 0.06758173618675142
271 0.06763617198732205
1155 0.06768610841913118
2426 0.06786687972384704
561 0.06793681045232515
366 0.06798394095266978
645 0.06807302941159858
1512 0.06823757246059996
865 0.0684460803248427
2762 0.06869123027762171
1399 0.06873815730441427
655 0.06875249824041219
2197 0.06894905346406531
887 0.06899575905136787
2909 0.06903281802373286
2635 0.06904299069100929
1415 0.06910295505711929
327 0.06923465954908349
1336 0.06930612811121079
3417 0.06937771932906947
3053 0.06942518652801331
833 0.06946030456396884
1458 0.06958282631904036
44 0.06960934580671777
3372 0.0696302633710492
443 0.06963417073686175
1734 0.07004610027538105
917 0.07033578136763596
1561 0.07035498808411647
1825 0.07040805536717834
2721 0.07048893804754598
798 0.07069608175666088
1450 0.07071380310238795
1645 0.07111210929430262
1142 0.07117072065033657
1860 0.07121518808675202
537 0.07133189265236015
277 0.07135691615404764
181 0.07136299695059856
2689 0.07138933834447306
3378 0.0716632547547123
367 0.07177100231136214
3119 0.07181680678223999
2876 0.07213945250925816
1727 0.0722308926235917
3263 0.07227396120573891
1489 0.07233162028450682
5 0.07241789832922578
368 0.07254482130044727
461 0.07285103560693104
1613 0.0728632382011211
1000 0.07293966328163674
2043 0.07298693510369064
1182 0.07304793612929612
1684 0.07314717426312395
1303 0.07320311128157284
1916 0.07335811848362297
388 0.07348715976596472
1933 0.07430682968877035
3118 0.0743315470201191
1821 0.0747670426632067
2084 0.07478719890168822
2522 0.0748452517177274
985 0.07506582510989904
2628 0.07508937511759733
1878 0.07514428448176017
2685 0.07528064045160238
741 0.07540724840295514
548 0.07562017455718574
1383 0.07572038019727341
2474 0.07587641999572575
213 0.07607148627991442
2212 0.07620128278031144
2664 0.07628636631803194
2289 0.07639497983912918
1854 0.07666907934927747
1626 0.07711082224316669
2040 0.07718263942159041
1585 0.07730545659650205
1249 0.07737126197905662
1628 0.0774582196170214
2152 0.07754580280518106
209 0.07787033570359086
1501 0.07803783477532401
1266 0.07806761543647515
807 0.07827757976896285
1082 0.07838847825292208
1822 0.0784004500570553
1051 0.07845740354576737
871 0.078557400545973
2840 0.07869229848510247
14 0.07876982929849721
1985 0.0789494579891422
2565 0.07902236661713209
113 0.07909071578962422
2542 0.07911054554254135
2139 0.07918250963284973
1904 0.07925079098927527
472 0.07940072206697456
1599 0.07941226898140263
852 0.07947362291778445
2267 0.07982327875607036
1673 0.07982522999394913
2723 0.07996516569415818
306 0.08005794663541216
465 0.08006395400669886
900 0.08010547394494731
1596 0.08045480216050056
2002 0.08049787754480611
1739 0.08061201310539072
1948 0.08127269786680989
3386 0.08137166673673954
1623 0.08140630045842943
2784 0.08152041164592715
856 0.0815574513967476
2638 0.0816413095991381
2353 0.08184078543041395
2693 0.08194159757186124
436 0.08207439875035327
1170 0.08214766233068073
1946 0.08241467924757812
624 0.0825024991539822
762 0.08254734242497042
2402 0.08307639908761959
1452 0.0832252682917901
383 0.08325621365503438
878 0.08334614550640794
1071 0.08345928813605664
319 0.08347753967105111
3138 0.0836255353967693
652 0.08369766271862954
1216 0.0837363763731604
2300 0.08390737642207852
1789 0.08394486014088048
1093 0.08395305297863827
2980 0.08406606484176857
1587 0.08408098482494154
3132 0.0843460920447273
520 0.08441753602325125
2972 0.08444082460439242
3185 0.08447134679778628
768 0.08448499005594712
1261 0.08474960938825964
1589 0.08477341730761215
850 0.08483021824432721
2602 0.08499110902820779
3218 0.08526429907815214
1304 0.08569025390117989
178 0.08605747279587124
1453 0.08683347156585698
913 0.08707228195521442
3093 0.08708228199729459
1125 0.08718467028788698
3277 0.08753294257675423
1936 0.08760321623499798
2935 0.08766023245590925
576 0.0881188528780883
3176 0.0881304386920128
2114 0.08840475912360704
3094 0.08890137837637095
361 0.08891011778291541
1554 0.0889354194057933
3124 0.08905613298366127
914 0.089181395657005
3426 0.08938240042767727
3416 0.0896034624652765
1983 0.09004580947852897
206 0.09015858464371784
2662 0.09027047782705265
2825 0.09041057233028933
2767 0.09045163086384465
1287 0.0908133389405666
3092 0.09097094761236944
242 0.09116850563066736
147 0.09136298730330886
3013 0.09142729803202387
1312 0.09167888139639135
970 0.09172521158277247
1140 0.09178195243571147
3030 0.09185460868724221
2793 0.09198125528441829
1529 0.09198468045491631
2744 0.09199179785034438
2630 0.09204837223935203
1997 0.09213833565486851
2683 0.0921601548729189
666 0.09293026030917134
2677 0.0930191309220863
2088 0.09311091755984487
1210 0.09313523501721442
1218 0.09326622429799938
3420 0.09342699555922343
726 0.09345688076627423
2055 0.09347687421229604
1029 0.09348014380190267
3351 0.09364889266224774
799 0.09405581489734494
579 0.09424213517900228
1096 0.09428184607857784
1120 0.09433444275266852
969 0.09477095781687757
1763 0.0948857195159827
2868 0.09507043286240296
3025 0.09518678076208385
2101 0.09536891150739342
1520 0.0953782770651707
855 0.09544515457185258
2298 0.0961223612524525
689 0.09613604374267196
2145 0.09623025905469726
1802 0.09638073709089374
358 0.09643265949600978
681 0.0964933513409078
3175 0.09650591109904758
438 0.09663888642866347
981 0.09666161285446787
2579 0.09719131291002539
2414 0.09736237331652843
2986 0.09737820903826673
1039 0.09738851929619508
280 0.09747728550597037
609 0.09760097293363362
2633 0.09765369408575336
499 0.09781939329599697
2261 0.0980761325129669
2886 0.09819882619515767
364 0.09824187563269632
359 0.09831718569696805
192 0.09847834572998208
3045 0.09855017283196021
406 0.09867344185969888
562 0.09867772001457857
3319 0.09870670371180838
3428 0.0989354365099851
1299 0.09894021603654514
828 0.09902648748701438
2057 0.0991345711359318
140 0.09917779226043207
156 0.09932971565576208
1839 0.09933464329318695
1505 0.0994502306551948
1594 0.09953380931201654
911 0.09972363246857008
557 0.09976113821792272
691 0.09995976919198642
317 0.10015868898477628
909 0.10020697607529026
2310 0.10028701782039523
2042 0.10030067828899115
229 0.10039392213189063
1246 0.10061074249500591
1515 0.10061855190302121
2540 0.10069568103678321
1805 0.10091314681866048
1597 0.10096859184104935
2466 0.10106550637408146
811 0.1011470148851551
3122 0.1011557701115333
2241 0.10150119482348476
2270 0.10151063972337747
1063 0.10151120643503954
1549 0.10162654506676229
2306 0.10172484736602957
1582 0.10243615095730889
2527 0.10248444464149958
1176 0.10250944685084094
251 0.10257343543348325
2510 0.10267777363603577
2687 0.10281801728238978
787 0.1029608272472493
636 0.10305532059148177
2707 0.10317652731091541
684 0.10323130121080526
2325 0.10351319328621762
278 0.10357029001734074
1955 0.10399132669719773
456 0.10403013442502745
615 0.10410452054980784
2769 0.10411912196661804
1766 0.10414225579527267
635 0.1043775757227028
3322 0.10443582846619624
2482 0.1045167334950517
980 0.1048439628226973
2199 0.10504490446789759
1417 0.10510228262750093
1614 0.10516089036401031
3387 0.10516559983495052
241 0.10523195174916569
3334 0.10525271169414692
3237 0.10542934131836877
183 0.10550896848537668
2995 0.10563838478749227
746 0.10573469792212836
2399 0.10574000206461548
1888 0.10620494602813518
1434 0.10651815429308042
1947 0.10679222747872001
23 0.10680466789604713
2870 0.10738273189489472
341 0.10748087456219355
3204 0.1075966257536702
2207 0.10760818400311692
2837 0.10763194902766278
99 0.10763952364122656
3365 0.10770051956843242
2512 0.10821626960728649
1601 0.10878105137151275
1066 0.10878552915152051
2541 0.10887348915241471
2369 0.10893673657722923
1611 0.10944811199994367
3321 0.10956201049113423
1113 0.11020436994754104
2311 0.11023596839653207
3432 0.11046334507614337
1373 0.11060736515476396
1280 0.11076864649730468
2618 0.11084193992982252
309 0.11111214791208844
1075 0.11113697738689093
1686 0.11114169211258261
2789 0.11125734398713549
2974 0.11126523767429317
2534 0.11131187729347454
800 0.1116818252555757
3010 0.11235475293110238
1882 0.11238691902330707
3012 0.11262145085582795
2606 0.1128931933412633
2905 0.11361220168982378
63 0.11367781139918862
1992 0.11383608580256085
491 0.1140293054304356
2966 0.11497781856303077
1318 0.11518186469353243
2623 0.1154622630114805
1455 0.11573436940735332
3419 0.11581840374240814
506 0.11599083372594643
3323 0.116084056973276
421 0.11633812789250313
25 0.11682906350631567
1374 0.1175792439938527
3276 0.11775623665234258
2200 0.11790918388558944
3103 0.11825964830403285
424 0.11840567897863573
3333 0.11877503592033616
2884 0.11886518916533527
1424 0.11886770056675464
387 0.11918988990051234
2059 0.11920238414179513
2348 0.1193306639871861
3268 0.1195215455310859
783 0.1196291253262321
2111 0.1197814055186209
1085 0.12008443965977281
2332 0.12020701653330822
1354 0.12066894302783393
1723 0.12090236097257068
3011 0.12092055101754613
2885 0.12094838538015953
2612 0.12113947579268627
668 0.12115928410056617
1440 0.12116111707539745
1850 0.12120995926240516
2830 0.12158064632047125
3137 0.12160727148136023
346 0.12163824067977241
1049 0.12164376104276904
2516 0.12180661439291925
220 0.1220406782835704
1111 0.12227738979218274
841 0.12230428002342646
829 0.12267733083452778
2385 0.12301711431642663
3281 0.12322738945256248
395 0.12385807759712893
638 0.12417639308582204
571 0.12433995208981781
3183 0.12495554003131491
1247 0.12495659760748054
510 0.12503939972997002
1273 0.12535296986270103
545 0.12594644122963763
3134 0.1260862898135285
1433 0.12610942746802467
1621 0.126135053229584
1567 0.12627720761343567
1774 0.12633369643811637
2173 0.1264506633423606
2413 0.12674581713161828
3202 0.12752907894613535
1584 0.12754035605924424
2243 0.1277580313294536
656 0.1281127143422456
2871 0.1281393381811029
2392 0.12864748662421022
2286 0.12865438963387726
2829 0.12912187390262392
3131 0.1291945241843678
1123 0.12954812904670973
1797 0.12956003450741813
2492 0.12997614395601087
2440 0.13018840602971896
12 0.13031568484129902
2967 0.1308855588681014
2958 0.13100491913798265
577 0.1312421845450281
3147 0.13148859651037997
2543 0.1316839366073313
2679 0.13222110665567002
2866 0.13269757888168504
1037 0.13291311314712437
3385 0.1329389558204203
1787 0.13368797218312994
2503 0.1346327042883723
1634 0.1346346612112547
904 0.13464697918628146
3344 0.13477062391272335
3123 0.13492632273562397
3402 0.13554504828551758
758 0.13561748234205537
1463 0.13567411945927227
2746 0.1365939726376267
2533 0.13689430436200997
1076 0.13705103850660877
2573 0.1372375840326678
591 0.13729395917224146
1412 0.1373247068043045
2609 0.13743864272112652
581 0.13789951471182296
660 0.13816768753973463
1295 0.13827690931365233
3260 0.13835515902216142
599 0.1383600439331417
677 0.13836377228212685
2458 0.13894140549702744
408 0.13924171084199782
476 0.13925926095432312
265 0.13926910138466592
2296 0.1393502776515654
1192 0.1395392196509982
174 0.1397621130051576
1838 0.139866162101594
224 0.14030547037736352
1510 0.14030900551855657
3074 0.14077502891609772
1291 0.14087838153223822
61 0.14089030390054985
632 0.14132068281676435
1641 0.1414818899765665
897 0.142181997009122
2666 0.14219815652605794
1857 0.14245808145147704
1643 0.1428460522440226
2198 0.14285649093239802
2004 0.14295594434139786
2730 0.14321787633678854
1708 0.14324794335697483
1937 0.14372880882937125
2303 0.14405601643716662
3173 0.14412083649955476
1504 0.14423920847804816
563 0.14436382739113826
1835 0.14565907366678676
651 0.14574035880430022
1612 0.1457768791364973
3075 0.14609277476249835
2920 0.1461319656391229
707 0.14638934156936312
2940 0.14648759018337074
68 0.14656638021042065
1998 0.14665138307733538
247 0.1469284697348226
1853 0.14695785995389793
3257 0.14766140915581283
3081 0.14772169426939102
374 0.14882308558703544
267 0.14917493352981245
3389 0.14956743472139636
1456 0.15004257456676204
1826 0.15019012080878502
234 0.15064019052659616
2481 0.15070218902233914
630 0.15080408530443545
2780 0.15089598335658932
2427 0.15094248561560358
593 0.1512596052540319
1426 0.1514928416823862
1828 0.15168631363603438
2658 0.15173401258234184
1731 0.15177319035678258
1285 0.15208392696560463
2848 0.1521503683285856
2201 0.15223217316576615
2879 0.152397734403176
1712 0.1527789690620284
2833 0.15314055050970307
971 0.1537446511617586
588 0.15390180973523473
2981 0.1541181400249005
310 0.1542402538689035
2276 0.15474743851269462
2368 0.1547956758957601
795 0.15529482674399156
71 0.15618194309772387
2807 0.15620859820286528
3340 0.1567142609129689
1027 0.15673810945092478
846 0.15678419441417007
2489 0.15729134311641227
2695 0.1573996953301043
949 0.15749337103313463
713 0.15773002986882112
4 0.15775100360733985
1073 0.15816276848316677
2733 0.15824452361671149
853 0.15887665041696059
96 0.15907056436294711
687 0.15932178497096658
1781 0.15944136972507708
435 0.15979932168293087
246 0.16018858005539685
2098 0.16054978469875156
1366 0.1606226728279087
120 0.16081441255138515
2826 0.16086142739342876
2037 0.16122621599000822
2333 0.16128344270187228
2129 0.1616529495792079
3405 0.16177155249192945
1061 0.1620770681067251
1762 0.16208786632904448
2175 0.16226572685311186
1701 0.16372013347595468
1546 0.16397029539585767
1190 0.16443723082702738
2371 0.16500869365890036
1298 0.16519290542368306
3240 0.16562106175655988
1837 0.16612900999974164
574 0.1683965127781327
641 0.16886309031050398
2448 0.16898351298882053
639 0.16925074703270868
1357 0.16933508226094848
2436 0.16952446033611365
36 0.16982660583370163
329 0.16996540623469933
2255 0.1700147934706035
2768 0.170404198220959
623 0.17048284258477103
2816 0.17073899143774507
2863 0.17089636425721436
2447 0.1725771782677832
330 0.17271364336656148
3418 0.1729217692361361
620 0.17361763938010102
2219 0.17365801346979462
210 0.17441902149758248
2760 0.17469858929611273
60 0.17502325774317723
264 0.17526168951601245
1334 0.1758173376017176
2092 0.17587213874910226
3392 0.17660850663208846
1769 0.1768127236167659
62 0.17742187990822536
813 0.17808502904823315
3144 0.17837474293680938
400 0.17878882276022284
1768 0.1790337761894008
2277 0.17912717205171608
693 0.17921959711505042
3145 0.17965508433682162
261 0.18019395486112522
423 0.18169296851595304
792 0.18174211556751257
2797 0.18187531525929773
781 0.18216038855562955
1775 0.18224972057103245
2177 0.18262554534008418
2857 0.18270355576351158
1119 0.18336139169298404
2727 0.18337266723603216
2146 0.18369763739938053
155 0.18407129498423572
2193 0.18440246807709093
3292 0.18464230723747113
2572 0.18520938456784947
1267 0.18570688466445423
1400 0.18586933064218225
1656 0.18598794004339275
1242 0.186253570331343
1094 0.1875649897338432
1225 0.18760252704077904
685 0.1879878101025865
1771 0.1882267490584986
24 0.1885646971785775
2475 0.18917156402888574
1395 0.19045623950254556
625 0.19117531204894453
804 0.19143666574907797
2747 0.19163789064186343
430 0.192623947225945
1281 0.19282107131831647
675 0.19443119358204144
2869 0.19469198508739094
524 0.194996692308908
3331 0.1950701007377871
683 0.19523295308874541
522 0.19562181868629785
621 0.1986283346891714
1959 0.19890600717033652
1717 0.19945104441323508
3234 0.1995491813733006
70 0.1996719224843461
2127 0.1998750757243327
2407 0.19995665460601308
2373 0.2001563553409914
633 0.20073463767045216
2601 0.20118306251468465
240 0.2012533035603109
613 0.20146954294513297
2302 0.20157410325309158
79 0.2017605056473972
637 0.201812544185095
2313 0.20209114422425384
2674 0.20275681700724804
1500 0.2030603774778198
830 0.20356597807621007
1581 0.20389990659428947
154 0.20520438090490198
2608 0.2066637788175198
2999 0.20734753220754285
2309 0.2073696253764762
1396 0.20737460501165575
2692 0.20741166256508775
1666 0.20858861567967787
1286 0.2094158542668646
2969 0.20953671530531437
1690 0.20981941731433693
2821 0.2116780560668003
2626 0.21257817189162875
1098 0.21386459290818877
1481 0.21484542689722322
629 0.21496716121889223
2877 0.21604290780017688
337 0.21627509614937382
594 0.21660747401487315
2087 0.21720368793634998
221 0.21744796909570585
64 0.21762656990280288
1493 0.2186870921949825
533 0.21902366061934575
2030 0.22041559462503552
2688 0.22107142158826842
1121 0.2213420215425104
1476 0.22142238906945064
2187 0.22208943742519693
1961 0.22241951887255365
2231 0.22256871063305714
3130 0.22314656512777267
189 0.2244648818107301
1033 0.22465067620576712
1509 0.2253424331817927
326 0.2255828844267871
2802 0.22677202272625954
1772 0.2272293475470622
1227 0.22755617406447454
2750 0.22763912049371957
3129 0.22812550629843537
1753 0.23061087108922199
2539 0.23113407539700476
1972 0.23182909030167517
3233 0.2324521690772574
1740 0.23284005127047444
2315 0.23287603925039657
2627 0.2330285841182578
1709 0.23366790837953014
842 0.23395998479520105
1675 0.234152197365948
2366 0.23415725518738228
1598 0.2356999803945994
1755 0.23812864618713142
1569 0.23837708053602363
626 0.23847190254771708
184 0.23946107563051724
2229 0.23953623941407456
715 0.24112319552240005
565 0.24117548656678328
1570 0.24147211140077682
165 0.24202697416991156
2135 0.2425082676935799
2190 0.24263197420846397
1044 0.2429462958780808
1167 0.24311383973224096
838 0.2439268072627846
177 0.24456970661925284
2362 0.2447530483161347
2180 0.24487273438855045
1829 0.24487296097919395
3002 0.24861523008444994
3052 0.24965878264646296
983 0.24996657540223535
2895 0.24998394902158416
2457 0.25018468800676247
1715 0.25060842782668585
2681 0.2509836113588512
1974 0.2510044680668061
1861 0.25129382123787847
2715 0.25134216869192755
1492 0.25227318243013175
243 0.25392770588262165
2819 0.25458765685393053
332 0.2552334836328596
2861 0.2554797886905052
93 0.2561710949663538
2435 0.2566692177874524
1034 0.2570420056608912
1767 0.25725001632632427
3133 0.25782224612403676
708 0.25834304293125254
1474 0.2586263321623209
1364 0.2591363734532487
607 0.2602101713201304
97 0.2605364562986901
1759 0.26071828649627726
1993 0.2620178087444944
1163 0.26237854498820273
218 0.26392377780712456
1038 0.2642591868765069
1158 0.2648623533300845
1047 0.2662577112102939
3431 0.2663070820440477
228 0.2664214866203643
2858 0.26856239936450926
529 0.26933104318778556
316 0.2702190559397187
2185 0.270233351942886
886 0.27375908357383577
680 0.2739181750560503
3105 0.27556733389377186
2700 0.2773173133000363
1973 0.2787653824059945
1134 0.27947564270320213
527 0.2832008656737809
1367 0.2833874957606552
3034 0.28432908581639244
227 0.28570158010028046
604 0.2885969223374647
894 0.28882651932183634
1046 0.28955376231860497
890 0.2928778770379803
2852 0.2934423910409478
1669 0.29379559210461026
16 0.2959022106194785
391 0.2973061641861047
1976 0.29805293695739327
1679 0.2994630059628806
523 0.3024081618168932
2307 0.30242611553412374
466 0.3069090246270225
2814 0.30775153639014496
363 0.30821746963118546
2131 0.3090696284649375
845 0.30961811113371857
1906 0.30974285444669897
1622 0.31259278220481107
1782 0.31272006000711505
354 0.3129546457011597
2477 0.31361925014457004
1752 0.3136648249256157
2827 0.3148748879393634
1958 0.3153409667977878
2975 0.3194315066932903
1161 0.3196526579330843
1750 0.3200725249308744
78 0.3211723718820807
1480 0.32254260775455457
1778 0.3246842372624807
380 0.32769866419495536
3261 0.32875706197771065
215 0.32892509439654355
2896 0.33223071318462083
806 0.3338728856165959
560 0.33550480997909143
2363 0.3357172054689078
1783 0.33596296840640405
2815 0.33768116981531215
1116 0.3384010248205382
188 0.3390966216316845
1362 0.3393376695040189
2899 0.3409837154132502
3329 0.3414008223374579
2758 0.34146587669309464
759 0.3417984164238076
214 0.34282630004667036
606 0.3438467068115927
2391 0.34404334303464623
284 0.34554499062945715
2971 0.34942055440467984
122 0.3513784059562791
333 0.3513933136714423
1330 0.3541289851720896
1462 0.35469464524540856
3098 0.35705251357417034
1978 0.36090231094371444
2654 0.36155962181412526
331 0.3617261982074286
603 0.36200749495324935
1097 0.3635552501262958
847 0.3663175746380087
1430 0.3679897079410964
431 0.3694652325517706
2646 0.3707294699841714
889 0.37455177808961954
185 0.3750336358402031
1749 0.3760633419799336
157 0.38145408935132136
3106 0.38912627557582435
1301 0.38967330349022017
2751 0.39411750348346936
2775 0.39857600158906153
3184 0.3990369422033321
1710 0.4024502690207084
851 0.4028816858228213
888 0.4035559839164919
362 0.4037441093599118
389 0.4091375319245716
2759 0.4098447396398332
2181 0.41621690667342676
812 0.4168481634444181
2862 0.43416145116467597
2624 0.435389620654044
1139 0.43682786489020137
1282 0.43836019254956116
3107 0.44213906847733564
1629 0.4432565121325963
3104 0.4432900354111388
2777 0.44343292555705444
1779 0.4442277659785186
2682 0.4476129278322234
1035 0.45190703317511693
1716 0.45970975566531175
896 0.4618539039764515
1268 0.4654519762540156
814 0.47765791775610267
2576 0.4779376511148092
570 0.48752893266649727
390 0.5045431604714607
2655 0.5057358969642132
1631 0.519790123844797
1478 0.523720441213848
382 0.5253441754834999
815 0.5324840523373183
1289 0.537927467756007
1477 0.5447916871153102
1704 0.5768408998990875
2405 0.5800365322795998
187 0.5910727693472659
837 0.6011932740422841
2230 0.6149259963711173
2228 0.6228849398541595
840 0.6627136721134221
