#dihedral index   #correlation
614 -0.6108310869572774
1760 -0.603678140766901
245 -0.5771879217532618
2906 -0.5605037080288783
260 -0.542524849075604
1705 -0.5259176694405406
2893 -0.5145919408049626
601 -0.5144691058272035
1284 -0.5131367486854028
186 -0.4993701833141484
1325 -0.4910430191126672
1747 -0.4900352500707059
1032 -0.4764368035036504
2404 -0.4676680537751844
323 -0.4631090614232615
1977 -0.4527604229461657
320 -0.4453435344360846
336 -0.44377087317470587
335 -0.4340586317499744
2480 -0.4332960634010752
3324 -0.4311969940660544
2406 -0.42553903576713875
1358 -0.4224080126168664
1714 -0.42176639172066555
1999 -0.41277487809259655
2035 -0.41221487296225984
1223 -0.40926967677091947
895 -0.40821483216577503
2892 -0.4080208990313262
315 -0.40703856222373686
2838 -0.4050394202050214
682 -0.404927837193763
2860 -0.40308781477400507
497 -0.40209570210986706
600 -0.40072016439112423
1355 -0.3996394630272563
139 -0.3981368638011498
219 -0.3961285081624779
1499 -0.3951400048212998
2552 -0.39438151546942657
145 -0.39391010081799566
1981 -0.3882604170559887
95 -0.38097313573728314
1746 -0.38091926585933494
2644 -0.38072802137347567
3141 -0.3792772874943646
352 -0.3748460690382633
826 -0.37140879037960994
143 -0.367994860537982
569 -0.36731924989337394
573 -0.3655960469001995
1954 -0.36392864426608657
381 -0.36320467287923436
2312 -0.3622691630438913
353 -0.3595487051698674
2478 -0.35367807872178075
3337 -0.3528329440792238
836 -0.3481821914364477
2179 -0.34467708004488007
15 -0.34324972508963775
1498 -0.3414737072513961
590 -0.34115871642364903
3425 -0.3410051279453779
1226 -0.33631092696512077
1359 -0.3329840937607555
79 -0.33278704917772395
1620 -0.33182056746474126
2428 -0.3307019257909647
1469 -0.3305040945142457
2645 -0.3285465614663089
2824 -0.3273841310573743
1627 -0.32511389614244196
334 -0.32401997200715693
495 -0.3221989408497627
717 -0.32086060666700267
2447 -0.3207510564145601
1048 -0.3165486631922289
1164 -0.31219388466291603
263 -0.3104341575471351
2625 -0.3102224641630015
526 -0.30947409055441066
1166 -0.30802128782203886
2188 -0.3068811881590567
19 -0.3053374115963905
1031 -0.30245047505120265
834 -0.30078394920933826
1982 -0.2975549197170264
481 -0.2972557816610166
2511 -0.2950848807883098
2697 -0.2944200471223985
2247 -0.2941509917933619
338 -0.29269412187341515
3338 -0.2920529244184296
1732 -0.2919200084587516
2182 -0.29118690625124083
1215 -0.2909201726959514
1780 -0.2904546874006172
592 -0.288036202517428
2663 -0.2879837056168375
319 -0.2877142981418503
520 -0.2874388189261862
595 -0.2874289557494958
3007 -0.28697118379315106
2431 -0.28626063295873455
2622 -0.28402449836829147
2433 -0.2839565566226123
1335 -0.28386398363888193
2178 -0.28375112844313943
1217 -0.2836041445113107
1333 -0.28274105275871175
2843 -0.28064045782999664
100 -0.2783536706683377
2308 -0.27832539850329396
1497 -0.27442322317247264
321 -0.274282386445484
2233 -0.2741083993310913
2364 -0.27251080709245945
1662 -0.27228040731570463
1394 -0.2719677890187275
3335 -0.27074352027719734
1327 -0.2698386031361678
2470 -0.26983739402990986
2766 -0.2694564345439135
1479 -0.26878177424694716
2615 -0.26851748352646987
174 -0.26846653076930277
2773 -0.2684449501601398
2634 -0.26806954235929537
1387 -0.26798423152549583
1869 -0.2676721169183621
2305 -0.2669403420914024
1671 -0.2659238231138242
2514 -0.2657740399942699
891 -0.2654031070451764
2448 -0.26508117950470383
892 -0.2649105316276339
2839 -0.26459786021700615
21 -0.2631103731721107
1962 -0.26162283543101883
2817 -0.2606952040147075
3325 -0.2597270573596185
1663 -0.2569784642336486
474 -0.2568649499806037
2234 -0.2545482854550616
718 -0.2544821664253862
2515 -0.2540797929342016
328 -0.2533355944813405
1313 -0.25303844580224216
2643 -0.25055443953179374
2849 -0.2500388349453781
2186 -0.2483715128402135
2810 -0.2475646773605116
1706 -0.24620850935777824
3128 -0.24474202623266306
2547 -0.24454614959279986
756 -0.2439683747322762
2577 -0.24301521498909592
723 -0.24283892778724214
2684 -0.24174777374602197
1294 -0.24075617741336477
1874 -0.2406208796994921
621 -0.23971655438584785
1406 -0.23832798321093723
34 -0.2372280625922686
2089 -0.2365516124830437
1040 -0.23625766434640838
244 -0.23619185833219594
2000 -0.2354958092005292
2820 -0.23482583016083067
72 -0.23467398701105707
2191 -0.23304277552573077
1322 -0.23217460799657777
448 -0.23203984058946436
832 -0.23095531391099253
975 -0.23067212711805385
1249 -0.2296270382855285
253 -0.2295852454213688
3020 -0.22935827871466105
1168 -0.22895747318642753
1702 -0.22745787366796316
1220 -0.22734515555889354
1244 -0.22701832375589376
2370 -0.22685274334685487
1292 -0.22597387124432297
2665 -0.2254403505058885
627 -0.22511255921694864
3239 -0.2243924495551707
2656 -0.22314072895209947
449 -0.22249624335447846
568 -0.22183469374884904
1475 -0.22183409121081774
1639 -0.22025222050482837
1773 -0.22024010710820227
67 -0.21738134160253705
1980 -0.21727089337286082
2823 -0.21644790183901155
2649 -0.21637179387052105
285 -0.21605662508043058
3108 -0.21572483942664497
857 -0.214980460628692
3357 -0.2146519142906062
342 -0.21316646763765498
2326 -0.21270896578734955
2034 -0.21189007754499325
1703 -0.21036336100008818
2882 -0.21034203414530458
884 -0.21025346762582164
572 -0.20878053071700026
515 -0.20840450658821386
881 -0.20822507427844583
1494 -0.20713551341285355
725 -0.20685923468727338
551 -0.2067904496637157
393 -0.20533886153557243
567 -0.205243580212482
1401 -0.20524012023759725
624 -0.20411292655843266
1431 -0.20339522334035032
3366 -0.20301982717284114
2753 -0.20293563442409962
1361 -0.2027670660134148
351 -0.20226708386477127
1310 -0.20226572711721202
3339 -0.20220393641137688
1677 -0.2022012291207187
2284 -0.20201641558684297
2822 -0.20147303089997975
357 -0.20129451961113995
2703 -0.20118315883039242
1248 -0.20068495229405903
1754 -0.20000688768626895
9 -0.19997643657284198
101 -0.19899424684777126
325 -0.1985700584735825
2003 -0.19695150591146293
3062 -0.19545510245936215
1363 -0.1954432334401508
223 -0.1953510555045352
2300 -0.19525617788556063
1876 -0.19511760898448194
1676 -0.1947395024737582
1303 -0.19430204723990832
1856 -0.1941381709655209
559 -0.19383778851364666
313 -0.1937894746807646
2806 -0.19253369096389736
2005 -0.19214545918767575
2919 -0.1920320283368641
1224 -0.19125036703191095
1741 -0.18985688200756015
1761 -0.18950211497116093
1242 -0.18884049697425587
1822 -0.1886041843951819
1670 -0.1881482409039617
2389 -0.18807652916145734
2001 -0.18793148096996176
720 -0.187723924899062
1255 -0.18738276589698255
3100 -0.18711439239924285
2476 -0.1868340651460245
1678 -0.18670212791875548
1739 -0.18614525040963176
1262 -0.18601743891694797
1229 -0.18594510810191014
2844 -0.1858987142824938
2445 -0.18554586557634
1464 -0.18509112156384544
885 -0.1849689446909147
1744 -0.18478315384712013
2612 -0.18391637850545403
963 -0.18379514360179228
68 -0.1824214235989348
1632 -0.1822321332614041
719 -0.18084223840494243
647 -0.180757710732975
266 -0.17984373877122045
141 -0.17844811551739692
3003 -0.17830492294772404
2438 -0.17796206967280015
1045 -0.1776147419033086
1661 -0.17761439781534047
2456 -0.17725603892493158
657 -0.17670979637523299
3370 -0.17645870880682943
486 -0.17611875917107933
1707 -0.17545029746414703
1551 -0.17517392253653533
1138 -0.17471036337511814
391 -0.17469230927374682
893 -0.17441547404435928
1126 -0.17394083419923825
81 -0.1736018279969912
1102 -0.17346697923359458
3126 -0.17338187091686794
1538 -0.17289999935199477
2712 -0.1716909177833985
496 -0.1716187628364589
151 -0.17159269380663983
2657 -0.17154355812804598
3022 -0.1715400046267229
296 -0.17122043659659766
1297 -0.17108904935357402
521 -0.17078617761517884
1064 -0.17034604364139183
1660 -0.1698439918026803
114 -0.16958111578923435
2453 -0.16914602474532514
1461 -0.1691061714585962
2435 -0.16869344655006147
724 -0.16757962256054387
2469 -0.16669904400853028
3347 -0.16657525255845962
1858 -0.16633000530632577
1334 -0.16620986535929225
709 -0.16615786460930393
2490 -0.1661360753463198
2367 -0.16587540463155223
2878 -0.16564428376249007
322 -0.16563064701881128
2403 -0.16508105960912992
1619 -0.16473538275399227
2418 -0.16403499049278902
2415 -0.16314249356106844
2550 -0.1625739057206218
2527 -0.16202928668309932
782 -0.1620096545271293
1991 -0.16188758862632827
3369 -0.16174407079822886
2033 -0.16120678174298736
2770 -0.16088652415991989
1295 -0.16028146333589952
37 -0.1599082220487129
373 -0.15914233716338066
2731 -0.15850056863168108
1664 -0.15827482063362278
859 -0.1582154936207096
2329 -0.1580738670064914
1101 -0.15763948757952176
369 -0.1575800999187845
1330 -0.15669154820397566
2809 -0.1566484162489071
1360 -0.1564008841793676
2365 -0.15605523661045284
2648 -0.15569526389982913
3367 -0.1545241237031743
1557 -0.15451932920691122
1636 -0.1540492611117628
2006 -0.15382229871740183
2631 -0.1537806370632539
1397 -0.15243854001028448
2349 -0.15232088551402312
1269 -0.15230741600671552
533 -0.15228918373274422
2525 -0.1520202695733952
146 -0.15201678297071783
2095 -0.15176335685640732
1356 -0.1515790651221277
2235 -0.15109538243346574
1054 -0.15087379128273706
3332 -0.15073883158374582
940 -0.15072273914407563
66 -0.15033050416775687
2278 -0.1497753113214151
1072 -0.14968759674460066
2465 -0.14874024765366117
1042 -0.14837359698386776
1865 -0.147522793939507
646 -0.1468747300092325
2041 -0.14680903493488862
948 -0.14653201062822016
348 -0.14545796627165666
2283 -0.14536595907734354
555 -0.14531544492567372
2493 -0.1450323806484022
1272 -0.14490256730440826
3267 -0.1447086176015711
692 -0.1446341506642443
2785 -0.14413615013948214
1625 -0.1441140316910243
76 -0.14397752359002908
1376 -0.1435598017471557
1859 -0.14343291262656901
517 -0.1428609184976474
2887 -0.14254466082003708
3427 -0.1423525297323222
1133 -0.14226868065700587
909 -0.1422568979632927
2395 -0.14195106553242565
1285 -0.14159258837560112
59 -0.14135191749336687
1256 -0.14134019323395722
3188 -0.14044775601298612
770 -0.14011748457663498
681 -0.1400733544492388
558 -0.13996143414672627
259 -0.13994795813702507
1400 -0.13990727009233345
264 -0.1396935292103253
2341 -0.13959381367475127
1877 -0.13941848610453428
1243 -0.13935320723321531
1697 -0.13850428798450362
634 -0.1381856357289598
1785 -0.1381643348573035
2032 -0.137784024063655
2865 -0.1377747120833614
2636 -0.13750571017655738
163 -0.13684632855475123
1736 -0.13681669901385396
1700 -0.13632003169293805
254 -0.1362663605214503
861 -0.13597462970038224
2851 -0.13579689993034874
3241 -0.13533624515772955
2293 -0.13521039200555535
835 -0.13485144896417453
2617 -0.1347514350586465
211 -0.1346895801731838
1868 -0.13467939542539506
1580 -0.13456263187375597
1485 -0.13451471199020584
716 -0.13444736487487133
1765 -0.134222155416292
2361 -0.13386751816225995
3143 -0.13317797505261186
1277 -0.1328465546871767
420 -0.1327925226527216
860 -0.1327255151139387
1105 -0.13258074633339667
1871 -0.13253385667497902
2669 -0.1319913114676522
1259 -0.13186980317499386
363 -0.13139372330450952
1184 -0.13072631138598156
3175 -0.13031071843519848
473 -0.1301896202524415
3183 -0.12932716876307063
2818 -0.12924756488619418
2661 -0.12924303520742156
1206 -0.1290115409165294
1252 -0.12898931161916757
3140 -0.1288294163851839
2554 -0.12750659328834538
2335 -0.12750106456122828
2394 -0.12698403094788466
2455 -0.12693768797261687
2765 -0.1267123859369306
2752 -0.12663085435085725
522 -0.12657979788309576
808 -0.12623742693374965
3358 -0.12594993836495735
416 -0.1259192106752346
1742 -0.1256961511414574
816 -0.1254630063850299
1081 -0.12540768696664675
212 -0.1251849054223067
746 -0.12450695121478801
1179 -0.12444924057027551
247 -0.12438757068577143
3139 -0.12382816634991296
2690 -0.12351971283274159
10 -0.12303237180174983
694 -0.12193891713900033
2808 -0.12186749376988565
843 -0.12174685277426203
125 -0.12131580083071904
605 -0.12126184823438314
2473 -0.12104271806760965
2115 -0.12089627327380668
377 -0.12043788735179624
1635 -0.12004717078055624
3436 -0.11985441088482378
1083 -0.1194815266317223
2330 -0.1186597502568239
1122 -0.11829110660549634
1777 -0.11793033313990403
1881 -0.11775771773517776
1491 -0.11771210497553791
440 -0.11754541033428899
1642 -0.11705300715162156
1118 -0.11699011099193005
1188 -0.11685523605602716
1668 -0.11679814323239632
1183 -0.1166923036846014
256 -0.11650518617043612
597 -0.11646044235725375
17 -0.11644965641338911
1266 -0.11644755033346608
2535 -0.11616962964565675
1195 -0.1161475885639498
1382 -0.11613049041258929
943 -0.11574871852191435
1228 -0.11547601617661175
102 -0.11543238070935931
3401 -0.11511507858463302
2295 -0.11477724405933484
2334 -0.11468011688682515
1369 -0.1140768087722931
1062 -0.11365397594168154
1615 -0.11355756641129396
1737 -0.11351651869844692
2508 -0.11327646478331524
1955 -0.11325828335172813
3178 -0.11284954707794768
469 -0.11273294424767999
1110 -0.11242258735318593
1824 -0.11235882574916013
7 -0.11226859585595861
2941 -0.11214132251682522
1087 -0.1118792143231241
608 -0.11181060713867354
2310 -0.11178411595071139
2408 -0.1116682190039021
360 -0.11132447657848174
23 -0.1107815055669877
2298 -0.11055870472357161
3079 -0.11055656808013416
3115 -0.11053012244890868
2436 -0.11002670947343689
371 -0.10993422664394507
1641 -0.10989803868075469
3235 -0.10979527309175104
1365 -0.10969724567573316
2959 -0.10966318298528697
1502 -0.10961984158273735
2671 -0.10947144741309502
1320 -0.10881138447131977
2640 -0.10870217229302392
2526 -0.10817906546006217
611 -0.10796137570735698
1723 -0.10778218963350536
257 -0.10774409738915355
2113 -0.10741452928214681
2521 -0.10697316067479937
2782 -0.10688865945434599
598 -0.10684992145020575
1988 -0.10665556852675427
2221 -0.10665361661384849
2998 -0.1065915264350215
2189 -0.10657939431188422
144 -0.10657608738267568
3032 -0.10641153354379077
1743 -0.10626865638149215
855 -0.10602275981371825
3236 -0.10586441043184563
798 -0.10579188836295358
372 -0.10567473113740343
974 -0.10552399948927209
1574 -0.10499498625652598
649 -0.10495972261563404
3083 -0.10494396873676222
1565 -0.10450522976959487
2638 -0.10432663300773481
1442 -0.10427551187581145
2673 -0.10420653272718909
984 -0.10420150544370814
1942 -0.1039089522930804
2251 -0.10389019025466133
1428 -0.10379506986341376
1630 -0.10315497762470187
2467 -0.10309239979083884
1566 -0.1028167530454252
2921 -0.10262643663473571
1078 -0.10256108931923158
2222 -0.10216501192922146
1608 -0.10199040098592653
1185 -0.10169518781668903
2986 -0.10148906658382037
133 -0.10132362129845188
1540 -0.10119516572300921
2613 -0.10109866413683405
2425 -0.10094219564616437
2846 -0.10090094378722468
2907 -0.10086616957142672
231 -0.10078284572688088
2836 -0.1004214748713186
2218 -0.10027972468741977
1213 -0.10007693870920499
2586 -0.09981114364854884
2192 -0.09947151150267067
1939 -0.09928581187947785
1994 -0.09894028572755623
620 -0.09870794566968127
202 -0.09868220650409344
11 -0.09866957765321493
1699 -0.09853970361202086
1996 -0.0985329602385275
1135 -0.0982861880846333
3181 -0.09810323319480167
1875 -0.09809783139234206
2426 -0.09778582553952792
493 -0.09777805017131337
1465 -0.09767525286199907
589 -0.09752014775133834
2787 -0.09745196804136728
3393 -0.09741929393704775
1693 -0.09723022511278215
2546 -0.09713240602460654
1173 -0.09705778103325215
1104 -0.09697625018660767
2331 -0.0967039813930961
2039 -0.09660139597308942
2599 -0.09634302043766184
1043 -0.09616753445991004
2894 -0.0957433297397575
3082 -0.09510877612038701
1617 -0.09485639912714863
1532 -0.0944868634810906
1643 -0.09438560342906917
2845 -0.09412243610184787
612 -0.09384187230238929
129 -0.09369515897781806
513 -0.09356464322589825
1214 -0.0933538669795015
201 -0.09305957242618627
3021 -0.09284179527800751
1986 -0.09267126453441035
1531 -0.09256681105500823
453 -0.09250745338118437
43 -0.09243459777706559
2058 -0.09224827418167657
1172 -0.09214831323169269
3391 -0.09205710096887633
1583 -0.0920024559415161
2936 -0.09184780250432256
2224 -0.09177561692372133
1204 -0.09146818588037167
1136 -0.091284709824008
689 -0.09111043530597324
2517 -0.09110555604493752
670 -0.09105301114268732
1471 -0.0909284627674048
1171 -0.09088065577577362
2215 -0.09083114042009209
1534 -0.09069397305371109
2698 -0.09067727442195506
2412 -0.09062675038008859
849 -0.09056256076766325
217 -0.09045287032087522
1159 -0.09033841520017702
801 -0.09018503678815035
1343 -0.09011117523899871
2911 -0.08996894343248221
1250 -0.08994473137424172
1793 -0.08977630990706285
1946 -0.08976087084556482
2889 -0.08950130974411656
164 -0.08946681726955785
419 -0.089408516168139
2873 -0.08940715486857816
2472 -0.08938903010918821
269 -0.0893554570853472
1381 -0.08935351422318967
2544 -0.08913265467031556
3264 -0.08895441582229899
2459 -0.08870318573314069
1328 -0.08846049029307318
1260 -0.08836833326018449
13 -0.0882980614170505
291 -0.08784905581771563
3282 -0.08762825598758556
2813 -0.08762685653109155
2668 -0.08738230767893788
2872 -0.08705507181893658
705 -0.08696955268019109
2884 -0.08695734422586417
2249 -0.08688875099713401
1987 -0.08684806608081255
706 -0.08675076891483764
508 -0.0867186809453492
2725 -0.086650361237443
2372 -0.0866495368228763
1396 -0.08649671343871392
1902 -0.08637174089850974
1511 -0.08628412761178487
659 -0.08596951579067352
1275 -0.08595367046935468
275 -0.08590729828654528
3232 -0.08513065153471115
3305 -0.08506894054257687
688 -0.08499577176749418
2386 -0.08487449655373856
1692 -0.08487098529160629
3174 -0.08486159279841567
2754 -0.08466228561572699
2064 -0.08435356194979106
1928 -0.08412377936448515
2949 -0.08405220716196335
283 -0.08367756648930397
405 -0.08338312900800209
2357 -0.08312255296700585
1748 -0.08281770779464444
3423 -0.0826659234407377
1332 -0.08255417007604529
2650 -0.08249293868216202
2266 -0.08156734001452047
3299 -0.08149473472347248
3346 -0.08145313500154436
3077 -0.0812326677020936
2717 -0.08115487118856239
1041 -0.0811183293639897
3360 -0.08108958196739227
3363 -0.08104576907360525
32 -0.08103184770206938
1298 -0.08052606683444298
850 -0.08037445889602876
736 -0.08030610758140655
3404 -0.08013058122590752
1795 -0.0800562328276183
2637 -0.07993652281359843
2390 -0.07974645259618111
3388 -0.07960872969736414
1889 -0.07945824753127226
2937 -0.0794454425640948
1718 -0.07934117700918579
2503 -0.0792651529348443
3029 -0.07894494031452332
2400 -0.07882882801525021
1975 -0.07867042433068261
2468 -0.07846844540304894
523 -0.0781008422974229
169 -0.07772436810361863
3429 -0.07762610110333984
714 -0.07744929447332287
3265 -0.07689589441995463
3123 -0.07689153606743715
2153 -0.07642930014842401
2616 -0.0761427451167933
339 -0.07613079247571344
376 -0.07605404416511867
38 -0.07590797246828813
2928 -0.07571424835915293
2065 -0.07535270207454597
1751 -0.07524832059759684
52 -0.07501019775585782
2339 -0.0750098344476479
2993 -0.07495523812545214
2342 -0.07450409534941325
1573 -0.07439592229927522
658 -0.07427994073040034
330 -0.07407772595728199
1956 -0.07391677346105041
2567 -0.07360981750952392
235 -0.07349172627452116
1503 -0.07342756059952586
1535 -0.07337709246236418
1379 -0.07328618412859146
2621 -0.0731798178700433
772 -0.07315627763609142
540 -0.07283285154039157
519 -0.07267555912364294
1640 -0.07260514720944124
633 -0.07202583850469432
356 -0.07201245755534078
1091 -0.0719626196544397
566 -0.0719022382701229
197 -0.07189412315280232
2538 -0.07143923506283667
2116 -0.07133059706619047
2097 -0.07113052486645728
2994 -0.07071896887582253
3430 -0.07060027488669392
3210 -0.06996375009431248
1079 -0.0697895966159499
1253 -0.06957260880888541
2832 -0.06948403364713356
1607 -0.06933581257708425
1276 -0.06927997122497191
743 -0.06927553368021132
2595 -0.06926947490468942
2502 -0.06924742325706555
84 -0.06921037277178822
1951 -0.06882351277848765
2733 -0.06866937195435015
1903 -0.06844743219155208
27 -0.06837152368941689
30 -0.06836060252506805
2290 -0.068305461866069
479 -0.06822615547187247
1007 -0.06812525230142685
2376 -0.06802646719025005
57 -0.06798254814455025
3336 -0.06779255524948524
2607 -0.06773739100251659
1790 -0.06769806168273816
1271 -0.06756769502932451
2250 -0.06720055599935935
1521 -0.06685227881112968
39 -0.06677115937324159
2351 -0.0666057150338555
2494 -0.06643078572117539
3117 -0.0660582736764254
1586 -0.06605080235078843
158 -0.06585674568180315
2321 -0.06565195332821668
2062 -0.06560110310843272
28 -0.06557759938239453
2439 -0.06554828062092927
1065 -0.065536164152613
1189 -0.06551762376540562
2659 -0.06547660318818543
411 -0.06543255615103337
3134 -0.06536265022697885
684 -0.06523202803533272
3309 -0.06472108550707205
112 -0.06454993667498317
199 -0.06442969857596852
1405 -0.06419795391499086
735 -0.06416714620678024
741 -0.06416398219412278
2763 -0.06414114280325697
2204 -0.06394840087511798
3256 -0.06392738698624317
1892 -0.06381028589990186
1562 -0.06353983726582453
2807 -0.06348347432586152
1738 -0.06323158265540377
433 -0.06320802190780031
898 -0.06310678300126561
2881 -0.06300006250410049
543 -0.0629339518993549
2974 -0.06241802498876901
780 -0.06236147405609521
402 -0.0623220730114312
3023 -0.06135816094400644
2263 -0.06128848099866442
3176 -0.06082927361497796
3270 -0.06075419505725733
1060 -0.060730365699364006
3051 -0.06068217538803819
2176 -0.06060834968452594
3396 -0.06060047843372015
3209 -0.06059506111042146
1263 -0.06056961636099898
49 -0.060446430708486
3000 -0.06038337348060851
3186 -0.060277350205757245
1258 -0.06014115266977026
3435 -0.06005773294918375
132 -0.05999365176311492
1862 -0.059906662304439647
1306 -0.05979923925443411
2150 -0.0597991299363187
3119 -0.05962595245020347
1786 -0.059572851133264375
2726 -0.05943261329920687
3278 -0.05937342121251914
549 -0.05934397608705253
2057 -0.05910836345940407
1209 -0.05897920491114484
1885 -0.058972046852832416
3412 -0.05875716190851696
232 -0.058731802512322746
2036 -0.05867989223103554
1624 -0.058015359691369575
905 -0.05797234042090127
2157 -0.05791849354917906
1373 -0.057758480312430055
2561 -0.0576247690734863
1144 -0.05740783454106974
3243 -0.05740156511197947
1311 -0.057387262490632425
3352 -0.05724056401287036
2719 -0.05721775413620788
2950 -0.05709287658534079
2667 -0.0569380930898699
2031 -0.056837977167853694
501 -0.05681027978223957
1713 -0.05645194063818129
1522 -0.05642132404926546
91 -0.05635805221455312
94 -0.05622181328756817
848 -0.05621182678491554
1506 -0.05613473834614397
3033 -0.05599528438666088
1523 -0.05587369250808283
3114 -0.055567927977091196
641 -0.05541847271212744
752 -0.05517416521427788
127 -0.055082670272323345
3014 -0.055068565346030454
3144 -0.055065073952945076
295 -0.05494708415935157
1080 -0.054920960460433016
1052 -0.05482044598931114
3258 -0.054564227481286476
1402 -0.05454552244267141
2012 -0.054521221247371084
1667 -0.05436771415084169
1695 -0.05430838035165189
3371 -0.054295736518173404
2248 -0.0542936069224697
1086 -0.05420834652940577
1077 -0.05417879714789974
2908 -0.05407199434077252
822 -0.05396327661517874
2104 -0.05373869577425882
702 -0.05371750074046195
2237 -0.05371201142511645
462 -0.053668128136495005
292 -0.05363878443000591
712 -0.05344428513123991
2729 -0.053316086878366566
51 -0.05322545217444442
2029 -0.05308022645358269
973 -0.052912338093253734
130 -0.05287729983843538
803 -0.05285390123194039
2093 -0.05277353002388849
1432 -0.05274479177585055
1309 -0.05257941932189082
616 -0.052577441887216615
3182 -0.05246043364817873
1030 -0.052432096973743576
1165 -0.05232130170670772
2523 -0.05225153716734996
1395 -0.0519996866457753
1926 -0.05191002436827078
2213 -0.05183907329248767
2696 -0.051783995295665415
1849 -0.05168255190618493
2009 -0.05167103042056814
1245 -0.05150215756696457
1194 -0.0514330952626431
2079 -0.05129385650992143
3158 -0.05121471669793717
2294 -0.05111120912658599
1983 -0.051081939180907705
40 -0.05091141959736646
3064 -0.05071475194755215
2256 -0.050430187482436835
392 -0.050258672878846486
3038 -0.050144873110979316
1867 -0.050082096025650454
617 -0.05007926735032586
1308 -0.05003804308790581
2167 -0.04995279759574967
2929 -0.04986072192146188
375 -0.049802118322450066
3208 -0.0495744400872713
3394 -0.04955292006024693
1985 -0.0494744825218917
711 -0.0493860284503877
640 -0.049195492216770685
1222 -0.04903245960530794
2090 -0.0490274024034285
1251 -0.048888792180023365
2114 -0.04886394434208697
3203 -0.04866351475699042
3039 -0.048305273623845506
3025 -0.04805068693226362
2409 -0.04799390893339183
1438 -0.04788430392672375
514 -0.04779381016575001
916 -0.04775968245262126
464 -0.04769876342056447
2056 -0.04754309115780799
1231 -0.04745345476984873
755 -0.0473026211165701
1800 -0.04727809195935907
3255 -0.0472658147790091
471 -0.047193284190710366
2239 -0.04714696158616135
1437 -0.04704879025436632
225 -0.04689853272210004
302 -0.04684525180032498
2144 -0.04681536895163274
2903 -0.046662421545920055
967 -0.04658905923327895
3303 -0.04651500779765843
939 -0.04649340308298272
978 -0.046433113504539235
1115 -0.046314935545616234
1425 -0.0459271403711155
106 -0.045926958524257426
1966 -0.04586291878503199
2551 -0.04570396849365223
2737 -0.04564653721448768
1968 -0.04520796123388234
181 -0.045157861379459645
312 -0.04513326867241729
1530 -0.045029172111214426
2343 -0.045018465208845
2393 -0.044984603970526
968 -0.044687995150842506
2837 -0.04451048868388481
2138 -0.044416138768798616
2149 -0.0443821135460303
2201 -0.04435779573667191
403 -0.04412093071914334
2570 -0.04411623895046462
818 -0.0440786696386085
2930 -0.0440068497068855
222 -0.04380253338702029
2789 -0.043784143570195826
1057 -0.04348984351996733
148 -0.04347841213871798
1684 -0.043475973238284525
3041 -0.04345840886351144
2421 -0.043444357504912046
1813 -0.043422937257638364
36 -0.043242871081143414
2996 -0.0431383096088549
1719 -0.04298871320031751
3167 -0.04295143159647565
3306 -0.04293956330076629
4 -0.04289162871205711
2748 -0.042835198072734545
3190 -0.04281005762359876
198 -0.042775514042174334
2 -0.04258593142588672
1114 -0.0424649018301893
1192 -0.042299514824757474
3205 -0.04226769589844664
1864 -0.042045963590270886
2429 -0.0420209079598671
784 -0.04201193228801762
345 -0.04193268204847209
288 -0.04192492632765741
619 -0.04186675515004043
2732 -0.04185049925195072
1301 -0.04177433156853144
3166 -0.04175197745232915
1913 -0.04174328405803427
2223 -0.041662506213588205
2651 -0.04151600555824589
1142 -0.041469372317279
2282 -0.041428098951434233
1852 -0.04113805360226649
1616 -0.041121809636098614
3362 -0.040994251291569236
2740 -0.04096930369223044
2254 -0.04092900561502526
3399 -0.04091440163597845
1148 -0.0408456904177722
516 -0.040726812639994364
1449 -0.040656250738828205
2441 -0.04057850206941481
1445 -0.04054124569878958
42 -0.04048441531194402
2195 -0.04044780987276735
2272 -0.040410370094968506
2711 -0.04039415303616382
167 -0.04021644436936743
977 -0.04015770032902321
3398 -0.040149798188702186
1935 -0.04012365911287856
3215 -0.040106503766031955
2495 -0.039982147618056
1526 -0.039922599340750674
2704 -0.039893930496672704
2155 -0.03986194674798193
1488 -0.039808869552778625
3043 -0.039807024745827146
2900 -0.039602406482607606
2210 -0.03949396422711203
3063 -0.039483684057120855
3049 -0.03937980697043102
1816 -0.039303604956819845
2520 -0.03929988464103618
1647 -0.03923180746863472
2951 -0.03922139325123954
2973 -0.039154692745992946
2380 -0.03908631910511023
2211 -0.03903088825630547
443 -0.03901040362938669
3211 -0.03899210657180134
3118 -0.038990204591765956
344 -0.0387300550547051
2288 -0.03862794691912601
879 -0.03847698136715579
1004 -0.03840801621834482
677 -0.03840145981166145
3150 -0.038383275117904125
108 -0.038350449748332655
2720 -0.0383126912609932
2761 -0.03831192982344152
3192 -0.0382316402702743
1517 -0.038176506581781705
370 -0.03813522504800889
272 -0.03804306535619076
460 -0.038025830981428504
2344 -0.037998954137859524
638 -0.03799881577457632
3260 -0.03798360946960025
823 -0.03793229599717707
1028 -0.037840171008212506
410 -0.03783377955562998
200 -0.03775407102062184
2159 -0.037687549486742675
751 -0.03762968957656588
771 -0.037629040758185475
1467 -0.037622161351918156
1605 -0.037491946086282875
3275 -0.037480949014316936
877 -0.037472326652928906
1337 -0.037460149101393565
3359 -0.037442156655309394
1236 -0.037441977043292704
3224 -0.037438302656876726
159 -0.03733388133465005
1017 -0.03732680283460686
31 -0.03709496917085521
3081 -0.03702443569872564
3040 -0.03692807785877228
46 -0.036920622377752205
2160 -0.03675579670203575
2027 -0.036729854125275435
1595 -0.036617234414062644
2028 -0.03658348732248351
1735 -0.03649720460552815
811 -0.036340321932511924
1818 -0.03632396810010662
805 -0.036318148019105094
527 -0.03631706822385877
739 -0.036201630828657134
228 -0.03601215381650134
2398 -0.03561238573678417
2053 -0.035530942444596404
913 -0.03549674132618164
2356 -0.03544529159020399
388 -0.03535566999040407
933 -0.03526510437819898
417 -0.03525621855322968
1175 -0.03517794383202113
255 -0.03489322008532936
305 -0.03484405063939905
3294 -0.0347254039276131
744 -0.034638144018820705
2913 -0.03461945324043204
2536 -0.03450337217374846
203 -0.034502051033084166
1386 -0.03441824185269064
2805 -0.034411142792153605
1618 -0.0343997304333926
2593 -0.034361482757552554
3207 -0.03434669676190644
3089 -0.03426533052632682
421 -0.034254868366293205
2457 -0.03421984839825131
48 -0.0342120933919806
642 -0.034181972364508074
2914 -0.034073510368529625
3384 -0.03396366380944968
383 -0.033936285108199564
105 -0.03392002459071131
2629 -0.03391473136815176
1019 -0.033848413300380464
489 -0.03376476282981461
1468 -0.03366769452104989
2915 -0.033658480450140006
205 -0.033542222276966994
3201 -0.033430394079302414
3109 -0.03338590671984319
2174 -0.03334115980735906
2108 -0.033209737648750064
1084 -0.03310939296111844
3087 -0.03301502063770545
1202 -0.032979813655079536
1890 -0.03288377133700201
3407 -0.032861185295134765
1058 -0.03283843902729948
2694 -0.032837806998578696
3317 -0.032702090144678515
3069 -0.032696238433180244
3379 -0.03262268825482501
2264 -0.03254613903992055
2778 -0.03252048532713529
2047 -0.03251065793283231
3410 -0.03250233770733113
2801 -0.032497298405885985
1483 -0.032377938409850246
3313 -0.03233672348679247
648 -0.03205258124733286
998 -0.03200510365148881
1146 -0.03190577206344447
1459 -0.03190498719387764
2984 -0.03183604991991674
2755 -0.031833559543215734
534 -0.03182876448242158
950 -0.03177769945557767
3009 -0.03175709348177879
2685 -0.031740387812340023
1908 -0.03157977231082086
1162 -0.031526283897341696
239 -0.031454848178077
2968 -0.031370709647024694
2800 -0.031213993245411357
3093 -0.03112429191524313
1264 -0.03110594295498024
2910 -0.031055581234871933
701 -0.03103000249897743
1544 -0.03102558716501242
2202 -0.030937279310246445
2083 -0.030811275099144976
2139 -0.030757963159686912
1651 -0.030573403881783753
1089 -0.03054880940266739
883 -0.03054847031387347
3377 -0.030478189811649965
2117 -0.030407731910524535
1257 -0.03029248003545152
1594 -0.030175708642773594
787 -0.03014097658347081
1648 -0.03008900034154911
2171 -0.03002601334732288
1525 -0.030015406137107646
24 -0.029821074988093638
2670 -0.02976683545239838
1024 -0.02967509166292348
2569 -0.029611869397817292
2023 -0.029449649550765074
3223 -0.029429961859291705
3216 -0.02933428646893577
2170 -0.02931363053452415
2319 -0.02928635423077143
2939 -0.02926298572886986
2597 -0.029101216113124384
2614 -0.029088111911219443
992 -0.029030461391439874
3065 -0.02887092376040713
841 -0.02882438193003669
759 -0.028747739156670338
2568 -0.02867422422436275
3395 -0.028655840218905847
92 -0.028612311940546788
279 -0.02857392274144293
1756 -0.028533157131488494
3328 -0.028395204438072974
2066 -0.02831926496317383
2360 -0.028243135212934596
107 -0.028214161656335383
2812 -0.028173799781859903
1314 -0.028171284142770894
47 -0.028163535212364317
3006 -0.028042625674229396
768 -0.027952430201977584
293 -0.027861189521109678
3250 -0.027755148093923484
1541 -0.027598965062862274
2619 -0.027568108480658795
116 -0.027401424400333076
1107 -0.02738472482673808
134 -0.027319428241073397
427 -0.02727078045689338
1964 -0.027233008314490183
503 -0.02716048691094922
2050 -0.027124451089582315
674 -0.02696412808975647
802 -0.026946766997875946
3193 -0.026933057853708843
1804 -0.026899860524009906
840 -0.02683188246206921
2135 -0.026744707202531356
3036 -0.026709218968612863
1315 -0.0266552771616205
927 -0.026630726828422057
951 -0.026422675477939972
868 -0.026307252516868166
458 -0.02626419600296902
2381 -0.026254475608807278
1873 -0.02618212235633559
2710 -0.026128375604583552
1170 -0.026084408714951702
3017 -0.02588405310137635
3050 -0.025838781054208212
1843 -0.0257888574861132
3253 -0.025745515880907743
2976 -0.0257360523197283
3242 -0.025709494246147827
740 -0.025699303532039756
778 -0.025581257748212054
762 -0.025555888884967567
168 -0.025546717837550324
71 -0.025408297243641353
2641 -0.02533487125879479
3409 -0.025278434233203747
3327 -0.02519999877430823
1403 -0.02503858584107817
3066 -0.024836486535002266
2060 -0.024748660936510566
2965 -0.02474776345867268
1014 -0.024702141121991556
2745 -0.024698962023653657
915 -0.024636472647830553
2557 -0.024531457084995996
2375 -0.024449127758325213
3076 -0.024342592883271875
745 -0.024212422229433893
1934 -0.02418610583394375
1905 -0.024075406589620846
1931 -0.023985276688081668
1827 -0.0237565525610158
1103 -0.023745773898198753
2702 -0.023707517366633027
1351 -0.02363714792765483
1591 -0.02347373476640158
204 -0.02345785532814352
2630 -0.023453403414300373
3084 -0.023393582232311447
1336 -0.02323644363401051
29 -0.023224182258630346
2786 -0.023019980222815976
3354 -0.02277157316830241
1686 -0.022679181907694433
3251 -0.02264189907538475
418 -0.022576790714205187
3383 -0.02252049547597884
958 -0.022445403699940615
866 -0.02239265041665698
3246 -0.022138159376738843
3068 -0.022064160940709163
1270 -0.021964601538147763
2774 -0.021866197424458743
136 -0.02179546741686597
700 -0.021740635755202114
1550 -0.021725860097086526
1872 -0.021679837129643064
930 -0.021676479749935015
1339 -0.021573729041266813
852 -0.0215639574132244
576 -0.021444655590214034
3285 -0.021384788123991083
289 -0.02136463664570397
1341 -0.021188915682774128
669 -0.021186420058734296
455 -0.02110631539820497
1923 -0.021101430270707544
2764 -0.02102579870772988
3416 -0.020952730294369316
1407 -0.020949972683267294
2461 -0.020761314531036898
3169 -0.02062669201600802
671 -0.020591221446331985
934 -0.020560072798778847
2524 -0.020502563599636977
2647 -0.02031564956651219
1486 -0.020287707153848703
922 -0.020270005978106954
2897 -0.020253782593371874
227 -0.020171072862743347
1811 -0.020155764649033632
478 -0.020082829312390332
2585 -0.02002497462694387
2995 -0.019862350011684314
2699 -0.01979894917753045
468 -0.01978219740055632
1199 -0.0197776729408101
1150 -0.019763282389327
722 -0.01972383896789212
2320 -0.01972068969949285
445 -0.019683195914700878
661 -0.01965946905437962
298 -0.019631858423738175
3214 -0.019531364556112638
1187 -0.019511216902848152
2059 -0.01940524149087573
2076 -0.019400607414666277
2989 -0.019386970512386786
2401 -0.019314286814128594
3296 -0.019285659845704614
2931 -0.01928473545333658
1846 -0.019231021914499463
3120 -0.019144289266303967
2309 -0.019066181350489018
799 -0.019056290764447804
810 -0.018940400727735257
582 -0.018939145144411786
2022 -0.01891998149367606
2245 -0.018837531538623123
1853 -0.01881888636353271
2133 -0.01878120851423476
2081 -0.018672592941996892
2890 -0.018628518340258138
3212 -0.01857584069156704
749 -0.018558843543548642
1418 -0.018558442977885337
546 -0.01843655485855391
686 -0.018395917106526563
1439 -0.018388080617254308
3151 -0.01837328320577296
2531 -0.018371452815419312
2069 -0.018368531189447975
1342 -0.0182654497528818
1844 -0.01826208629767313
3059 -0.018039754462519708
732 -0.018036141303122255
1606 -0.017997553039128287
2010 -0.01797761218319174
2518 -0.017870677992340576
162 -0.017870192629442647
2292 -0.0177572263229049
509 -0.017744901572277337
2793 -0.017692523601109535
1866 -0.01756926995455087
1208 -0.017486156416673605
1720 -0.01735790217059169
3341 -0.017357455332950515
2257 -0.01727155724494805
1887 -0.017261149038944185
1893 -0.017200548292287985
1898 -0.0171935634290103
821 -0.017162159634880297
1515 -0.017149730024623257
2164 -0.01712069801957809
667 -0.01710893186788318
3259 -0.01705373163116002
366 -0.017033561820869833
1318 -0.01677766026111945
1912 -0.01671674715369698
1895 -0.01670162947929463
3191 -0.01669375886984463
2154 -0.016651348674613212
1897 -0.016530206723716724
450 -0.016456634337331483
2109 -0.01644959056146981
3096 -0.016438325016103525
2604 -0.01641408255538177
3195 -0.016394575751220657
1011 -0.01637525451469373
2045 -0.016285101439691457
2772 -0.016255799285368196
1653 -0.016228155345637894
2591 -0.016198362876723153
3304 -0.016187566997261548
3194 -0.016183540133762803
3252 -0.016145798761346128
53 -0.016135166831686455
3116 -0.01611086998547143
3177 -0.016108842023429756
140 -0.016089348585048048
1380 -0.016056517501680495
1917 -0.015998208120428178
268 -0.01598111706827911
1672 -0.015955007998532687
1193 -0.0159430228960051
3031 -0.01593881403094161
1196 -0.01590380344955798
557 -0.01588977103319662
1543 -0.015887040452906395
919 -0.01588574426809372
1644 -0.015817675715830357
80 -0.01580582651569827
3122 -0.015804193581629263
1870 -0.015772358633535016
1326 -0.01573721424085024
3220 -0.015433827489113679
1916 -0.015362312316092419
552 -0.015292644748120508
1685 -0.015290412247471184
3222 -0.015195522090904134
103 -0.015168564447414115
2709 -0.015155002411768188
2096 -0.014904600801376284
1147 -0.014853541898108344
2194 -0.014789506367850423
1855 -0.014774666368263195
993 -0.01469518435667855
2078 -0.014633481418463932
2067 -0.01455575404975409
2287 -0.014492824119723354
586 -0.014463039760000384
3101 -0.014457401323660081
2589 -0.014398005819289494
2784 -0.014393676525382332
3349 -0.014368651078997657
1920 -0.014358287056092921
196 -0.014339523609850165
2632 -0.014268016179427963
1516 -0.014251117757661476
3097 -0.014249243349813001
437 -0.014203570699583064
3227 -0.014165790020981376
3219 -0.014159820432500324
3422 -0.014135554003743611
814 -0.014074152986370013
2853 -0.014070664457782723
996 -0.014025577400934831
2925 -0.014004760961250093
3060 -0.013713197545782981
793 -0.013674819801760576
1646 -0.013654277280200936
921 -0.013338521398398348
1654 -0.013031322533022508
422 -0.012971339335837847
532 -0.0129325958039083
1176 -0.012877124504761327
1513 -0.012871556320167498
3042 -0.012763087812451722
979 -0.012693204205347678
2260 -0.012668010235148377
817 -0.012629881645487732
1588 -0.012594606243714852
1655 -0.012455740549297633
2706 -0.012428330532158418
3099 -0.012394067885210538
1106 -0.012326946364100309
765 -0.012312048926156765
1689 -0.012249784743198024
734 -0.012151732121919468
1682 -0.012057938660969178
1340 -0.012005546315602368
2556 -0.0120037125846696
2488 -0.011956015246865901
3322 -0.011928988976449296
1015 -0.011884937881676955
2020 -0.011839094027057283
1013 -0.011798031140218376
3213 -0.011671519149735335
3086 -0.011644682512320958
2013 -0.01162640027634775
1904 -0.011621409030414235
827 -0.011592489858157123
908 -0.011568342856078998
408 -0.011562108589368769
750 -0.011549911192317913
2355 -0.011529694222528942
2605 -0.011524312372030292
2850 -0.011247990762477211
2216 -0.011215520893669959
2587 -0.010934664001757532
2571 -0.010892969095570604
1211 -0.010831764445885206
618 -0.010781051972869554
1652 -0.010756763405038876
2383 -0.010721036588964018
2131 -0.010690373704132469
911 -0.0106624189686587
3271 -0.010659041387090052
1074 -0.010645060474987833
3147 -0.010593382885505867
3198 -0.010581868560174035
2125 -0.010579116197067804
2954 -0.010540998187429611
1967 -0.01048168252789782
904 -0.010454081743248456
1130 -0.010395680648606982
412 -0.010256670227098016
622 -0.010248188657246565
847 -0.010191016547940671
109 -0.0101618126092689
2966 -0.010054666215805442
1230 -0.010044700960190516
1070 -0.00990754150141111
1548 -0.009898625820605137
1848 -0.009856383746298526
1366 -0.009841332391866155
226 -0.009755946973921022
1010 -0.009728073294423259
2025 -0.009657142334496722
2427 -0.009656644739627549
2100 -0.009582166068582533
2545 -0.009573002562317013
457 -0.009431018594458256
2141 -0.009421840916051047
964 -0.009414647930430996
3249 -0.009402133798271485
2323 -0.00937415450743157
1008 -0.009214886003915715
2424 -0.00916290985185072
972 -0.009079952879638614
2048 -0.009037406052176454
2678 -0.009034394129121295
3071 -0.009025916325912086
2137 -0.009025422508664777
1757 -0.00896509999733371
959 -0.008938900075959738
2011 -0.008843112259027449
2209 -0.008729267276884351
2158 -0.008705481802175114
2927 -0.008645496338319535
541 -0.008373168455229391
538 -0.008293148940246834
673 -0.008288269711848194
2952 -0.008276947417260788
3301 -0.008271353036614363
880 -0.008203954622303581
2317 -0.008191394150296289
3055 -0.008174243801449097
45 -0.008163568165755471
3159 -0.008022446237517824
1141 -0.007946396730313646
1649 -0.00791348140538836
2279 -0.007910087213880474
766 -0.007607235457112736
3217 -0.007560028470933716
1273 -0.007433337277247061
428 -0.007404417388223133
564 -0.007190047379771484
1799 -0.007107241358398585
1698 -0.007034244025687682
537 -0.007018211179926902
2716 -0.006989717886738557
3374 -0.006935617974964668
2497 -0.00669649897667788
644 -0.006654632577415435
923 -0.006416124867659322
2578 -0.00627585123640989
3283 -0.006261409440434018
2148 -0.006214237823946246
932 -0.006196694977404003
3148 -0.006186348535801945
193 -0.00605197986726622
676 -0.006020532041489448
2345 -0.00599441103537436
2767 -0.005862500533515056
2422 -0.005861032534088174
3438 -0.005760949472892404
2324 -0.005741488955058772
490 -0.005670806197673076
1527 -0.005602633293050422
2549 -0.005596131886870771
2724 -0.005594905633228867
3200 -0.005398316689794876
156 -0.005344590512742425
1681 -0.005220499657503346
2392 -0.0051514401735702955
786 -0.005097745353737185
2558 -0.005043528265692533
2796 -0.005007345414542235
539 -0.004975785677075801
3035 -0.004932863766278575
1840 -0.004915589502275587
2471 -0.004861605061417498
20 -0.0048615542101204876
990 -0.004837834766642828
2379 -0.004832444277692053
2504 -0.004831806384442441
2140 -0.004829289408232745
1806 -0.004725133715801026
3113 -0.004532583786260233
3037 -0.004466288155866598
986 -0.004447171995056501
2874 -0.004354084623807869
1553 -0.004164942936732445
3392 -0.004118278895041818
1132 -0.004104222016545681
1970 -0.004060594244821076
2676 -0.004028175192621348
237 -0.003949571356486922
454 -0.003842413456110415
3156 -0.003825955100220058
3286 -0.0036074157735363913
2792 -0.0033253146339386804
1911 -0.003322486644356566
161 -0.0033011522969070765
672 -0.003160842739091087
1108 -0.003142212594406352
910 -0.003039565169241477
2018 -0.002864501419463826
444 -0.0027914001352998823
2098 -0.002728646357759568
2165 -0.0027235096935375337
2359 -0.002722212722382952
137 -0.0025812275971488
3355 -0.002573879993666854
1443 -0.0024979440189239585
3164 -0.002458053678672979
773 -0.002268184510021602
2564 -0.0022285234782542067
1845 -0.0022237377435298847
434 -0.002082078775766511
1421 -0.0020537255074494433
1590 -0.0020494331988718775
2600 -0.0020477183287302965
2916 -0.001961334730981816
1851 -0.001925516737193139
1563 -0.0018823426220710348
1965 -0.0018660336197012682
2553 -0.0018542961196826016
3057 -0.0017852482441992614
229 -0.001751796654625586
429 -0.001654706432009956
2519 -0.0016443400437510926
1287 -0.0016287908338781765
2741 -0.0016257192681997893
387 -0.001569278384679169
3154 -0.0015098492767592936
2378 -0.001463133952138376
2452 -0.0014550650065262285
1338 -0.0014445768003343875
3400 -0.0014434326901902148
2962 -0.0014026793945334844
2799 -0.001378376385528335
906 -0.001341451775996676
794 -0.0012599065836929727
2055 -0.001192645204437464
1683 -0.0010937020266972271
769 -0.0010836594995964855
3027 -0.0009996665280146326
463 -0.000979383282250952
1112 -0.0009381253677735094
2015 -0.0009199174221212223
1212 -0.0008515750393099013
1178 -0.0008161359097169532
2596 -0.0007981504007063326
1922 -0.0007542224276630171
1069 -0.0006907847232407084
2964 -0.0006882578353074393
1577 -0.0006787320354387015
997 -0.0006764620112283981
937 -0.0005938427044684495
851 -0.0004993795889391195
1059 -0.0003700183737201395
1633 -0.00034682060360881074
2026 -0.00024510653357324514
2532 -0.00020047315822962583
1435 -0.00014003335093345078
118 -9.67796109212508e-06
728 3.171030098058522e-05
1585 0.00013721185025573137
1665 0.0001710462055760581
1413 0.00020771637752532365
2575 0.00021019088671569622
1609 0.00022218940662576355
1451 0.000296748324031473
87 0.0003293372909726758
1234 0.00039240994538829974
837 0.0004028722917525399
1021 0.0004919400686022958
270 0.0005938181815644297
1924 0.0006181999649484364
1894 0.0007259922755772313
2582 0.0008216890050560167
1200 0.0008393129855641927
3406 0.0008484852247375714
1560 0.0008925986959070645
2122 0.0009243909881817856
2963 0.0009584807957157293
3318 0.0012366841287627004
2542 0.001289428654865316
1604 0.0014827473186786165
3070 0.001492346221327752
2938 0.0015146342669330173
2074 0.0015660837246017818
2423 0.001574542917891829
2238 0.0015859391779527701
876 0.001857006543281626
650 0.001953491222477738
332 0.00197789881476848
2232 0.0019902960466166133
935 0.0020538945357484956
2926 0.0021030529608039006
1792 0.0021265458527924296
2555 0.002219885452745369
2377 0.0022662198105759517
1808 0.002325686089122819
1055 0.002364655404238168
2666 0.002392237086261884
3044 0.002488618725670103
3168 0.0025023029862788074
1374 0.0025184727316265947
299 0.002543664970364077
2618 0.0025952480478384663
602 0.002698939109362388
763 0.002714246588267677
1896 0.0027452581276957476
2052 0.0028221864078264635
439 0.0028477685243852783
1658 0.0028790152336975296
3162 0.0029124866996991646
2196 0.0030303456297987993
135 0.0030478743741470704
3228 0.0031403529257726264
867 0.003168837956668479
3372 0.003170732427396496
2410 0.0031924588729318353
697 0.0032049938602425475
3353 0.003228081894222577
591 0.00323390664203614
480 0.0032536596266799665
3314 0.003288657531756548
2130 0.003299465873929618
1638 0.0034931163938175308
3112 0.0035393504376950227
1915 0.0036108742376398583
873 0.003614316731651578
2691 0.003645212281416912
1232 0.0036645355734711083
442 0.003693105051575399
1404 0.003761570323448417
3061 0.0038093137542409544
853 0.0038349828534056545
2652 0.0038537176602468416
504 0.003933621269992974
2347 0.0039337024356828725
2574 0.003935023420184237
85 0.00396254248564356
2259 0.003998268869552094
3160 0.004006027032292819
2957 0.004009369397440302
3268 0.004027654297548338
554 0.0040498720864883386
89 0.004063438210589684
2172 0.004194124477504921
3004 0.004414653239289248
1899 0.0044223887966300095
2509 0.004453185173511254
86 0.004456214161252439
1372 0.004546051006517957
3312 0.004553491573614975
73 0.004553892470908673
1524 0.0047294351078755285
1925 0.0047542246883127285
349 0.004798286389595059
928 0.004839922073335781
1592 0.004955131039418946
3295 0.005013791690835225
955 0.005029969079846749
2236 0.0051898591117614705
2458 0.005212359439604221
2804 0.005224796758494362
1888 0.00527487754630752
3146 0.005331558189027588
3225 0.005344352274765107
903 0.005460442694592843
1233 0.005546338068475332
2397 0.005601189428265079
3308 0.005672133238583685
839 0.005756619762875355
2689 0.0058017977082349724
2240 0.005893712963784245
3307 0.00603682120457422
2529 0.006054128028253321
1016 0.006114841468902781
304 0.0061461658030174966
77 0.0061720858662418
2961 0.0062656608378394135
767 0.0062678092734864055
3350 0.006322266919571124
274 0.006334944013137624
907 0.006367564399444114
2143 0.006437775320944987
2338 0.006442746564714393
3197 0.006488099027496645
3172 0.006513524467979988
1025 0.0065876065856183596
1495 0.006587995009174296
581 0.0067904861137563855
2795 0.006826167271337896
635 0.006900203298217118
2990 0.006917543885906388
286 0.006920057281669895
3302 0.0070501600989464905
1838 0.007096453629263126
1564 0.007110634378395455
5 0.007111114248573207
2904 0.007138325236361033
1834 0.007210605560970105
1420 0.007268144498109972
2955 0.0073223185627259825
1833 0.007333999571579881
987 0.0073900637846217795
121 0.007404244656879195
3245 0.007429417189924182
2046 0.007472659034627512
2680 0.007532251940841908
1446 0.00754166442333543
925 0.007628758363818244
936 0.007675657084757783
1003 0.007695506451609539
1300 0.007737362880158008
1650 0.007762485699710656
864 0.007849398112612564
3290 0.007861133890982934
3180 0.007894212702742813
2875 0.007901366584474002
3380 0.007909643278819078
2054 0.008124580014698665
2633 0.00814888121125972
1347 0.00828003778375245
872 0.008298299568393421
2019 0.008375250079868508
2205 0.00855050986667973
3289 0.008622905354909047
1932 0.008678299987889871
1929 0.008738093757570868
991 0.00875848416071876
3269 0.008759541683149132
213 0.008818435793358307
1810 0.008883078916403248
160 0.008921975017649722
407 0.008942637824702254
2073 0.008945619255181388
1519 0.009134589144057017
2136 0.009171798276941515
2642 0.009181271731305913
33 0.0091905381496112
1841 0.009241648595536028
3019 0.009358891374926763
2791 0.009483056901813999
61 0.009534518776351569
3058 0.009573060356603762
1992 0.009758674032790115
2590 0.009803980654421776
929 0.009843881356798166
2070 0.009874764847550243
2592 0.009881245346013968
690 0.009892234830052273
775 0.009897346622752176
2446 0.009907998695260597
926 0.009946482288161546
536 0.009962878723481209
912 0.009980681315452551
3381 0.009992509231356117
2432 0.010031584540666194
2350 0.010216217626195852
2049 0.010597579883332582
3091 0.010600342065807107
415 0.010902948660808832
1235 0.010911452637123408
303 0.010912785934118747
1316 0.010950710652392764
2163 0.010954901563196413
2126 0.011131711907013878
2275 0.011183514997953892
3229 0.011185286017316312
789 0.011203255733561773
2110 0.011256801019133005
2883 0.011282863388683406
1907 0.011387747923770885
2738 0.011398007939684774
1096 0.011416495516809372
2123 0.011453827974321285
3024 0.011479123066569567
1095 0.011488933783049451
3199 0.01150100557026489
2537 0.011508100806965536
2142 0.01164216978295437
1447 0.011711931133247033
2609 0.011734468804368977
482 0.011738555141030801
999 0.011741499645839357
957 0.011949290733717064
3145 0.011950217031004403
3375 0.01195272772580962
2242 0.011997880882796174
645 0.012041718509300726
1053 0.01226860750847884
2161 0.012341603717846638
2354 0.012347477315018285
1319 0.012398702344825062
175 0.012492139652002772
2132 0.012525935040856211
2166 0.012535088128883631
3048 0.01253544034085432
2686 0.012581967654483963
981 0.012592283372057714
1416 0.012669925721077382
441 0.012698384152062465
2103 0.012728583727004281
3280 0.012802172444537638
1149 0.012807441779244628
2072 0.012831143748005971
662 0.012861784366033194
2672 0.012941690091120893
2124 0.012993058352278692
3279 0.012995024573296281
730 0.01305505887106482
1117 0.01317764944567739
938 0.01321822064594679
1575 0.013252571724092976
1914 0.013331239908445805
924 0.013505454786647436
2207 0.013505602763214629
3342 0.013517926223786897
1246 0.013680954780148956
1781 0.013689546391021202
147 0.013699801256017606
1436 0.013992964567665333
1687 0.014087250796714095
3288 0.014154302907203677
350 0.01416025489463414
1496 0.014186486465391973
2779 0.014342627805666574
1131 0.014354154710515661
233 0.0143639226766595
2082 0.014383959039794935
1009 0.01446797768581638
367 0.01452479098711187
561 0.014607377819018476
1201 0.014630352625767567
1807 0.014666537487673964
487 0.014793345874731011
2225 0.014797787772825212
3323 0.014799873063273836
580 0.014887476626419805
583 0.014889130672084958
960 0.014911035664333529
1151 0.01528219310333655
2562 0.015399848983211162
2533 0.015640702825771746
1012 0.015662741809189164
2068 0.015722816496653365
2736 0.01573658691952336
1371 0.01579685583485582
1448 0.015923967667809374
2811 0.015933313657835166
1444 0.016094273159011095
1805 0.01611041611778665
2291 0.01612451106688052
2112 0.0163141378776643
2099 0.016318101507514986
3170 0.01640838156472465
3111 0.016687163361500147
596 0.017234106305174867
3072 0.017252734717970647
3153 0.01725734704542924
3054 0.017286778322350222
2854 0.01729125169105367
2660 0.01733345761303409
774 0.017340594577609045
1240 0.01736454219763226
2075 0.017411240646434813
65 0.01750323901440403
50 0.017551928902867827
2077 0.017565598070017792
2208 0.017808920171414364
2226 0.01789163971097714
2991 0.017969531134742707
1930 0.018028307164906623
2563 0.018187332198525995
3149 0.01833855613293879
1673 0.018503357157532166
2217 0.018510409830871835
2071 0.018561715292901414
2206 0.018587576665161896
2420 0.018598145292900055
1505 0.018664634003068625
1919 0.018678750478034245
3026 0.018780611091702988
1368 0.018800539964285837
1820 0.01887399374702544
3300 0.018959410919905453
131 0.019009744681929664
2212 0.019056301211199462
1274 0.019142599628193903
699 0.01915619325603099
747 0.01923187126018503
1180 0.01925620688985093
3206 0.01926768290716695
1610 0.019295195478779045
2756 0.01929740769051414
2505 0.019345205941408178
1197 0.01950323702272281
2496 0.01960523513922513
451 0.019690354123379408
414 0.019706176216839767
2106 0.01977390199762831
3311 0.019784515996445297
764 0.019847467176530596
1293 0.019878864982436753
776 0.019892411083834362
1414 0.01989272062287377
1561 0.019896737394350848
1576 0.019912554629304642
875 0.019930998154733433
2776 0.019953314122453186
54 0.020116718122564707
2762 0.02024770561307868
2281 0.02041131506618934
3437 0.020417783261234668
988 0.020450445909061213
748 0.020505799003963914
2169 0.020506072428591208
1659 0.020528293170518002
1006 0.020625278278084625
2988 0.02067400231390946
500 0.02068675302671128
1637 0.020827071232296934
1579 0.020833796111196
2491 0.02087471846423139
663 0.020884108941899723
869 0.02095381518735078
3226 0.020963751501579555
1419 0.02099749396960473
3187 0.021042661998441774
111 0.021043440928998163
918 0.021057063596626825
2146 0.021092487331547585
1891 0.021102496290331764
2121 0.021107617697257313
99 0.021151571877707016
88 0.02121016944824626
2396 0.02128725953948223
8 0.021362814717651012
1348 0.02162876365038957
613 0.02179991075213949
2707 0.02189846323729031
2987 0.022008335858873084
3008 0.022031750699050532
2399 0.022169631403314728
3274 0.022181344996341886
3348 0.02219679132266397
961 0.022263496243666355
1549 0.022320197489228196
3417 0.022412392886685013
954 0.02243304033049251
368 0.022552344843028108
1815 0.022632981704161743
2134 0.02271700657267665
3316 0.022733810914180565
172 0.022779090463869917
2606 0.02291708694862234
2794 0.023011032920806276
2063 0.02301340352058119
931 0.02310059110802628
2061 0.02316047780517658
502 0.0231821025164129
1473 0.023345609178065913
1207 0.02335722486867413
2530 0.023421168482801076
2346 0.023481503612066492
1990 0.023536537365997912
3137 0.02361119986636326
401 0.023633399085477957
3315 0.02368835970478524
2419 0.02371507840289053
2227 0.023760357954936133
297 0.023775566512955863
1938 0.023788314865840234
1093 0.023957946503205044
2151 0.024048968577128824
1113 0.024158394878707534
1854 0.024354404777966666
920 0.024380504473619346
1680 0.024468600240326727
914 0.024483048014751096
2718 0.024495700165860675
1002 0.024549154257676037
3433 0.024579908769253322
995 0.024642052913944775
1578 0.02482239327197397
2485 0.024902213336458267
3218 0.024932631008940633
556 0.024932934314367137
698 0.025100801980842472
1758 0.025178055964788386
115 0.02530010181012187
178 0.025361547064339914
3090 0.025454231266869014
3257 0.025588156207526854
665 0.025665926562409853
1949 0.02568195070745083
1572 0.02573138049400519
3074 0.02585525919578333
862 0.025894425505277225
1552 0.026126506998572746
3080 0.026257626037356558
1109 0.026258837897295186
1384 0.02628368674696572
838 0.02635168831642633
653 0.026502281438343253
3030 0.02651742727902718
2080 0.026659657881846082
1186 0.02668596563059187
150 0.02670839511586427
1174 0.02672393485446249
3420 0.026746355424506606
3310 0.026797410025833836
258 0.02680375363339886
2258 0.026811703867948348
1589 0.026836449254430437
505 0.026892278387173642
2956 0.026957179740849723
1597 0.027041636954792614
2184 0.027088069527958458
2947 0.02710022222485888
2340 0.027101070793073237
1910 0.027117050381393896
273 0.027167292620818517
126 0.027412419271881486
409 0.027530348379516775
1068 0.02763469909857315
2721 0.02772711284007715
1809 0.027766918342315573
3102 0.027872402240193772
128 0.027876114468044635
2798 0.027955279867973803
2044 0.027992009323770984
3110 0.02810815867366193
1018 0.028159211163350076
384 0.028310937493960072
2318 0.02832707932025214
2145 0.028363355747379537
470 0.02850840021362461
2120 0.02855847818752839
397 0.02858833189236198
1599 0.028653236974470624
230 0.028664569835781143
1734 0.02885074821676017
2580 0.02885607202390772
1979 0.029069301136097635
3165 0.029069829398097807
545 0.029324403740248785
949 0.029385820094035692
459 0.02939352952917277
3157 0.029394576118738632
2997 0.02942340814180527
2611 0.029433202505046642
1825 0.029507980337031673
1026 0.029624531377281944
3361 0.029689891836766742
2262 0.029735372568888186
1198 0.029747964878559525
3248 0.02978266789331584
2730 0.029871254303457
2675 0.029872207599406772
2162 0.029962902631984773
1296 0.030028302802372824
3152 0.030132661413797404
1450 0.030173096259595366
1265 0.030180587005818525
518 0.030192762756780362
1518 0.030193172699653187
3161 0.03020270834686286
664 0.030401514484834555
1411 0.030456854201952165
2444 0.030482209984964093
874 0.0306610883321234
2888 0.030693512173783574
1177 0.030780632911042452
3163 0.030865606440552067
209 0.030955230646994448
2507 0.030975737344599866
1022 0.031029366915440004
1547 0.0312510199565879
2876 0.031281157279767276
1344 0.03135276852648562
1817 0.0313613547264755
2270 0.031550692779990314
2051 0.03155428308951657
300 0.0317603108567182
1832 0.03178667841131152
3247 0.03192079613560007
1558 0.03199774158297906
2639 0.032091743313420136
1412 0.03228367970221999
1345 0.03232358841926233
1408 0.03235326772119257
3356 0.03239058643522762
1801 0.032461644232902924
3281 0.032503271472301525
1645 0.03262309238270962
3231 0.032627480941849134
2835 0.03275985196159219
615 0.03282786050964157
1556 0.03284064304332153
2942 0.0328455249261257
2107 0.03287892740641967
3382 0.03299611262816435
2479 0.03314730403534437
643 0.03319532875116251
1466 0.03321034322668045
149 0.033336761165957296
472 0.03346945161496124
3387 0.033543643225918816
819 0.033564071644470186
456 0.03369346666801163
3273 0.033717798532054775
3364 0.03399439911369387
994 0.03403479338698583
276 0.03406875913733875
3297 0.034242033970749666
251 0.03426340465836728
1711 0.034270649906949655
3326 0.034285256999396545
3373 0.034289758738926826
783 0.03429776774555816
119 0.03437692786708901
1993 0.03438777641624029
413 0.034472950161932935
3067 0.03454573935683102
3221 0.03468564945207086
1728 0.034685857470526146
3343 0.03469978594343275
2024 0.03501698419238312
35 0.03503131770322764
3291 0.03513318293837455
2628 0.035143159423430576
3320 0.03519934078795847
2909 0.035297308765562814
754 0.03532148927054049
425 0.035349807256262994
3078 0.035423919172001286
104 0.03549373754560597
152 0.03553674929615291
1191 0.03564515688922189
2265 0.03575741134436843
507 0.03578105240415054
3155 0.03602229085193914
2842 0.036132020322412736
1203 0.03616647192531286
3135 0.03621589985479443
110 0.03642307616226064
1921 0.03642701423979428
404 0.036584765549743097
1555 0.03661521141310143
1909 0.03663380845081317
3284 0.03669434599168815
2168 0.03676679860430112
3345 0.036837528908025
2743 0.0368523056854873
396 0.03685349549194395
3276 0.03687862189151635
899 0.03689687430104735
976 0.03690840173067858
1005 0.03692620092609349
1261 0.03696201684861542
1458 0.03699555158304952
2252 0.03721410092620154
1918 0.03721487374885748
2662 0.03731407972085734
655 0.03733383936585208
1796 0.037337475047899575
2945 0.03740665551004821
238 0.037688207073500124
3171 0.037708381987030436
355 0.037722814763716354
2220 0.03789616076113435
301 0.037951329937523384
2214 0.038054169810331655
544 0.03805856029460444
2369 0.03812924320794396
3056 0.038132678317086305
696 0.038175547176085164
2781 0.03832826825601459
733 0.03843234905977416
1764 0.03872085041084215
1247 0.038735786225615694
1788 0.03876894598117056
2246 0.038910366127558285
753 0.0390365448785337
3321 0.03911568543221457
1900 0.039308413438321164
379 0.03944750281630807
1730 0.03959639751351172
2953 0.039686417445304815
1863 0.03974506736408255
506 0.039861086826121016
1239 0.03993631206424402
2297 0.03993969824894065
2094 0.040008395850598295
553 0.040034293128677095
870 0.04007813404872359
2289 0.04013521444420193
3230 0.04028229393013756
2722 0.040314165570711984
1129 0.040520579968246075
807 0.04052136646666842
398 0.0406663909378194
44 0.04072350664370006
2513 0.04078798100519078
1690 0.040959246290631066
1417 0.041378334097576894
1971 0.04156041264549552
806 0.04159252296865835
695 0.04162207467456757
2864 0.04163443011807014
1429 0.04190441918317817
374 0.04191283752163149
1545 0.042119374902581525
1370 0.04218511747765382
3287 0.04223869329443666
166 0.04223993785651796
2940 0.04230235310933199
956 0.04241407530282973
290 0.042430031273723495
1349 0.04246705498215702
3034 0.04257511999629571
124 0.042782244802129735
446 0.04282232275371442
1819 0.042839891358320566
122 0.043073193755355295
761 0.04314976327997858
3333 0.043317658934456146
1099 0.04332523169256112
3047 0.0434037263528585
512 0.043902945879303906
2328 0.04398383830105264
1238 0.043989416549535726
2522 0.04402857896913508
2454 0.04403654747370805
831 0.044064287977384466
804 0.044118520247305046
2992 0.04424306750708238
1023 0.044332533185349264
980 0.044355103484427075
511 0.04437481563363516
2978 0.04439790018052477
1350 0.04440224226098684
6 0.04456521708760736
2253 0.044651872934026865
41 0.04466232088521208
3 0.04476775699849221
2868 0.0448760987425668
2014 0.044988839769011656
1317 0.045120938265952856
2273 0.045178193681579146
651 0.0452531567589933
1020 0.04537578419775492
2713 0.04538283378331962
3046 0.0455261469482846
777 0.04566356317786081
2829 0.04581509594406929
2102 0.04587525078997134
668 0.04602590170311534
2482 0.04623253807989275
2771 0.04632122852884361
62 0.046331297390967606
287 0.04637665183155129
75 0.046505361618906546
2859 0.04661000739689345
1393 0.04663333815790968
3136 0.046677594512107366
1100 0.04677197890604213
1745 0.046928563080438856
1835 0.04696728213887423
1657 0.046971358590165546
1602 0.04699679037636414
1155 0.04704129737632135
779 0.047081116804512636
3189 0.04710911233209606
1434 0.04712197608401589
190 0.04742168848875577
652 0.047615687561484085
1455 0.04767097238355538
2487 0.047901961507006485
871 0.047962937677384486
56 0.048124240029598545
2280 0.04820772944351894
2620 0.04827995095770573
1128 0.048478896081480816
1831 0.04854075507578792
3397 0.048575591522541685
731 0.04860983799121145
117 0.04874362731877844
3376 0.048898752879421234
2934 0.04894898846243858
1036 0.0490239653091324
1391 0.04918858976937524
2021 0.04934765064926115
329 0.04936853581146171
477 0.04940655131155326
406 0.04952957017063276
1850 0.0495718324187879
1733 0.049618517687323824
3272 0.049635133876878484
2610 0.04965217869391245
236 0.04966791173163834
2790 0.049928221434130574
970 0.05007123611608152
2594 0.0500726167664376
2653 0.05010075732866864
1153 0.05012036687954976
1210 0.05020482895273564
1791 0.05033524015346166
250 0.05053473680208384
1092 0.050547549089309966
2828 0.05061325332296286
2314 0.050754014739831314
758 0.050808735830798375
2579 0.050945029220554945
3378 0.05100203310185765
2834 0.051062139728200825
2111 0.05110787733428629
1111 0.051165554877639095
195 0.05123921079213233
90 0.05145211886250418
2635 0.05165405629341067
820 0.05169366149699746
2411 0.05172364520617634
945 0.05172376478048399
962 0.0518509076554282
1593 0.05191115685496274
1507 0.05195455192499637
1423 0.05216861534109406
2147 0.05229585434633709
1067 0.05231920421872132
1440 0.05235282965902472
2417 0.05256106555913626
1514 0.052561192057895945
2855 0.052602543452002715
917 0.05264011532363406
2152 0.05264945880793838
2450 0.05286646256881795
2268 0.053037463625344006
2602 0.05305579351100323
1568 0.053407532542802685
2856 0.053411952000523885
1957 0.05341318201875587
2541 0.053567482752663056
2958 0.053638876027973965
2261 0.05379568607561046
727 0.05380689776523955
3053 0.053829639515523754
1539 0.05389531140818633
1323 0.05441904352213004
2918 0.054558937593849284
2101 0.05456657790245005
1963 0.05458683296968297
1701 0.05505845724704551
426 0.05509260065038173
2276 0.055240621353839545
14 0.05540103422718705
1587 0.055554645648596856
2337 0.05560740542522666
2598 0.05563188118622927
833 0.05572495323403241
308 0.055828191902442495
1940 0.05588235561879658
1470 0.05589869433047793
1969 0.05614591808175281
2528 0.05633396496665712
3368 0.056470846405106384
2932 0.05650320719841327
2705 0.05652345154080096
1127 0.056561573586996365
985 0.05656829643445958
982 0.05659103008427812
2905 0.05667316309299429
309 0.05685802245374103
2946 0.05687389871650638
3415 0.05703430341935516
1472 0.057046983026560964
2677 0.05710500028854668
1424 0.05718535489427894
2086 0.05733238422230234
467 0.05742747008089826
1181 0.05746970471966401
1385 0.057486736002808056
207 0.057574511156230024
788 0.05768495929603034
432 0.057768160724192455
2269 0.057803997637460976
1763 0.05785513915180435
2943 0.0580619481898744
194 0.058132037914337534
2783 0.058156004031956886
499 0.05828264856197319
1803 0.05844882374803211
63 0.058711617219195676
703 0.05871194112819255
498 0.058975543161128324
2203 0.05905361489814807
2560 0.05925024910663918
390 0.059359481958587944
2744 0.059394126847132495
2327 0.059533812261546255
856 0.05956031609547414
311 0.0596347007292855
22 0.05966417305797461
2871 0.059883598175886656
241 0.05996682358076811
1830 0.06011723727349238
2742 0.06013233810996065
842 0.06013998885715947
3330 0.0601408132978746
1120 0.06021401921355813
2371 0.06046404526729882
2127 0.06052436447605671
1137 0.06055241374066513
58 0.06059255724807757
1152 0.06076362393617469
2382 0.06088796475954375
3015 0.061054220186583505
901 0.06147306662751618
492 0.061484937408353584
362 0.06165026594592361
2944 0.06178178324489686
599 0.06181438356925899
1422 0.061959577417369884
2302 0.06218068349827898
491 0.06218134426193549
2384 0.06226316884161308
1570 0.062477944676793136
3403 0.06260169740086116
327 0.06262923007931712
2847 0.06266673012282573
2129 0.06307817768437608
2311 0.06318838401365816
2271 0.06321199786429003
639 0.06335315864269242
1237 0.0633667258631698
2407 0.0634059403302244
2739 0.06352544230545404
3073 0.06360956997123388
3204 0.06361691179157021
3414 0.06362121314173491
3266 0.06368858398655297
2007 0.06375064032288
610 0.06377276992516047
206 0.06377391403263265
726 0.06387268647436103
3092 0.06387965448187002
2416 0.06391490118968988
3426 0.06400316525784737
2831 0.06401356083213365
2241 0.06450390392917081
2867 0.0648544058833735
1542 0.06487450943031417
240 0.06488012551577366
2434 0.0649172684708398
2979 0.06515463485699857
530 0.06526924211085142
294 0.06536395833909915
1611 0.06537325001543937
2749 0.06549428556104056
2301 0.06556845435163305
1596 0.06581623027379846
2460 0.06582988448172646
461 0.06590241098150194
1353 0.06592650588359869
2603 0.06613437718207073
3402 0.0662196291472864
2870 0.06628920525171628
1520 0.06632420014132318
1882 0.06636076414346707
271 0.06640685499646724
2933 0.06668703921125636
2200 0.06675335332385283
484 0.06684093478975434
1901 0.0668715557693913
1836 0.06689576285430125
575 0.06690407716299744
2683 0.06692460057469751
792 0.06696610779557437
3095 0.06698172815050461
1927 0.06738558445068901
2498 0.06745055318661565
2510 0.06745350084895464
2352 0.06764723272324104
1614 0.06765818101403007
1512 0.06772111122452229
1567 0.06786352400739165
2565 0.06789956760454895
1415 0.06813786768625227
966 0.06818731701484289
3196 0.06819270916429039
1789 0.06826184293165262
1321 0.06827361321156993
1722 0.06859918931431887
2566 0.06872867266058227
1367 0.06874064162090586
1571 0.06906682283880611
3428 0.06909338628526185
1375 0.06920950695809554
2902 0.06936174030598175
2274 0.06940182021147921
191 0.0696241333742498
2451 0.06974560147498533
2688 0.06977871699439522
2353 0.06987005700827546
2105 0.0700196129142552
637 0.07008449093353715
1145 0.07021506042935484
1842 0.07045360939109989
679 0.07048227081730711
55 0.07049915120070196
1001 0.07064780812362617
2735 0.0706674020382254
343 0.07077780237019134
2664 0.0708795122757239
96 0.07092873209145871
579 0.07097077132033762
2464 0.07128043117444675
3018 0.07130196085824833
2374 0.0716550396668813
2980 0.07181607483797853
2486 0.07183278793800216
386 0.07228530458132608
1510 0.07233032677977169
2803 0.07235945627390278
1941 0.07246424201499325
1688 0.07254143988037184
326 0.07267468836639897
2734 0.07270073871705326
628 0.0728624165233303
2017 0.07289303509506061
2118 0.07291548975738316
1205 0.07294201925829923
2708 0.07300469168850618
1674 0.07305384497149166
2358 0.07320333757013492
795 0.0732386961580188
1947 0.0732910136412214
1878 0.07346562050425226
3254 0.07355402725387059
2462 0.07363339647589733
3293 0.07381244885616038
1390 0.07383277552704319
1071 0.07384206945555674
825 0.07389080905176836
2500 0.0739734342816761
2484 0.0741046245894518
1460 0.07437171885008385
2917 0.07465236953615609
737 0.07478112373561557
3385 0.07487617757825683
710 0.07500182594866303
2002 0.0751391226589385
208 0.07533900780901093
3185 0.07582431501688745
1291 0.0759727430414327
1721 0.07598964239299803
585 0.07613402841331163
1770 0.07660402863650641
687 0.07664941877847141
2747 0.07665355788235291
809 0.07670083737951851
902 0.07671009567643311
3124 0.07694388254468741
3298 0.07695249127563945
2841 0.0769768119668815
2463 0.07713931615529739
1847 0.07715144089813544
1090 0.07719578361785713
2402 0.07730486216335872
347 0.07735459620555762
2119 0.07738608890959119
1883 0.07749652766821416
220 0.07776320874948467
785 0.07810266226681
1241 0.07830141466785573
69 0.07838140946898699
120 0.07843636180925831
3179 0.07847483517224695
1307 0.07851725342236252
340 0.07853672270685415
2559 0.07867761713158548
704 0.07869735056953003
878 0.07886762133489295
1775 0.07917481976951352
3234 0.07933800796166313
3244 0.07934271059336466
1860 0.07939372832853576
1346 0.07942038730343164
1124 0.07953532895726687
1933 0.07995528542980022
3351 0.07999526029278411
1056 0.08011515759754978
3413 0.08029714599934916
3386 0.08049366805492915
2084 0.08064648315359865
3434 0.0806698917379587
830 0.08077369737427513
3424 0.08092397436984944
2387 0.08098375367178998
2760 0.08124424126746031
965 0.08124938999086816
382 0.0813569344119032
1727 0.08160710342401656
282 0.08187435982580081
971 0.08191314366352398
3005 0.08196758008237329
3240 0.08218692332922754
154 0.0823415205275981
1884 0.08234237146191353
2985 0.08282625695450464
2679 0.08305184838317796
2437 0.08310505410862185
1794 0.08314141961464509
1814 0.08315422002153312
2199 0.08324104942403295
2043 0.08332359760089847
2901 0.08336648954725878
248 0.0835034675992152
654 0.08359434848845458
475 0.08362414235803081
192 0.08364407909984589
2581 0.08385003498285142
306 0.08396104768011203
3094 0.08396290522110987
1098 0.08402963744630845
721 0.08437511606792356
1623 0.08456194543300903
1504 0.08472362158129088
2008 0.08475980780811851
2935 0.08480231972027535
3184 0.08486806690521537
2880 0.08511288563363975
1457 0.08544639352602884
1559 0.08557971464213078
1143 0.0856539788998492
2173 0.08594936247317565
277 0.08601756590546365
952 0.08624485126134128
742 0.0866800819794322
1802 0.08673683180425155
1787 0.0870541947888918
531 0.0871024544492918
1378 0.0871390397239531
1063 0.0872469492198117
989 0.08757618733856064
2573 0.08764489832404398
1409 0.08777704400324773
1533 0.0878492337453493
1812 0.08790848709385041
1427 0.08798934081665069
2757 0.08802264876994446
1501 0.08802818925737782
1452 0.08817736726397994
1537 0.08826682115468606
900 0.08837798890652643
1029 0.08848947168233737
1945 0.08850959937744726
2156 0.08870158654077
1280 0.0887273579044289
685 0.08885580999735457
234 0.08912610779766204
693 0.08936473366140885
1500 0.08949842603697873
729 0.08961152817188976
2840 0.08979461573744454
385 0.0898365462128127
3277 0.09012258209580463
584 0.09031395512473102
1075 0.09045264717772013
1528 0.09069714416068722
1158 0.09075326710798981
25 0.09098801659202978
1490 0.09098995374310817
1943 0.09128338074751284
2797 0.09142414351237606
2038 0.09162524955457811
3319 0.09167669457169275
797 0.09178194758798258
2693 0.09188634459925174
3202 0.092669602016549
542 0.09273481713419812
1388 0.09288957835716939
1493 0.0929678086832428
1216 0.0930397658863643
1508 0.09329973351515919
1050 0.09334246757503525
2085 0.09383681336100955
824 0.09389380507904131
944 0.09441353593814063
1973 0.0945100213553504
946 0.09462768654287418
278 0.09485699354774207
1352 0.09514201512140091
2948 0.09543765670843603
1600 0.09547278382751134
791 0.09559348934928784
265 0.095721575516697
2788 0.09646661233294453
1731 0.09670528147929743
1724 0.09700317280558678
1410 0.09703585859274334
1798 0.09711435220614519
3344 0.09723793544562581
800 0.09738251908951043
3411 0.09739384184231654
170 0.09744256505388446
2016 0.09763000523817174
389 0.09782779235057659
2548 0.0982407744814452
2960 0.09857377277281633
2912 0.09869648948970224
2296 0.09892183770750361
790 0.09913384180954747
660 0.09913594735813135
3088 0.09918788854250458
2658 0.09929841621218022
942 0.09935723188984454
2825 0.09958745983530719
854 0.09973574929496451
2769 0.10031188119302754
1219 0.10038764832653853
1950 0.1005768890217474
1441 0.10098266099678997
2768 0.10149915165607476
562 0.10189263177167576
2042 0.10225898006633836
2584 0.10228506002007322
2219 0.10240925489296325
3173 0.10249508851019629
1989 0.10250618372505782
3127 0.10254163521107142
1182 0.10279356060541661
3292 0.10279648309982516
3419 0.1028998268360019
2701 0.10290069710790876
1304 0.10301565956458832
2714 0.10317772303182403
2539 0.10335216907623167
1584 0.10353770847750327
2322 0.10367130046269628
1603 0.10394906893665727
2572 0.10432387319127447
2583 0.10447260693922181
1076 0.10456584964973852
2197 0.10457014969838842
1190 0.10506460595960102
1094 0.10553911917574439
1740 0.10555930414131526
2193 0.10576887486914252
2481 0.10601602469092565
666 0.10604624613195522
1774 0.10607710485850888
465 0.1061842964923821
1474 0.1067616776487886
2923 0.10684549461204919
1482 0.10694704986725231
1066 0.10701625206318124
2244 0.10702946445698355
1694 0.10717184250499213
2826 0.1072460446912452
2830 0.10747651595604858
2608 0.1077807328455246
2506 0.10785217217415564
1886 0.10791060524647289
2286 0.10804636166976346
280 0.10815057574677815
678 0.10826709891168476
2091 0.10846556509405575
1948 0.10882324365976495
2723 0.10882634335762077
1725 0.10925178679573797
2492 0.10935578934352512
1085 0.10938386273990831
1857 0.10972258033311126
3016 0.11052842083373364
1974 0.11091130965904895
1762 0.11099861984864387
2588 0.11104728398777428
2175 0.111350162892924
2325 0.11142383878406714
1119 0.11161938219809234
3028 0.1117842452930066
2413 0.11225659737510149
1453 0.11241303456435611
1598 0.11245066171007673
1936 0.11252434904746614
3237 0.11257238057980681
1726 0.11294289326086532
1377 0.11295729923714187
452 0.11297025460923264
98 0.11326135702754082
1433 0.11350577020822543
1784 0.1135511831835031
1828 0.11377589810267305
1679 0.11378394235909234
3334 0.11385157131762373
173 0.11441215578281613
1628 0.11449074328831692
563 0.11468110836854208
3045 0.11474223858538046
1766 0.11476541717235186
2924 0.11479741926993174
738 0.1150182880280662
1944 0.11507053011766359
2728 0.11508418692623831
863 0.11519501480939832
2866 0.11541002361119333
2499 0.11557733622685265
177 0.11573886892291413
267 0.11591672379336364
3105 0.1161988893177899
1051 0.11632643536360583
1426 0.11669553122580104
1797 0.11673078966084718
535 0.11710085513296521
2750 0.11809367300698725
1167 0.11826143120088238
3390 0.11861045785000117
2977 0.11869718652796242
2336 0.1202467330034824
2516 0.12033429201170767
252 0.12047330023922728
1169 0.1208655297909841
358 0.12088756839650103
3103 0.1209468800302098
1582 0.121142420949168
3075 0.12117157795218021
2430 0.12123996862885882
171 0.12127770836397272
2896 0.12146009365364988
571 0.121501270980183
2277 0.12165871224237511
713 0.12175154545073795
2885 0.12181426018218496
155 0.12201416824442907
1613 0.12208229654198899
2333 0.12225683154066248
3010 0.12233212314537076
2128 0.12257177935855909
858 0.12269886086061631
2092 0.12372880539544484
436 0.12373031494027086
1487 0.12380544561431536
2040 0.12448986710030055
1061 0.12458714649149047
447 0.12517459543987644
82 0.1252565960541857
2891 0.12565693597023703
1823 0.12589699897228357
3125 0.12615418058076316
1696 0.12655824486320352
1626 0.12668683899779476
1708 0.1268619400902756
359 0.12723628841697657
2198 0.12741128687249043
1484 0.1274407901829827
3405 0.12762789199121416
2348 0.12879755485473324
281 0.12881374420039787
865 0.1289798909232762
2267 0.12912978764844749
1456 0.1295971181981538
3130 0.12996585261858296
1729 0.12998325641602124
153 0.13039213417142165
1088 0.130485349914087
2483 0.13091951639278596
1302 0.1312809208694389
346 0.1317899283355305
1691 0.13187494833310417
2601 0.13232319053674516
1463 0.13290024858925542
2299 0.13299663753815355
625 0.1330783626087211
1324 0.13340570617334457
3085 0.1335413084466423
796 0.13374076469655266
2489 0.13443995533464376
2746 0.1348746952256357
3001 0.1353289987453479
113 0.13565183784023832
3238 0.13591352105726381
1554 0.1359989390084495
2857 0.13612043162344886
675 0.1364443072769201
361 0.1370238775068622
2700 0.1372086571512499
243 0.13724988512610395
1278 0.1379394250276698
157 0.13811268587135972
1039 0.1390293873187003
180 0.13911833604713936
2982 0.1391670740997388
2920 0.13933516920249425
953 0.13937945205078112
1995 0.1393856232161059
365 0.13950618069171658
341 0.1395906917802506
224 0.1396632708799745
3131 0.14004223645238995
574 0.14006289471305752
3129 0.14009529131667975
1536 0.14013997308894427
2180 0.14046198574219354
691 0.1405016384194545
1000 0.14050242437028482
2543 0.14141841377503994
2512 0.14196967743679478
587 0.1423252832645508
1776 0.14239383394077776
3012 0.14264374363785867
1157 0.14264416687204287
138 0.1428080467453064
1073 0.14312709467944884
1879 0.14369007925383975
2255 0.14428108987449903
528 0.14430817121232262
378 0.14515989992209066
12 0.14545138896908685
3262 0.1460279612353747
829 0.14646724265071764
680 0.14698579589646182
845 0.14711169877899954
2983 0.1472747953464031
1227 0.1473914276799895
1082 0.14755282518885943
510 0.14761654685816253
1772 0.14772657249548202
708 0.14790402486770976
3408 0.14797700357698426
757 0.14802147470864507
307 0.1483384013739997
715 0.14877310139686806
430 0.1491630585509281
1354 0.1495821712090821
2886 0.1496056204649167
550 0.14964435768843706
1027 0.15004502977242742
310 0.15025827447594658
123 0.1505882720073582
547 0.1506085874259027
593 0.15064963222474248
2833 0.15119806351156903
2229 0.15192850701690902
1601 0.15206526722246672
1364 0.15238958849215867
577 0.15407419057415792
2816 0.1545845217790355
3013 0.15467579587362337
2972 0.1550769817593069
2315 0.15514391694784596
438 0.15542067208954763
578 0.1558360665262452
2759 0.15588257956260587
846 0.15591567523989763
1049 0.1560531433195851
1160 0.1567117088130068
3263 0.15679662312602052
2692 0.15746733311220207
623 0.15749051699192926
1666 0.15797055734949647
2243 0.1580935559964526
1937 0.15819850904120678
2332 0.1582228828084173
179 0.15903824732297758
983 0.15931055952823936
1712 0.1596986430752068
2780 0.1603314027111926
331 0.16035388553922755
1462 0.16079670138807323
246 0.1609362069239936
2388 0.1609867936332969
176 0.16136284989073185
3418 0.161616782844069
2687 0.1618366075392366
2879 0.16200608556622428
64 0.16210022954954872
609 0.1622365084825407
2004 0.16267615153209106
18 0.16300005832050116
261 0.1634691317772671
2674 0.16347543668127362
210 0.1639513409490436
314 0.16428100479877808
1476 0.16434436864313082
1140 0.16442897593025468
1656 0.16493808189834896
1759 0.16493892132268329
60 0.16534356997436683
435 0.16545471898744177
683 0.16549769952993157
3329 0.1655063483247438
629 0.16580202744009848
1218 0.16593471879646085
2869 0.16599239767898147
249 0.16654413791072323
2695 0.1667957022432034
165 0.16730622379171284
1289 0.16767700647245304
1454 0.16789172170490035
1768 0.16796244682317207
1383 0.16821610270765805
1972 0.16883980820422778
1839 0.1688832583186234
2999 0.1693965556867478
565 0.169648262503131
1755 0.17018288082975333
354 0.17148744880188863
2863 0.1717870407221676
781 0.17187351439146592
1546 0.17194128528147093
3132 0.17229306668412356
3011 0.17353163117480178
83 0.1738158262733597
2626 0.17431333052559717
1331 0.17436263212259606
2899 0.1755773266289557
1134 0.1756918564782061
2030 0.1759546249384448
2306 0.17618212080176138
424 0.17625012643000434
969 0.17719408188242505
2440 0.177724868968414
1398 0.17804598224254378
488 0.17817870826093782
2802 0.17861415574958017
3421 0.1787229429209524
1492 0.17883624878509533
2501 0.17921447084067862
2534 0.17947255843273177
2304 0.18096296109231258
947 0.18179388660241205
1997 0.18191455208325175
636 0.18364444986631917
2449 0.18392888057024787
1953 0.18423105308500323
3261 0.1847860510864913
2848 0.18489344066447033
897 0.1851372572472362
1123 0.18638894176466753
560 0.18739838477398657
2540 0.18759598746248987
1299 0.18765902088727665
2877 0.18792618282113302
1717 0.18795976832195654
26 0.18952988295174722
1621 0.1899166445917569
3365 0.19036344198768243
2442 0.19117238073209716
656 0.19128715289315873
2088 0.19154147858257425
1399 0.19162517801798087
588 0.1920516675619196
3389 0.1938634674996121
828 0.19434734480024557
93 0.19438987629109922
529 0.19478714751128645
3432 0.19578367051210896
1709 0.19603276069752545
2646 0.19764874136147773
2443 0.19853442846783007
2183 0.19918967525991832
3233 0.19947978233991087
2814 0.19984632508397956
215 0.2002318804261362
524 0.20192410960623675
2316 0.20394541701237284
2858 0.20415535071041224
1037 0.20437328940510557
1362 0.20464753468342198
2967 0.20499615696492843
2971 0.2051543996980999
548 0.20617702033379
2385 0.20634885114310197
1581 0.2063493361277245
184 0.20767316129593782
1033 0.21053429205954616
1281 0.21069556767870481
1771 0.211657091075983
844 0.21201302389550516
2303 0.21218417463107547
1569 0.2128608064124769
399 0.2129302101133776
337 0.2130676102093602
1312 0.21382623655164004
1221 0.21481884027224327
494 0.21532301402276277
1154 0.21652213343689405
1156 0.21708959123533153
1749 0.2174112880379986
1489 0.21988957273161122
2177 0.21990047323032233
74 0.2199237402120299
423 0.2224395309986036
1782 0.22267651777503356
1675 0.22438365938676288
889 0.22441435001538673
1288 0.22579336948556436
183 0.22581512854567357
882 0.22664225540172703
2190 0.22712986455879788
400 0.22727000087872717
2466 0.2272734587600705
1034 0.22751546710259538
380 0.22778020795367082
1634 0.22846264671538816
2373 0.22864330977413966
142 0.2286715824927862
2187 0.22907141223357888
630 0.23095544683931313
483 0.23170017959874584
2819 0.23228835069871037
760 0.23251939710981934
1529 0.23258602347539614
221 0.2328602093388255
2477 0.23296721901008238
1826 0.2333086117313692
182 0.23405883678731088
2185 0.23483113117036672
78 0.23689992240713004
887 0.23705173402207366
707 0.2374487789788021
1267 0.23780817081794073
3133 0.23836034529955855
1959 0.23836735899020908
1906 0.23901059101729027
2627 0.2396236454776565
1829 0.23999365546340243
3052 0.24121707203673648
1047 0.2413840616220025
3340 0.24399366292944147
2727 0.24530456669388878
476 0.24569735370917722
466 0.24679849690000116
16 0.2470500375701253
1861 0.24822791310197342
1038 0.2484419543227003
216 0.24856917464698505
1750 0.24859148574816517
2681 0.2487822737856792
2827 0.2503690821692022
2307 0.2509498146722229
1612 0.2510094146712595
1481 0.2516692266796018
242 0.25201394718107867
2775 0.25267892432790107
1998 0.2538469122137679
1279 0.25452496949230874
1715 0.25496401274550784
189 0.255588803270558
3138 0.25619533857083016
2037 0.2568747523849357
262 0.25787764588908285
395 0.25866637046063606
2414 0.2592774318801972
1044 0.25931236428725335
333 0.2600203734739654
2815 0.260131743688928
1125 0.2615205236118993
1389 0.26329181571735094
2623 0.26342290180297984
364 0.26425596568987236
632 0.26521378100213067
1778 0.265789845371619
2231 0.26667378761768656
2898 0.2670586441325405
1116 0.2682651070246977
2895 0.26836555794646916
1290 0.26896107208212033
1769 0.2695563154716406
1837 0.2729047035410246
2969 0.27359665091522245
607 0.27365028269643665
1880 0.2739632022089744
2363 0.2741829504553732
1163 0.2751768251525985
626 0.27557742927730566
1357 0.2765084585858718
2715 0.2770213730139815
2475 0.2777586385579706
3331 0.27887959704295423
1121 0.27905793214201025
485 0.27980836866661213
394 0.2807080897401651
1305 0.28127158598258734
631 0.28293292639653433
3121 0.28420225040615826
2852 0.28503665536735395
813 0.2868587110121181
890 0.28769216372514117
2821 0.2881744054868126
604 0.2887427484697078
941 0.2906112447517689
1286 0.29382282148814165
324 0.29383965556386504
815 0.2988670549699799
1097 0.3009580765792055
1976 0.3011173283579489
1952 0.30212855824318163
1752 0.3021313257453718
2624 0.30328651112765737
525 0.30496679963656603
1254 0.3060086833970417
2981 0.3066651282384302
3098 0.3074769661170838
1669 0.3077770562516597
2970 0.3078729674217093
2654 0.30839295710977743
2362 0.30866806599544444
1753 0.3106707761834979
812 0.31146180158161163
1329 0.31256249834034977
2366 0.3171374709352192
603 0.31939430053225343
3142 0.31965093378953646
2975 0.32042175353731195
1710 0.3209405710902393
1283 0.32106551478434875
1392 0.32413996235790377
2758 0.3269722489715867
1509 0.32974270180963094
1960 0.33110482577761124
218 0.33364262545133194
284 0.3350042592003536
1783 0.33784824066873287
70 0.33800214102080617
2285 0.33809305537909656
1821 0.340609705916915
2313 0.34091234455121816
894 0.3415485243452151
2922 0.34201098097178434
2861 0.34665464289414416
2181 0.35035422186431286
1984 0.3522599803408428
1430 0.35334433180953856
1767 0.35377659935657496
3107 0.3560708511610185
1046 0.35911864108518915
1225 0.3644339763860602
97 0.366146876200748
214 0.3661921305572656
1779 0.36850098160275496
1958 0.3770679769917385
1480 0.37805686588868076
3431 0.3799670902619952
1282 0.38134533923871505
188 0.38254285995909976
2682 0.3839459016249795
2391 0.3852333942939658
317 0.3862329580731152
886 0.3862372318739932
606 0.38806305345697056
1629 0.39070815675768744
2368 0.3921675371836952
2751 0.3935982082577458
1139 0.3937830179994544
3106 0.39408917019347944
2576 0.3963959899243188
2655 0.40158987882454017
1478 0.40381348488254104
185 0.4047785957768626
1268 0.4078997188100841
1161 0.4082167497072973
2777 0.4120432406025896
2087 0.413190316256256
2474 0.41776556277377375
431 0.4193270724675919
3002 0.423508493247929
3104 0.42705789599607485
1622 0.42855217581235816
316 0.43900541763318685
1631 0.43993308230054007
1961 0.44383224515069514
1716 0.4449450476512623
1978 0.45368374520862575
318 0.46083808681726296
1477 0.4650697854554304
2862 0.469096226398228
1035 0.5091557762325901
2405 0.5159120881139205
1704 0.5171059041162551
2228 0.5361382387379507
896 0.5443499704956326
888 0.5466341028280763
187 0.5496498115604375
570 0.5587183750554006
2230 0.5857656626641196
594 0.6742828399801531
