#dihedral index   #correlation
2898 -0.7149041724399957
1760 -0.6917599249580689
1283 -0.6892353309803815
614 -0.6865573251826547
2906 -0.6863650004352502
2404 -0.660094632248272
2773 -0.6394498734174051
1627 -0.5986431357100527
2228 -0.5655898155718234
1691 -0.5418068866987232
2478 -0.5304828966809093
1268 -0.4961197176325646
600 -0.49331815067770624
382 -0.4897673737156005
2892 -0.4851720171125261
123 -0.4811218572044669
2655 -0.4786628658289436
758 -0.47461246505927723
1746 -0.4718776540371344
496 -0.4615100846303012
1978 -0.4457643800164027
2406 -0.43404679737582474
896 -0.4335964488668185
1831 -0.42810406637578824
1282 -0.42740848878969495
2899 -0.42688246418810083
2087 -0.41796023711374053
1393 -0.4073866122523508
1101 -0.4022517438714318
685 -0.3970910156623642
845 -0.39544189884006037
851 -0.38550713270164966
261 -0.38523934201103344
3137 -0.3802992199672223
1097 -0.3786683498893119
2247 -0.3778632533230452
122 -0.37689989622811926
815 -0.37450315586169564
363 -0.3742997714483318
2229 -0.3740649935913753
2441 -0.36193625641936517
3120 -0.3611523818304444
1499 -0.36023405592827906
332 -0.3580004717356143
3121 -0.3571120001082103
3122 -0.3569691049171422
362 -0.35599659093700126
1035 -0.3551839282599999
2654 -0.3519300990716921
1116 -0.35115424510025306
848 -0.35004979308161316
1994 -0.34641858927261043
3129 -0.3463397331598587
255 -0.3422993646436403
2895 -0.3411811289984603
1631 -0.3405991993575664
1124 -0.338042352801126
2777 -0.3334380300124644
2366 -0.33165056742361304
3107 -0.33147691922245526
381 -0.32628019740732106
1223 -0.32273812161566395
2896 -0.3128685024469249
353 -0.3122280779387779
431 -0.3105033129799754
2775 -0.3085381134500659
888 -0.305476353080002
890 -0.30155499141964603
2645 -0.30036657994441385
1780 -0.29989219676774725
380 -0.29987316175693024
1783 -0.2993563613699325
1305 -0.2986428271176828
1478 -0.29777134888094886
889 -0.29585440800973684
182 -0.29565948094133315
1669 -0.2944059495695997
2815 -0.2932888850721199
466 -0.29179307187783055
1710 -0.2896836715326994
3136 -0.2875673928843692
210 -0.28649892463064763
1480 -0.2864011844157686
1509 -0.2859379420642157
333 -0.2844714078814271
2183 -0.28164309968069057
2827 -0.2808902634496173
390 -0.28051180544058224
816 -0.28015700472046434
832 -0.2780768380012185
256 -0.2734627270631334
3138 -0.2714491264364158
1474 -0.27134977106863895
3140 -0.26978662903320444
1539 -0.2690334456355476
3263 -0.2656109788797854
2913 -0.26557019988405106
2688 -0.26224400109280227
157 -0.2617516585641421
13 -0.2617112042684959
1270 -0.261699201754818
2976 -0.2601492465472349
186 -0.25843804003575
2390 -0.2582702192491303
139 -0.2574486781834956
523 -0.2565687503665001
2132 -0.2544277387847132
2682 -0.25411128397347
221 -0.2535533867488232
3179 -0.2530948170811349
941 -0.25307194959891066
93 -0.25219721588010174
2474 -0.25202053589761114
606 -0.2516638812134787
2758 -0.25132264818247335
369 -0.2509629092438675
1288 -0.25095605027949863
2539 -0.2485941037229145
2300 -0.246882938391755
565 -0.24675155206584282
3178 -0.24664761167622004
1629 -0.24598992483864257
2708 -0.24521007666478703
1737 -0.24430186659865546
185 -0.23975173542227018
2624 -0.23923445384886027
155 -0.2378486198643101
1355 -0.23740944291277868
2626 -0.2373612640836041
1044 -0.23728074226230964
24 -0.23723614464313506
264 -0.23703014810010514
2508 -0.23678210800058813
342 -0.23553401158556597
1792 -0.2336032824119251
1755 -0.2333155003361113
2187 -0.23222683573734054
262 -0.23065188442419488
2715 -0.22937705224024307
1401 -0.22906870752559855
2312 -0.2286252018399265
1570 -0.22655502223024807
1569 -0.2245265979512605
1551 -0.22415882773468762
2373 -0.2241029227360725
3020 -0.22317284532897683
326 -0.2229378612393878
3176 -0.22192271513763281
253 -0.22021475313753316
1998 -0.21995541873309868
2489 -0.21993090925324454
2894 -0.21944124473884316
34 -0.21919857204562013
3417 -0.21769505556629187
1752 -0.21731236012313238
61 -0.21718426029599827
1586 -0.2163556627995725
15 -0.21551247832228843
2802 -0.21537053112050059
3002 -0.2145976527306603
638 -0.21407482096815666
1121 -0.21383652730954542
2290 -0.21365932827824674
678 -0.212060995736374
1153 -0.21189940613676536
112 -0.2117852456693672
2232 -0.20881032083837361
559 -0.20848178208612478
1469 -0.20795359735153207
2774 -0.20733763624113127
1363 -0.20733735254701724
2692 -0.20682631653218406
2219 -0.2062768121237046
626 -0.20564161919692184
1242 -0.2052787744385791
3186 -0.20498303394278594
1874 -0.2039358944508981
3108 -0.20378528849418637
1991 -0.20356235732389946
2858 -0.20338045562613716
79 -0.20265032517576434
1678 -0.2024179152040334
1244 -0.20044136379421654
1442 -0.19997731798418186
2471 -0.19985495762304664
3062 -0.19800200052913514
2313 -0.19767295932154258
1161 -0.1967069838769598
2877 -0.19668855118845682
2030 -0.19483952613777245
675 -0.1937299227077479
2928 -0.1932848532096639
1581 -0.19256727104499086
2512 -0.19124529549729022
526 -0.19119760286259269
2297 -0.19069151361059863
971 -0.1898616527129172
637 -0.18919444986565126
62 -0.18862556211172632
440 -0.18841970208616016
243 -0.18761647014844335
2186 -0.18734689691462303
693 -0.185719531454846
400 -0.18563105445703854
3183 -0.1856282648053936
1707 -0.18554952489272064
1138 -0.18306119832743054
480 -0.18283114106006937
2631 -0.18162999911081337
430 -0.18134690004142195
1094 -0.18100882979899519
1628 -0.18084153195991623
2687 -0.18081882317226303
395 -0.18045722028550104
708 -0.1797321708558703
2634 -0.17960911326468018
2576 -0.17954461348586503
2727 -0.17911309449558763
1367 -0.17887987397292843
232 -0.1784718336049216
571 -0.1784008542290002
2255 -0.17792244922742237
242 -0.17643927344599936
2824 -0.17642856346980584
1184 -0.17615714726824647
3337 -0.17369479936980728
1772 -0.17308499390939863
2697 -0.17278532052241843
2622 -0.17248175594608792
2548 -0.17207826529308115
2674 -0.17089578989512372
423 -0.17071102777428784
1407 -0.17047658573396188
1656 -0.17040039367292478
1546 -0.16998974831845315
2897 -0.16975848193690363
2428 -0.1692722141280526
64 -0.16842170586357827
1269 -0.1682232431367504
443 -0.16802872365101593
544 -0.1672691022489629
646 -0.16646034824781486
1508 -0.16504631238888925
16 -0.16471579122479893
604 -0.16445324559560465
1159 -0.16415430467195163
2863 -0.163587272680423
1903 -0.1629598642191553
3049 -0.16244570432651
1072 -0.16237214055969845
1329 -0.16190752813772455
240 -0.16157084837435068
1850 -0.16116133474106847
2807 -0.161106233044647
3268 -0.16090874644945874
214 -0.16079433853085823
1165 -0.16076090514016694
2190 -0.1602530390107382
3075 -0.15987747882689363
2333 -0.15957700761741853
1944 -0.15873519073326264
1412 -0.1584463321961729
2349 -0.15807244470064016
222 -0.15781270278773088
75 -0.15774495004770347
1795 -0.157063554440715
96 -0.15693887482281643
2181 -0.15607193388013185
1301 -0.15576593791745635
1510 -0.15553065998783977
421 -0.15523542283067052
599 -0.15515299439727626
3184 -0.15396796140738864
120 -0.15339653717538093
2759 -0.15331988746753572
446 -0.15274165902280343
2492 -0.1527148357372925
3051 -0.15266236498930505
2833 -0.152526578863272
2919 -0.152226160857766
1218 -0.15147857469739684
2608 -0.15088553914269384
485 -0.15064107704974827
435 -0.150175211390257
2481 -0.14953266595354425
98 -0.14913087291500735
351 -0.14902275078037755
3435 -0.14882585617892974
823 -0.14787525452372446
2136 -0.14686390167780466
2973 -0.14677167023989063
1709 -0.14675851961372782
2780 -0.14663266839188285
417 -0.145741452939081
660 -0.14570975764728353
38 -0.145462034208591
267 -0.14539803151275243
1504 -0.1450395904917253
2829 -0.14440257505091153
3389 -0.14414917325856283
223 -0.1437074689086533
2198 -0.14360599107389477
1280 -0.1431500740969993
2822 -0.14236698380157378
524 -0.14107261380597347
1118 -0.14087834314872713
1540 -0.14033350854191257
1837 -0.1398120203860486
1222 -0.13975585398009008
1297 -0.13957394129607087
265 -0.13953662330925706
254 -0.1393948350687096
1984 -0.13938198310053326
1190 -0.13879163269133782
2414 -0.138782687153406
3007 -0.13877057751171476
3103 -0.13863011267671072
1598 -0.1384355717953879
1318 -0.1373322619297819
2467 -0.13724049575159356
2818 -0.13704193882015336
2456 -0.13697896952275776
284 -0.1367381505306808
451 -0.13651080191746554
68 -0.13649158319295518
329 -0.1361393714131498
2278 -0.1361196893567511
590 -0.1354536040500439
1961 -0.13545120902604044
1437 -0.1354305906763523
3181 -0.13534822451123507
746 -0.13533022716581422
70 -0.13532442707013054
2840 -0.13527853648114557
2816 -0.13485456340248217
651 -0.13461795421422448
1731 -0.13453714680580225
1712 -0.13429119817248167
1857 -0.134264802765498
2659 -0.13405385319493146
2879 -0.13403417229762885
2683 -0.1339863322751424
2218 -0.13397719660953014
1098 -0.13344692336790692
3344 -0.13343931784984236
1192 -0.13313670944965378
588 -0.13305569668072387
1776 -0.13266654168086003
811 -0.13260330934660575
2368 -0.13238244563447052
1750 -0.13234404812435518
1123 -0.13229865300185975
1354 -0.13197560065801997
1534 -0.13196757361797576
97 -0.1319062172793418
799 -0.13140889898642366
1119 -0.13083416665155398
228 -0.1301676586630528
2826 -0.13013257512097076
2921 -0.13006131549793085
1171 -0.12928224994626916
3333 -0.12885740302617132
1129 -0.12874610643657786
8 -0.12794702920296402
72 -0.1274904058927498
2534 -0.12711875295343902
2439 -0.12668482892262814
20 -0.12658793337261004
3267 -0.1264052502724644
308 -0.12610203154371674
1061 -0.12571891701877555
1829 -0.12555644758270293
1289 -0.12481980723077175
1770 -0.12475452861128562
1366 -0.1247460045849584
227 -0.12371102308611877
3393 -0.12360502754604469
2533 -0.12252345561030645
2215 -0.12214650191754521
3405 -0.12208533075014247
454 -0.1219679765434628
581 -0.12115367987829619
1584 -0.1206412816496083
1453 -0.1203830393587392
1882 -0.12004650343331419
1111 -0.12001146240577837
2399 -0.11986728192227916
1031 -0.11981197272232491
1488 -0.11977665754423941
2509 -0.11974261934578358
713 -0.11973290529465852
609 -0.11932781346231257
3011 -0.11927307610242917
3096 -0.11927120946085036
1690 -0.11909801178532402
2609 -0.1189046393577598
2307 -0.11887012224833413
1962 -0.11766801761821105
656 -0.11765146784589045
2220 -0.11764391852036639
1634 -0.11719592881928272
78 -0.11717495852920681
1567 -0.1170858500854548
2040 -0.1166159348685122
2458 -0.11647359123755863
30 -0.11601729914774776
2328 -0.1159869083633867
213 -0.11576260340354472
2865 -0.11557433671235845
1717 -0.11519734170295101
2577 -0.1151957394647262
1260 -0.1151799415840947
1536 -0.11509875355559604
1126 -0.11476270608074933
1417 -0.11467784431248275
1408 -0.11462444189403151
1936 -0.11457369575779042
1075 -0.11452253632092459
1048 -0.11436536917748996
1273 -0.11376329061696058
2491 -0.11366928326464638
1440 -0.11360114095622983
985 -0.11305975364021632
1038 -0.11225576401131773
2385 -0.11201198024171034
755 -0.11186775440278415
481 -0.11155497519167007
3351 -0.1114155632287039
2200 -0.11091221989214116
278 -0.11064311115273107
486 -0.11045700645170192
285 -0.11008876344531837
43 -0.10912242465370531
3143 -0.10909843195292201
1689 -0.1085459821115536
875 -0.10843047794248778
2527 -0.10820580700899222
2425 -0.10812616465262334
2371 -0.10807318314412814
1454 -0.10770300855230493
1505 -0.10731620299593178
1424 -0.10708890445194076
456 -0.10691606741550914
1151 -0.10686661761309237
1700 -0.10674867272916785
2515 -0.10651448224758168
241 -0.10607181059946678
2050 -0.10599759918055769
424 -0.10599098108901002
795 -0.10590950837277709
649 -0.10546621211425593
1939 -0.10523563612478937
2618 -0.10501379362432826
2233 -0.10497194970964244
1066 -0.10471215658113392
1304 -0.10470824145249133
3036 -0.10470103198453996
107 -0.10466394938310482
510 -0.10460951571269583
2995 -0.10453522163023635
1854 -0.10420665601359128
691 -0.10415825376154561
2883 -0.10368862853340972
2974 -0.10362315166731172
703 -0.10341144039538774
323 -0.10254849246808455
2511 -0.10247534497480103
1797 -0.1023522285458658
2263 -0.10228742029753789
2056 -0.10203454311411671
881 -0.10137868417245403
2712 -0.10131709275762565
1822 -0.10094978456170847
1573 -0.1009174957230587
2243 -0.10080107898857285
1430 -0.1007893711746401
1049 -0.1003169216335092
1773 -0.10025875290754756
3093 -0.10018961338711607
2545 -0.10004103017318322
1040 -0.099733699025338
438 -0.09900185189714737
2437 -0.09897290874692818
1830 -0.09892497698669879
784 -0.0988853460117207
2813 -0.09848677576084207
3431 -0.09840022333092088
2884 -0.09828718315193744
3010 -0.09794396605955098
521 -0.09715377853518783
450 -0.09666488356011795
805 -0.09654223608298237
1409 -0.09651035501727602
1057 -0.09637335587889416
3305 -0.09624762085657214
3080 -0.09608457290063122
3266 -0.09605831981656825
3260 -0.0959204899970019
905 -0.09587054450603019
986 -0.09580975141295035
910 -0.0956562638893677
1933 -0.09544707813984712
1188 -0.09538214890174057
1835 -0.09527780088635723
1589 -0.09439768372616031
192 -0.09413025309632345
602 -0.09409980867179243
756 -0.09405609683013799
983 -0.09401703158888108
3430 -0.09383999719067042
394 -0.09375584887231223
1562 -0.09363722432912389
1582 -0.09359201612598078
416 -0.09346480547816538
322 -0.09317508104570985
2686 -0.0929646719593264
1748 -0.09281688857305932
1309 -0.09276756056013287
1400 -0.09247660854372927
3365 -0.09243044017448834
3239 -0.09226048818328361
3094 -0.09222298888024044
1074 -0.0922084509263981
2207 -0.09220679144770037
2707 -0.09201757216979398
1100 -0.09148286874160384
3187 -0.09141580990448532
2574 -0.09115888710586482
2643 -0.09107524974299759
3013 -0.09096765695714117
206 -0.09057005974284543
360 -0.09053978203572945
1839 -0.09043109159606656
3414 -0.0904298165338018
3078 -0.09038790884163947
2837 -0.09011369619131163
3265 -0.08994369895119277
2924 -0.08986159727569443
1113 -0.08983074917001001
3415 -0.0896127131975979
3332 -0.08958931836886588
1940 -0.08947721940365924
198 -0.08933547192856385
2925 -0.08917152585226681
576 -0.08891233458669084
563 -0.08875882720759616
970 -0.08856249593497141
277 -0.08855549876393558
1139 -0.08841839985807574
573 -0.0883547804754462
3326 -0.08799012145969606
2365 -0.08785754161991512
2042 -0.08780895481051357
364 -0.08780153840304564
680 -0.08737225599885746
1802 -0.08714495549384593
3128 -0.08660740612095012
647 -0.08643817255891048
2212 -0.08642428351940742
1331 -0.08624377633231464
225 -0.08621365168173731
36 -0.08606244395896757
1827 -0.08578450891791058
2316 -0.08575280529632634
1120 -0.08523298422209073
682 -0.08521383067484174
3404 -0.08518409457539144
2109 -0.08494856396983383
1561 -0.08487122473313412
3421 -0.0847679067946906
2565 -0.08476173709124357
403 -0.0847428841103263
60 -0.0843305125636626
1450 -0.08425544161729667
2431 -0.08413198905684559
2482 -0.08381648504421081
687 -0.08379750007851444
3012 -0.08359666244252022
615 -0.08326957483701533
1182 -0.08312936745369914
3074 -0.08288820877998122
1530 -0.08255307333338961
420 -0.08239862201263591
3428 -0.08153233593572297
2097 -0.08152840916852393
1789 -0.08127049006855996
1266 -0.08111575380031556
2443 -0.08109135859049427
1980 -0.08092276525365852
2160 -0.08064753477193944
3097 -0.08060605027790926
415 -0.08019973831308046
1926 -0.08010179862863778
3422 -0.07996512305965628
2332 -0.07996152513230637
2723 -0.07980303070726477
1948 -0.07963142820854684
1373 -0.07940805932749251
338 -0.07928963129395865
1383 -0.07914094059900705
2882 -0.0791113752545325
1641 -0.07909829017256662
2709 -0.07900808326115093
2868 -0.0789558618475419
2140 -0.07883962462215335
3282 -0.0787765011616458
1972 -0.07869430297381415
2330 -0.07808606871393489
532 -0.07797759359420972
3185 -0.07768594108512428
1860 -0.07748684915062849
1073 -0.0773907625836183
1599 -0.07732707719353116
1497 -0.07730420903446832
1136 -0.0772546582198771
3328 -0.07703734241745551
1096 -0.07701051308181844
327 -0.07690409483777828
3 -0.07650988759619785
3193 -0.07648122211759213
2992 -0.07641619422773963
3174 -0.07617874920617342
1485 -0.07617770231128901
3386 -0.07615215780921142
3372 -0.07534419044276082
399 -0.07479552633740931
2447 -0.0746380048629645
235 -0.07459618007773135
1149 -0.07418471060909049
1295 -0.07398080705702559
589 -0.0739365592653356
1777 -0.07392388879393799
2673 -0.07392044688991732
1771 -0.07389298529605583
639 -0.07383938504887017
728 -0.07356790055351753
2296 -0.07352780200816578
2325 -0.07333021423729522
1740 -0.07324643940111605
1082 -0.07309609068828109
2978 -0.07305338214120286
189 -0.07268960405166176
23 -0.07260983741937885
645 -0.07228403502008834
2124 -0.07215452014894529
752 -0.07186741905533357
3001 -0.07181129192583524
1531 -0.07180284074545809
2057 -0.07167460817959
2997 -0.07151331855084044
2274 -0.07146320434124061
1106 -0.0711198656999592
3391 -0.07105759753513252
2553 -0.07101267495190655
1209 -0.07093811139193
1990 -0.07091058612639872
591 -0.07072686142579866
1257 -0.07062282566136442
2362 -0.07060874264358896
1374 -0.07018374000906741
2191 -0.06994723429803483
911 -0.06991432712204718
3029 -0.06986526181263764
704 -0.0697133699385357
2729 -0.06927137823704374
3031 -0.06919972965293736
3255 -0.06903865408084627
1881 -0.06897825264725946
2246 -0.06857617226022011
2756 -0.06848485338047729
1091 -0.06844562390429196
3092 -0.06839526017618176
436 -0.0683198113011075
152 -0.06825006660080869
533 -0.06822299942968423
3378 -0.06821075740008144
901 -0.06815981332133263
2352 -0.06810341727222695
181 -0.06805690077710438
916 -0.06803886991414153
2615 -0.06781551869020616
3043 -0.06780121170321672
271 -0.06749133356021418
537 -0.0674286941503806
1941 -0.06707026754444145
1458 -0.0669303736234835
375 -0.06692168303145145
3146 -0.06686836661378597
92 -0.06675051167404585
2415 -0.06651285787529364
2157 -0.0664289307885168
9 -0.06601556008908989
1210 -0.06593493915552615
2438 -0.06579215092896479
2857 -0.06567172013714405
405 -0.0655836826068782
1594 -0.0653756610585528
2933 -0.06517878218878297
164 -0.06512543085845653
1317 -0.06496451107654969
3210 -0.06475735089075584
2693 -0.06458023533050326
2335 -0.06455677514881694
1310 -0.06449108237673754
2986 -0.06448685172641468
199 -0.06414434469886222
2117 -0.06409493550748252
3224 -0.06399613995942999
2088 -0.06397212612631241
877 -0.06391800268395241
1314 -0.06375487135291562
1313 -0.06364718255887089
1323 -0.06358013577367382
1905 -0.06351089338325776
2153 -0.06344192433969534
1350 -0.06339504176382343
1826 -0.06331377795957187
1676 -0.06316484358089497
3411 -0.06292606519794161
2267 -0.06271945063000486
1336 -0.06242191767842623
2542 -0.06234590820267988
224 -0.062268799756085194
229 -0.06207376715892547
1577 -0.06190535937140942
2794 -0.061847142934959805
3409 -0.06184687592981799
1745 -0.06179596024964757
2744 -0.06175444855349666
3270 -0.0616472111564675
3376 -0.06151583790996009
3336 -0.061356470620506705
349 -0.06129117166844231
2587 -0.06126529643017672
1346 -0.061250990095856876
1030 -0.06107643970805842
1431 -0.06101392921822234
66 -0.061000436621361204
1214 -0.06092701276839756
1353 -0.060879320974686374
2969 -0.06040587054445796
1059 -0.060379643689648016
193 -0.06019384815878305
1259 -0.05996476757901638
634 -0.05983830201880754
1352 -0.05976263716181535
1696 -0.05972679690396297
642 -0.0595992447230234
2197 -0.05956634367947488
268 -0.059449007339589965
2105 -0.05919554979596871
536 -0.05912655902358038
709 -0.05908634539074724
1566 -0.059020854234659095
780 -0.05869483851941012
610 -0.05862347467291012
1947 -0.058590799500520534
471 -0.05855184946566213
2402 -0.058544821442770734
1404 -0.058374476861017564
138 -0.05808056731842721
1601 -0.05807277475202167
316 -0.05801057474278136
787 -0.05794101670433365
2446 -0.05783200311181193
413 -0.05775072275713227
339 -0.05770163277111825
1721 -0.057698735350631004
1423 -0.057320617751540355
1997 -0.057295148075894135
658 -0.05718004525350054
1603 -0.05705806528307503
99 -0.05704384556976033
2131 -0.056925318488057076
701 -0.05680178667809158
1203 -0.056791388840495186
2095 -0.056791323433756424
1189 -0.05665743587569114
2689 -0.05665649179731705
2129 -0.056147639130230916
745 -0.05611741062164826
2740 -0.05589640048157541
1434 -0.05586709191020913
1196 -0.055712006961225996
2462 -0.05568802905602283
3175 -0.05567596199760035
3205 -0.05546527461505304
2755 -0.05539889945491477
2581 -0.055367657140749975
2302 -0.05534429057667641
1784 -0.05531827860280207
3400 -0.05514756839846524
2751 -0.05502416046597083
562 -0.05492062451941779
3152 -0.05486927540736503
1080 -0.054833498409840545
1172 -0.05471944203333902
1137 -0.054641549768605156
247 -0.05459025626594071
721 -0.054248122157160426
1623 -0.05419692992788243
3004 -0.05417796442371363
1419 -0.054061359611438216
202 -0.053996352164765775
1051 -0.053915908379871084
2653 -0.05383036276398428
688 -0.053792021368143664
1325 -0.05374383779997795
3109 -0.05363444699925887
861 -0.053629327014158706
2613 -0.05355702894674707
2384 -0.053484782927686776
653 -0.053315377753256926
2959 -0.05325695721224374
587 -0.05322730673633611
1583 -0.053098809032595784
2347 -0.053041806622131385
1132 -0.052689011693040945
1466 -0.05245249368522355
962 -0.05233892800983581
2393 -0.05228900750998536
3191 -0.052277395962272016
2792 -0.0521415545716821
2685 -0.05212964893647646
1756 -0.05202718626052604
1428 -0.051818513007871575
391 -0.0517479232663593
2867 -0.05164775320886869
358 -0.05161260244791735
246 -0.05151903692398743
2828 -0.05146221701973806
585 -0.05142545518105066
208 -0.05141966924268777
2007 -0.05137846411044034
1708 -0.051327201046112374
727 -0.051319978296820196
663 -0.051226669099183476
3024 -0.051130151507951596
3233 -0.050981652932595246
3241 -0.05094684891793216
3252 -0.0509206591865583
2647 -0.05083758748834799
2027 -0.05080161326593492
630 -0.05078495993694311
3190 -0.05071884638602659
488 -0.05064982072617148
2881 -0.050642505253517274
631 -0.050510421277012364
2696 -0.05049179133045454
2836 -0.050438042287734776
1348 -0.05038257159673651
1804 -0.05024547006419846
2260 -0.0502281721672293
2540 -0.05012421257879741
2529 -0.05005641857020037
822 -0.05001125770073971
418 -0.050008406794966945
3373 -0.04997349117943817
1885 -0.049592778344282815
2935 -0.04950632003595732
3055 -0.0495005669842723
462 -0.04939882445540274
1614 -0.0493219540298481
3278 -0.04925033210160223
1112 -0.04882925475236165
1938 -0.048737392920579485
3256 -0.048659003406473264
3253 -0.048634751349350254
3044 -0.04862303325315583
988 -0.048577380242993407
2749 -0.048467467578526414
2638 -0.04834025778264756
170 -0.04832074827314554
2907 -0.04830136940443087
1727 -0.04826024259384986
802 -0.04824814888239067
1316 -0.04817747580773671
2259 -0.04811166799273144
3382 -0.04801447531610792
1636 -0.04800937094929258
2841 -0.04793210204999777
583 -0.047837495029551896
2719 -0.047824649498449945
1506 -0.04767327421155837
751 -0.04750584103315345
2713 -0.04750260284094025
1079 -0.04746880613384644
89 -0.04735800104533085
3033 -0.04716739978036471
159 -0.046628110468997744
2269 -0.04637039642568674
979 -0.046263445801326956
1399 -0.046178419532150745
2252 -0.046139972177581264
2949 -0.04608690122517736
307 -0.04588965467993924
226 -0.045854432996290606
2294 -0.04583792701810375
166 -0.045743957819605045
2020 -0.04568294390458845
83 -0.045647198100203804
844 -0.0455088386067359
44 -0.04546718206845088
282 -0.045372416411385307
2614 -0.045369385469524445
1483 -0.04526938039318783
1281 -0.04525168777864773
2588 -0.04512005037089035
2979 -0.04507480758824773
2985 -0.04502722491575854
2560 -0.04501560595329506
2184 -0.04496825866007921
432 -0.044946377271102386
3403 -0.04485792643113008
1415 -0.04465409719165484
422 -0.04458696139211695
2977 -0.04457327195809498
463 -0.04453905582295095
2222 -0.0445076859498226
3157 -0.04440609181606092
1455 -0.044326888574803026
304 -0.04418060951973181
684 -0.044132546852238774
538 -0.04395210390803636
319 -0.043870870911321656
2009 -0.043744282394425196
575 -0.04372162928741825
3339 -0.04370553652269175
1255 -0.04366313951322331
1167 -0.0434331640303224
2484 -0.04341384528586074
191 -0.04337370265955423
3047 -0.04335827328407287
3084 -0.04330751898991266
535 -0.04318217245191273
3398 -0.043027248325437334
2345 -0.04300625004577848
3166 -0.04282142702070935
617 -0.042536490223303955
1004 -0.04250284850341552
196 -0.04248073224707114
2667 -0.04246498951385118
1302 -0.04235562612505991
2413 -0.042287672263343117
1308 -0.04213951839062618
1523 -0.041995650057927075
939 -0.0419951758418991
1496 -0.041970119561419696
144 -0.041897814579779785
659 -0.04181133683093394
3208 -0.041754289001346444
857 -0.041707838080959646
3114 -0.04155892702919078
3207 -0.041523112771473136
2137 -0.04138340913723298
2970 -0.041306949623970766
739 -0.04115373487021342
2005 -0.0410101276001468
1307 -0.04088122011994012
952 -0.040870070639209354
2060 -0.040691774641669766
3264 -0.04059552912736763
2517 -0.040479861855547195
821 -0.040400916987052574
973 -0.04030853609250702
1518 -0.040093603323208445
3380 -0.039989858374129515
2052 -0.03991740651272661
1375 -0.039899936096342736
2388 -0.039892599922981206
778 -0.0398890991291956
915 -0.039852645305239055
810 -0.03978562415049958
3198 -0.039777765719923634
1920 -0.039591779523717216
3301 -0.03957097934089462
1547 -0.03952933260632571
846 -0.039525751014505776
105 -0.039476464343279456
1612 -0.039444783883563
2880 -0.039188069416524356
763 -0.03917097085964218
2513 -0.0391507236912105
39 -0.0390901712097228
2570 -0.03902412024988909
401 -0.03893526126051028
3371 -0.03881029018519995
334 -0.03879501657380917
1919 -0.03874145650086897
3015 -0.038701254821113515
734 -0.03864442603210203
1602 -0.03863572888332541
452 -0.03859912223857959
2960 -0.038581172526429154
1913 -0.03849977776168108
797 -0.03847801091061686
2237 -0.03840704968284142
2551 -0.03822765993516303
760 -0.038170518971914945
1545 -0.038120136811888375
411 -0.03805843701596255
1144 -0.037883886839210706
1613 -0.03780728277314961
1361 -0.03775833793535957
1834 -0.037717863740781225
2950 -0.037632443314830545
1579 -0.03758376388016008
3212 -0.03755151590715159
1088 -0.03747844004377055
545 -0.03746245647117832
1524 -0.03739676404969432
2394 -0.0373839060490899
1130 -0.03735136831648989
2691 -0.03728335746004943
2396 -0.03727337506182307
2741 -0.037267497237402566
286 -0.037219794835513284
655 -0.037166652757860304
1517 -0.037092572142522866
992 -0.036973256750710046
3063 -0.036805684173768144
217 -0.03678804855269761
1418 -0.03678578597171544
2498 -0.03677165366317312
1211 -0.036756189343802606
3309 -0.03675513873012424
2747 -0.03672236409950023
2714 -0.036558463150576294
1724 -0.03652408981960586
1726 -0.03651031951031301
3271 -0.03648636372096676
817 -0.036441491315404806
650 -0.03643878559882678
419 -0.036387897152348865
605 -0.03633295879257408
683 -0.03625374477338143
1942 -0.036235800082847255
2155 -0.03605925897122272
354 -0.03592250754305665
938 -0.03584995003018342
318 -0.03578727281245149
1493 -0.035751201146763376
803 -0.035739402622224414
950 -0.03570129983183116
2240 -0.03566287455207569
1655 -0.03556014203498646
1503 -0.03551096460975791
1015 -0.03550023120655359
497 -0.03549673210404964
2955 -0.03540124219125961
1606 -0.03523832410975924
1686 -0.0352249161509491
1683 -0.035202954093526556
2025 -0.03506197165355675
2902 -0.03504648938179181
2730 -0.0349237192519445
2021 -0.03484447200096622
441 -0.03478651157883328
2170 -0.03468326679686641
1796 -0.03450267132549948
41 -0.034498023801999254
1652 -0.03439970230244656
1863 -0.03433914863582758
2045 -0.03425968117533639
1319 -0.03424879856400542
3379 -0.034244685734956766
1445 -0.03422804667666772
3016 -0.034171085286485034
2735 -0.03416610018275596
933 -0.03390487478060604
292 -0.033904405387050515
2 -0.03387462691672937
3153 -0.033873931789419436
3039 -0.0338103491396385
2012 -0.03370133752152704
3245 -0.03367901622153098
2594 -0.033640392433263375
1992 -0.033637142628625175
2660 -0.03358439428039507
997 -0.03345076256216059
1935 -0.033393657056515445
1734 -0.0331831760040653
3288 -0.033144448565474785
1664 -0.03308143059067124
744 -0.032956789165943835
1694 -0.03271052054185251
3277 -0.032695207204589634
1528 -0.03251073876206715
490 -0.03248360427764815
444 -0.03231064782765411
3399 -0.032300163409704985
616 -0.032269345656176555
772 -0.03224705393804283
1235 -0.032241451786149795
1486 -0.03221302628102003
1092 -0.032190812597227496
2710 -0.03196833110195097
295 -0.031950700762322204
2846 -0.03189438261828629
1019 -0.031680637220243314
1836 -0.03163644735024676
1999 -0.03161271135503648
731 -0.03159129390770302
361 -0.03142754855638267
1521 -0.031204624022944532
1901 -0.031096313954530132
296 -0.031055000413467374
948 -0.030987809930730196
1237 -0.0308495040656094
553 -0.030683413621095095
2814 -0.03028844684534787
110 -0.03025626028599019
2382 -0.029909892745247645
3269 -0.02990885516771044
764 -0.02972074319796556
1722 -0.02966597441218349
3317 -0.029662670757248245
2148 -0.029574840270740543
134 -0.02956202400566707
586 -0.029559881785632514
2722 -0.029509470672193623
549 -0.02943886659269787
3227 -0.029421729885234962
2994 -0.029300197280519715
1513 -0.029294003485770718
1624 -0.029126531642805223
2010 -0.02895570454893144
2497 -0.0289368266129943
1681 -0.02893365452404845
276 -0.02887726387165338
1761 -0.028768519337039045
1811 -0.02876258633242295
2072 -0.028726115890305427
1198 -0.028724685305314072
2171 -0.02868386837548595
2174 -0.02863889465284214
2874 -0.02861110169884273
29 -0.0286059332023543
2013 -0.02857432571823555
1108 -0.02849260872247097
1371 -0.028376882273573552
2699 -0.02837435471237178
272 -0.02832053059630186
2718 -0.02821422462424196
2078 -0.028144697656020238
173 -0.028086228238633944
3155 -0.028039615575443426
3313 -0.02782675959035085
2967 -0.027808575285896864
2272 -0.02779206758709373
2426 -0.027744409307812683
2914 -0.027736282640765463
1844 -0.027700291980669804
2119 -0.027669512212802776
442 -0.027636836833484637
2737 -0.027626536868521425
1397 -0.027599221249246256
3028 -0.02744843319824458
114 -0.027371787557995204
2769 -0.02729126285327621
2503 -0.027177218048718588
2500 -0.02705088060578093
1590 -0.02697460460504438
2724 -0.02696747807501477
320 -0.02693046998424455
2869 -0.026918278491410888
2405 -0.026904185885723325
2768 -0.026828151555827403
2483 -0.026700273459549114
1909 -0.026660664098658353
1033 -0.026615425116651218
1239 -0.026341893047998582
729 -0.026336243174083028
2605 -0.026293554413020233
2081 -0.026275480205562547
1908 -0.02618881827257572
1638 -0.026175666472726112
1800 -0.026043498489985537
2093 -0.025990718341460155
1071 -0.025975005933619632
951 -0.025964656066469124
3299 -0.02594371886072033
978 -0.025937590406665937
2360 -0.02592689533868452
3158 -0.025849407455621205
437 -0.02571970773086105
3112 -0.02563135103794369
183 -0.025517271485303993
1801 -0.025470653252877364
2358 -0.02544601783066863
1360 -0.02543310658945757
2487 -0.0254215049372853
923 -0.02535686347841566
2952 -0.025323813144479707
837 -0.025297781305233552
1718 -0.02503720553502645
205 -0.025004012398907264
1134 -0.02497181497313671
140 -0.024846347923251706
2872 -0.024601611977501252
1439 -0.024536615597240744
1657 -0.024323186957163553
1385 -0.024260660086575615
580 -0.024245394986303136
771 -0.024223289537622594
747 -0.024172045320161633
455 -0.024022446863457444
3156 -0.024010009649243484
2597 -0.024006125088565897
3341 -0.02398073890680391
1007 -0.02388361079940422
303 -0.023871831385429896
3215 -0.02381703371130985
2596 -0.023742925158745074
1338 -0.023730412389225523
2531 -0.023607555611900092
2668 -0.023509178074425343
1050 -0.023459195007923872
1501 -0.02341372776160174
2676 -0.02336335105472477
1005 -0.023331087089586394
1817 -0.023326476286962185
742 -0.02324811220683307
3025 -0.023226782035091605
1736 -0.023183283776788053
1204 -0.02313255300304519
2532 -0.02312973419489981
1578 -0.023096297248520532
220 -0.02307598579845808
1600 -0.023056246284545657
3219 -0.023049306114597996
293 -0.02303953566696069
966 -0.02297574914353416
2878 -0.02284825854210064
2151 -0.022838813747459292
469 -0.022763130697088622
3330 -0.022712801303672092
511 -0.022576477745097884
2799 -0.02256493319514657
1413 -0.022546567137793152
3139 -0.02254216218654135
2963 -0.02248621786177618
1200 -0.02240235278520462
1576 -0.02239146067130317
1553 -0.02224563112154869
1256 -0.02223383558347429
1653 -0.022230529947286227
274 -0.022226826392489022
2568 -0.022169190047835116
1398 -0.02216350556819373
1449 -0.02209761548990653
2199 -0.02207252009438132
2104 -0.02205623248686768
1359 -0.02197385683224869
1950 -0.021943310270095023
2859 -0.021923837756879023
1649 -0.021850089518784782
3294 -0.021827202664242054
2927 -0.021813439880152566
3220 -0.021770429869930847
903 -0.02175492431277625
3285 -0.021619090252139726
324 -0.021589571172992986
1957 -0.02157667874461477
6 -0.021575869821163222
2989 -0.021560564519845615
1805 -0.021441476182478224
3041 -0.02136681349979546
165 -0.021327410073473396
3246 -0.021293438450647687
773 -0.021250082176670085
178 -0.021219565109257814
2338 -0.021175384011989155
1232 -0.021115507564394672
710 -0.021107560083170093
1311 -0.020959027946179935
732 -0.02092578707528025
3352 -0.020800150744526503
52 -0.020655201779564952
306 -0.020574496069643393
3408 -0.020535630464540426
654 -0.020527334437456576
133 -0.020501222142597596
3113 -0.020482419671651115
3395 -0.02045136185200628
406 -0.020365246830563063
1231 -0.02027835844520257
2353 -0.020236080418290513
2167 -0.020074269194894162
996 -0.019890369849722606
301 -0.019883432430829805
937 -0.019847478413569708
2085 -0.019753718101080057
1967 -0.019698531323156524
2535 -0.01956145420919842
2176 -0.019414221889021664
2585 -0.019351743156817567
854 -0.019266697577132605
1648 -0.019175815709353113
2203 -0.018940873271957058
385 -0.018859016754547268
55 -0.018656647512068778
1452 -0.018630137532771127
3026 -0.018586222300557443
1723 -0.018584258305437713
1899 -0.018574561049743744
774 -0.01852987846497792
672 -0.01841241722545165
1166 -0.01839900712454431
2831 -0.018254953524284835
3286 -0.0182181259634258
2753 -0.018186170297880822
959 -0.01811470957411722
3362 -0.018057286540551637
2778 -0.018024590740235633
3068 -0.018024240340890094
1444 -0.01798654080585503
1688 -0.017934355326805557
2079 -0.017692057625884133
1970 -0.017690623341184073
458 -0.017636040941366917
865 -0.01761711739478805
3251 -0.017605228692181726
3170 -0.01759469790813606
3081 -0.017572689411077716
2041 -0.01749296441166641
2236 -0.017447502499544895
1185 -0.01737385922725536
1507 -0.017314936626554155
3209 -0.017299997478695782
1672 -0.017241993396689664
2470 -0.017237765458663623
2023 -0.017236797937752516
2149 -0.017229233226292908
2528 -0.01719841537342457
2536 -0.01714019406157475
2412 -0.017065219323675298
2062 -0.017026842008275492
3066 -0.01701382173805997
2983 -0.01685498276115617
577 -0.016835261900979313
2298 -0.0168098949890727
3347 -0.016717692062207405
623 -0.016712723354462184
2834 -0.016675181756934214
3159 -0.016650869454524403
1608 -0.016567872159783097
1067 -0.016567177014215517
1793 -0.016487505248764675
702 -0.016430561533835743
3229 -0.01629809002198043
664 -0.016295082786872465
1720 -0.016216422716437747
2370 -0.01615575343861724
944 -0.01613055755019129
1625 -0.01612679681617424
3009 -0.01612264113128281
495 -0.016040831848166785
194 -0.016005897684491958
622 -0.0159835041842875
1949 -0.015972665370350848
1099 -0.01585269032629672
90 -0.015790707362522576
2516 -0.01576577518720037
3348 -0.01575338589302656
1609 -0.01573068944286368
2107 -0.015681768388457987
1520 -0.015665246181687863
1364 -0.015584053844740672
1542 -0.015551884163528136
898 -0.015400128093532136
31 -0.015328803126851502
1017 -0.015312758788943821
1384 -0.015250465127803276
1340 -0.015237097795798543
2795 -0.015222537726546498
876 -0.015206758844549615
1964 -0.01514136790173927
3038 -0.015023663308888486
1525 -0.014996960199641047
2377 -0.014952720564392783
919 -0.014867850286991146
3259 -0.014751920111083172
45 -0.01475038293765326
371 -0.01469268217411894
2096 -0.014620452233518561
697 -0.014599065714178811
2114 -0.014546683477361542
3302 -0.014358317404657251
767 -0.014307373369750532
912 -0.014306675305493476
3304 -0.014241427272495104
266 -0.014210596700640114
928 -0.01419456753119863
207 -0.014076773100387411
1103 -0.014001424544371853
1063 -0.013990294304648357
1946 -0.013966103637199433
2077 -0.013962662955364873
2956 -0.013918647820806368
3424 -0.01386611711444153
2164 -0.013806553744634109
2284 -0.013795447214662547
1378 -0.013752126602915044
3223 -0.013729319722409705
2910 -0.013612364843509518
852 -0.01359724724527652
1537 -0.013501330243402304
1516 -0.01339739220234247
3019 -0.013292697636720698
1732 -0.013278370319458372
2448 -0.013241202469739378
328 -0.01323306120641155
2853 -0.01323083606222929
3222 -0.013215082956361049
3248 -0.013123650535053865
2650 -0.013110110417462875
2465 -0.013089039921198574
87 -0.013086500619807324
1205 -0.013069469724795505
2520 -0.01305807319257423
3343 -0.013014970007525623
82 -0.012960166312699296
2026 -0.012931816657951277
3056 -0.012907122833204986
3194 -0.01284246642037934
2245 -0.01271771106344569
554 -0.012709565294822554
671 -0.012694875832038365
88 -0.012651774905192455
696 -0.012536855208660238
695 -0.012469410385657683
2355 -0.012399918865478735
3069 -0.012285559025633589
1197 -0.012259015951311137
2453 -0.012220216965554939
429 -0.012189657710248486
1879 -0.012163628157625159
1897 -0.012134450509819665
2217 -0.012096506946029517
1937 -0.01207933189339058
1587 -0.012031164812229198
1056 -0.01194943466998734
2583 -0.011905937089405468
1115 -0.011892443929754524
2054 -0.011875529363863616
1145 -0.011818922531910844
582 -0.011802597983868688
2158 -0.011781739470782836
1821 -0.011762181362888223
1174 -0.011741569973692615
2601 -0.011600362487590703
297 -0.011596901352740344
2256 -0.011518923658805694
2121 -0.011434492723420479
2159 -0.011411832781728798
1265 -0.011306709566119738
2842 -0.011260031623517134
509 -0.011224570154845449
2326 -0.011127639667866033
2632 -0.011108676943173733
3438 -0.01099330307822371
2953 -0.010945984399624964
1229 -0.010944121006330876
3165 -0.010892596963539962
2981 -0.010782234989133069
1788 -0.010778845039479163
2589 -0.010770436506794415
2225 -0.01068526819554254
3368 -0.010619086913087085
607 -0.010593956489297429
290 -0.0105844408844595
1918 -0.010582881269643605
1332 -0.010581104916875196
987 -0.010548141791789431
359 -0.010506132397353691
3071 -0.010492944562148174
1511 -0.010453760746381874
3273 -0.010446136142996786
1263 -0.010353917358847674
1929 -0.01031886720403331
132 -0.010311802395169415
1591 -0.010256776074626143
1687 -0.010172562614695128
302 -0.01015917274706963
2083 -0.01001198798446716
2363 -0.009871797581071992
2227 -0.009785941767253201
2301 -0.009722772267789172
1114 -0.00970555465144858
2530 -0.009551694426004287
502 -0.00937906913231986
668 -0.009267562269796806
1679 -0.009265861028516866
1344 -0.009251539396315482
2379 -0.009197668542524262
3042 -0.00912814880643588
686 -0.009105908653236388
2559 -0.009057936143016915
1394 -0.009030765982292256
53 -0.008977444653894466
504 -0.008933106625958817
2571 -0.00892789580056339
766 -0.008882854269126467
864 -0.008856004954759356
2420 -0.008839223369208246
1872 -0.008814864557158505
299 -0.008626686843264293
534 -0.008518634518037896
3413 -0.008517675052961873
1357 -0.008502915174441003
2598 -0.008481046366403306
2378 -0.008473454908968905
1886 -0.008461646580185186
3200 -0.008445542748801613
947 -0.008434239629417523
1898 -0.008303665414937409
539 -0.008235455433432666
3436 -0.008226521800874565
2213 -0.008192926001542169
2739 -0.008069113238873889
893 -0.008061095197768462
482 -0.008051011782843618
321 -0.007998858383950206
1592 -0.007967236051810368
2324 -0.007943867929824978
2580 -0.007909490251884161
1651 -0.007826814330010498
2082 -0.007825930627752727
1422 -0.007814923384646297
925 -0.0076870766750216065
788 -0.007686272387537144
2323 -0.00759007550894948
1085 -0.007537703465297652
2208 -0.007531419537132004
1695 -0.007503898779485535
809 -0.007341454401400877
2331 -0.007321280348854679
1617 -0.00727343378229917
1178 -0.007256284756697694
2006 -0.007132607883300864
1028 -0.007110528490860518
929 -0.00710519557180997
1128 -0.007071197415752883
3018 -0.00703996058174972
2288 -0.00698965800798059
574 -0.006957802556890897
1052 -0.0069134847617317195
2049 -0.006851602845259699
1665 -0.006780032383134302
750 -0.006703295612772348
3249 -0.006703063876148777
2942 -0.006640190652131903
2150 -0.0065842857385640784
409 -0.006578736533771634
1087 -0.006571727044386235
1728 -0.006560405454838714
699 -0.006534955584885137
2276 -0.006520438396999941
963 -0.006461929223763156
2604 -0.006344986543180769
2547 -0.006331880181238331
3356 -0.0060891262233574725
1873 -0.006042934977198832
909 -0.006034797826896109
2359 -0.006010087588596189
1867 -0.00600866351207306
1095 -0.005949042548041838
3160 -0.0059397473166468645
347 -0.005926286018523686
2019 -0.005836310055697838
1924 -0.005688927944964791
2336 -0.005646864775697343
1968 -0.0055684397363971625
891 -0.005565370217437506
1278 -0.005548345093469458
275 -0.005539088647509876
2670 -0.005501987660736809
135 -0.005378835826019923
1024 -0.005368338783988953
1228 -0.005330288890442259
48 -0.005237640725333341
355 -0.005224265903132104
2076 -0.005213261143504561
3117 -0.005211326133239781
2463 -0.0052016622323856135
1021 -0.005199876728663341
3115 -0.005196765858291387
1969 -0.005190196516274527
936 -0.0051138360982632075
1345 -0.005097005214625058
1377 -0.005032169524221825
3226 -0.004899788593474817
101 -0.004844110664898146
2592 -0.004808961933125497
1339 -0.004771415615445876
2018 -0.004737966721450298
754 -0.004679757698774714
1808 -0.004552321639082212
3102 -0.004488383624726603
1559 -0.0044318095913434595
834 -0.004412088776303973
873 -0.004394949323118025
492 -0.004312898026764101
3168 -0.004296473800855229
1195 -0.004231777461412061
2782 -0.004211401807313564
1046 -0.004172252524626294
1650 -0.004139798567405984
2142 -0.004121777571138148
404 -0.004081297250194219
2022 -0.004074045603180541
2856 -0.004062454650343508
3314 -0.004024352648643985
137 -0.003949854634780271
2422 -0.003937293700993699
109 -0.0039306822196340544
1932 -0.0038889246125623144
2165 -0.0036817424046329834
1337 -0.0036390575020965104
2556 -0.003558732236083087
2069 -0.0035426683846153566
3231 -0.0035419911183806802
636 -0.0035107810534678635
1143 -0.003490768122928075
230 -0.0034684181049671834
3214 -0.0033355257199243144
3098 -0.0033026913036736934
50 -0.0032534138453943367
2244 -0.0031979037633438653
2584 -0.003093583744787369
1262 -0.0029493982082358346
3383 -0.0028418678874637983
3303 -0.0025256706300375736
1002 -0.002523732729196337
3262 -0.002500251093465079
2771 -0.002416587117656008
3040 -0.002300482844346385
3359 -0.002258656415406526
1895 -0.002153775716660576
2354 -0.0021364051544771646
3434 -0.0020694260460084497
2629 -0.0020018708012548426
2646 -0.001966455093908064
776 -0.0019583771114418933
3261 -0.0018387025326377273
1632 -0.0018336665753164471
3279 -0.0018051008394286913
665 -0.0018036068161890574
2485 -0.0016681488159370347
2292 -0.0016147252763209384
2398 -0.0016028495214936253
3213 -0.0015437058738214304
1896 -0.0015218991988931814
700 -0.0015010391290208181
2694 -0.0014454508288990243
479 -0.0014233961042403637
457 -0.0013978023969937548
1467 -0.0013680422237233453
833 -0.0013544637903950842
2346 -0.0013505967249126363
2344 -0.001233414591377405
960 -0.0012318023962134602
51 -0.0012199629867381545
3195 -0.0011866156365681268
2912 -0.0011151725494490726
1814 -0.0010773068098022538
1527 -0.0010706253982688226
103 -0.001049767878021683
2743 -0.0010339449491811288
1915 -0.0010161988875636127
1975 -0.000995108369181701
3067 -0.0008777681083608727
2248 -0.0008649638347447483
2016 -0.0008415425610079425
2100 -0.000833125032290515
2459 -0.0006485262562562322
3363 -0.0006181873891999997
633 -0.0005980542816186628
2074 -0.0005026699274807495
1142 -0.0004773804284789443
2961 -0.0004561942572832372
3354 -0.0004057935948939894
1887 -0.0002888776770822316
879 -0.00026989728548698535
2134 -0.0002653896518298029
1053 -0.00017170353906573383
956 -0.0001335148130125506
3090 -0.00010265264671841204
503 -9.466629691005766e-05
661 -9.464843505026019e-05
748 -3.350701166524406e-05
3065 -9.663936218443855e-06
3296 0.00010765680262705004
291 0.00012034877788764055
3005 0.0002792599508415536
726 0.000324585977726501
2017 0.00032723034958180537
2110 0.000367884408667107
1558 0.00040150847511803456
2486 0.00043925574973847106
666 0.0005157553363421247
2832 0.000561669291266025
2116 0.0006360290887860418
2070 0.0006583291841214336
2579 0.0007094928509304199
2791 0.0007425036313126776
1089 0.0007695156034016745
384 0.0008649584870056355
1369 0.0008714486370916543
3206 0.0008716900110237729
161 0.0008885052255904485
2397 0.0009735064983840873
279 0.0009962119293898126
3059 0.0009999634282899508
3192 0.0011011657636516249
1008 0.001147382712597939
1809 0.0011875487148928544
2066 0.0012262938374079761
116 0.001287059970233783
908 0.0013106985773826535
1790 0.0013962676992640324
2275 0.0013974595054136194
346 0.0014022674601010055
1351 0.0014471844760840563
926 0.001522561950658368
2582 0.0015620465125001956
3318 0.001596370173523468
3250 0.0016103733714311192
3307 0.0016512982652681718
86 0.0016681629680632315
57 0.0016727484550557905
1816 0.0016790831787274782
1564 0.001740381138875007
2461 0.0017478745718517755
2162 0.0018273230182852013
2742 0.0018347028459874068
3306 0.00183977973503514
2106 0.0018845674004963858
3058 0.0019133285106629299
2073 0.0019182273104979349
1286 0.001919265293192064
1682 0.001972246133202243
1842 0.0020392077166649027
2401 0.0020869195305681662
2102 0.0020900901269652454
2115 0.0021332884609614896
1036 0.0022090293555468827
1843 0.0022345970075639847
818 0.0022410615598029856
2738 0.0022645575740555496
2779 0.0024548670495831023
2141 0.002488542251757206
1519 0.002502335505832491
1199 0.0025597618694522023
2014 0.002601334130715117
2322 0.0026070778700799445
927 0.002634523044342112
1595 0.002634734479555462
2702 0.0026738519725486914
1889 0.002762334874098567
2342 0.0027810764446822875
2002 0.002782714774954921
2514 0.002823419288549853
2064 0.0028810988465447344
1855 0.0029455372840123607
1472 0.00298238725942175
298 0.003004306046156529
930 0.003033405328123765
1018 0.003036942923746313
1234 0.0031014844648750263
3312 0.0031272561160922844
1815 0.003189536656399431
1055 0.0032040878826780825
1069 0.0033044329111002213
2801 0.003315702866282499
104 0.0034276107635269836
2015 0.0034526061279797375
2161 0.003505204698833807
869 0.0035279875772931627
1473 0.003597105043450392
1818 0.0036621088358648867
2803 0.0037008818415500875
1490 0.003712783989127726
1951 0.0038223598167761758
1765 0.003837591605961175
1110 0.00386118234101697
1945 0.0038945540812616525
40 0.004054882683311329
56 0.004135879001246185
2957 0.0041603751276772264
136 0.004186053124422855
957 0.004229746421152592
2242 0.0043564949842496556
2068 0.004420908622330114
3397 0.0044961782330877045
603 0.004521743436642183
3064 0.00454676666100902
1557 0.0046865990852917585
460 0.0047048517500934235
3189 0.00476885800048097
3429 0.004776397950588798
2445 0.004832841719952393
1619 0.004887085405327861
657 0.0049215383941749865
1253 0.0049445141730229455
670 0.004977598515291219
1912 0.00507251631408578
3171 0.005196921575661823
1386 0.0052186642844049645
2075 0.005221253435958754
806 0.005221355051441882
1225 0.00526782438242019
872 0.005285099455250549
1654 0.005307793150718169
3242 0.005441244632875347
1966 0.0054884675007905856
2590 0.005490198385532449
1148 0.00573072054078304
628 0.005739295773793196
2380 0.005834977173084446
977 0.005886700878687751
1025 0.005890775781996312
236 0.005914690500561778
1925 0.005924959933329641
1813 0.006012682984434896
775 0.006022570476021615
3008 0.0060906641331656824
1633 0.006177166038308499
1671 0.0062014766693833006
2523 0.006217064337818253
3006 0.006471486989232234
3201 0.006473428161244195
2209 0.0065428297827095265
467 0.006606241898687843
283 0.006648392700776933
1928 0.0066557131131862535
1041 0.006690411017273776
2395 0.006737143808435064
2411 0.006751085353111652
1880 0.006804011106146345
2047 0.006825848722939114
1810 0.0068578523643833015
2163 0.006950593065961198
612 0.006954509271455741
3127 0.006990101316039588
1616 0.007066710941823099
3037 0.0071185695467078204
1930 0.007118601188176303
1416 0.007259222521127562
1922 0.007348861124061542
2562 0.007384607755188053
1907 0.007423383730868078
995 0.00744477558585757
1010 0.0075664408599541285
106 0.007685983272568996
305 0.007750673741254629
35 0.007755233181032631
1666 0.007789817737265569
2522 0.0078090448096639325
2067 0.007985623141077139
1034 0.008002758306071635
2123 0.008027046521703347
2954 0.008027377102635591
3167 0.008060136727940722
1568 0.00807341140397564
2564 0.00838110845995318
2122 0.008398213766976609
91 0.00842137445012236
1637 0.008423266894689868
2569 0.008476978395767483
2381 0.008504563578168908
1381 0.008530191879224706
2310 0.00860781788783418
3258 0.008716251969348873
972 0.00874976270252256
2194 0.00878965768041306
3300 0.008872216659182442
922 0.008900675897302814
1127 0.008959133162332183
3338 0.009050476412369468
2258 0.009148289554342562
3280 0.009168987212476064
3169 0.009186877755361878
1315 0.009231355864321522
958 0.009234901383867858
2501 0.00926889593221149
578 0.009307806263200998
1109 0.00932063068835935
309 0.009396415715460751
473 0.009400449643312362
3298 0.009529981972637292
662 0.009566224463587621
866 0.009618977123923008
3199 0.009759262965950123
2450 0.009936935160358299
2024 0.01014109161425269
162 0.010145491674279547
2770 0.010161384699176977
1233 0.010189735765857268
1187 0.010196539025728167
3145 0.01029432386879401
2037 0.010308748908638247
621 0.010312764801079054
2866 0.010335677105339051
1605 0.010359068870946767
598 0.010374871391987733
2496 0.010394353412201013
42 0.010401563154272759
2133 0.010493151194762561
3384 0.01050222504555105
158 0.010559576893469213
3228 0.010598898979934341
2383 0.010660532984242542
2888 0.01072341472882679
520 0.011057360836649507
2424 0.011059713806208085
489 0.011086088548956081
2495 0.011113238512007377
2410 0.011141688881141826
3316 0.011163902614653939
2736 0.011291720499268276
1009 0.011298853222466215
2376 0.011330279610591994
1841 0.011339720707958592
1851 0.0114569962724862
2725 0.011473387243240214
3311 0.011501638329030337
2423 0.011506438919648945
1893 0.011545339569626056
3216 0.011606459608452439
2429 0.011703266312733796
2951 0.011734346491570897
2113 0.012042744619383526
84 0.012146145694128075
2065 0.01227359088831476
1572 0.012333160060011623
427 0.012351863536746277
1931 0.012412169383622308
2903 0.01265756980753867
1236 0.012739531858216302
2053 0.012904422786064487
445 0.012966342218760793
989 0.01297371971313449
1003 0.012978105201987177
770 0.013040946479660897
698 0.013162038468960396
3412 0.013246173952309447
3375 0.013448207376824015
1923 0.013496004944855564
163 0.013500922837283257
2805 0.013626131206385972
1514 0.013631330731134463
1549 0.01365350196312394
2566 0.013684809812619778
2586 0.013701687174528786
2991 0.013730710569172645
439 0.01377392172575088
2239 0.013841442088949737
2011 0.013958386432580733
54 0.013996457029119636
953 0.014014223191395444
2720 0.014049960715698912
2975 0.014060819373121956
2293 0.014087464926816352
1927 0.014113684930699158
2652 0.014157319145025363
2031 0.014183718927144751
2948 0.014189430153458573
921 0.01427236442424166
2419 0.014342677105460461
3172 0.014383294491630118
1389 0.014415479380572015
1807 0.014488408656043445
2593 0.014627289954357482
2375 0.014666255207116586
528 0.014724117641318077
2125 0.014752873049238549
3283 0.014797386913185984
1758 0.014864132054527896
1117 0.015000905720009805
669 0.015025496571681356
993 0.015160435399053644
1571 0.01522116660166553
994 0.015237936713739884
2972 0.015268748759320792
1894 0.015323702374089504
3315 0.015434136816694007
3116 0.015508004249607391
1016 0.015607210152426559
1191 0.015713825183559803
2932 0.01582307356537017
1719 0.015842622861213865
753 0.015935744053903078
1828 0.015969603155034588
2340 0.016023993066009785
863 0.016031436562340236
2558 0.016066278322125295
779 0.01617697830834339
65 0.01626566478374417
2984 0.016293978852660457
2172 0.016294146864874598
1911 0.016308506369204244
974 0.01633762362001946
1593 0.016423634150269886
868 0.0164384341050676
1102 0.016598029028287678
955 0.016699124641287057
550 0.01673432307722472
273 0.016779374867184043
2138 0.016783796194590406
2318 0.016927807595651392
765 0.01697106520046766
3244 0.016993525170726186
2311 0.01701033670609529
1470 0.017077109313902338
740 0.017120340975551884
3230 0.017181926007066577
1680 0.01728327483972642
2595 0.017294551546992627
1917 0.017330417265378463
2541 0.017419970257556282
3407 0.017447572420833554
231 0.017474166359659715
2452 0.017496418873469477
2607 0.01756216218807205
2460 0.017745352339003224
2716 0.017823394962115654
2154 0.017891449085279138
1819 0.017960574838115532
1179 0.01801417637679107
2144 0.018041822878882556
935 0.01808123423506403
3162 0.01810041311383887
1965 0.01819604333424977
3297 0.018252131678270514
1845 0.018256510116894806
2706 0.018259034932649198
3308 0.018425308329128275
118 0.01843592388699156
2488 0.018470606248441223
115 0.018588725456383993
3272 0.018750968020025415
1251 0.018760351806518052
749 0.01881562920963064
1615 0.018949202484940895
2675 0.018952374755028253
398 0.019036349137053522
3346 0.019044425605337686
2988 0.019111463063525746
1565 0.019111783754093725
2966 0.01912986200365317
312 0.019230746897123643
1468 0.01930144818948803
2374 0.01931668202183004
1891 0.019367187535517034
2147 0.019446379960785642
3111 0.019507291979807655
1618 0.019550264614518226
1838 0.01956084701674135
2704 0.0195968882101839
1668 0.019786914913578504
1068 0.019846520828737786
3225 0.019949598185815827
736 0.01998452353001463
540 0.019997542668035304
1206 0.020031541322646226
3381 0.020158060526049053
1164 0.020159221891263655
1526 0.02018238772290495
1563 0.020231040745315305
2790 0.02027421580616809
498 0.02028813489692896
1685 0.02036597384384327
761 0.020384795778994887
1267 0.02048645248874147
2321 0.020548508574892283
2094 0.020568359689397554
1343 0.020608367226291772
1725 0.02062444863867748
2281 0.020724333368766827
2223 0.020729046084810583
1014 0.02076569607255312
2266 0.02118573083941453
1368 0.02142600141942069
3083 0.021452532545536144
1433 0.0214651797866548
410 0.021531360723520594
2205 0.02167489468490388
1146 0.021730378576436914
2526 0.021731276606945973
870 0.021739582359576726
3196 0.021802110094130463
1170 0.021814223493657463
859 0.021831345897749932
3217 0.021876924376086408
860 0.021889262967322288
396 0.021958441752033406
407 0.022003085587977148
3310 0.022079624135158918
1013 0.022093982323459473
1825 0.022103800998557827
3295 0.02217113576779602
954 0.022173380236083045
1347 0.022353393016727275
991 0.022424356813476504
2028 0.022478538283318087
3161 0.022516446293072277
2003 0.02262539289532222
862 0.022674515337055896
111 0.022682408542731125
289 0.02278173120865233
270 0.022828975882935337
2317 0.022866063885459146
336 0.022928423513191222
2048 0.02294820585970932
3070 0.022973622868651615
1001 0.022979744194454504
1320 0.023054462673817618
3073 0.02305531711272692
1376 0.0232263223831869
2071 0.023236058181331995
1667 0.023290189458040924
1131 0.023321139497843146
300 0.023423400745970723
3345 0.02358376708807423
1006 0.023746870586337804
2179 0.023925508024608213
1753 0.023933903178403954
880 0.02399238231094282
940 0.02403937227712012
769 0.024216566734119736
3054 0.02464271722914925
1812 0.024808190268426643
85 0.024838124290945427
667 0.024862326296729124
548 0.024921444259554653
1803 0.0250018145691569
2264 0.025140605939282117
867 0.025243143147221574
1252 0.025365345543141033
2784 0.025448928497743398
1446 0.02556487770258621
3197 0.025579988866614892
3087 0.025609313784968717
3144 0.02561153434280036
3410 0.025815158642960113
2320 0.02586061822550106
1333 0.025880267638582127
2944 0.025900887468810984
2990 0.025908003235048323
3072 0.025961424868210858
608 0.02609165091737426
2926 0.026170293033606597
348 0.02630438788094965
1435 0.02630534721835266
2099 0.02631214050164291
924 0.026439624625605635
2787 0.02649770218328122
1535 0.026524910676926486
2793 0.026637052358016344
611 0.026637606340510295
1414 0.026650952422059532
1208 0.026693906005730156
990 0.02674152000572861
1604 0.02677485688591463
1181 0.026977692615211976
1372 0.027028619215607383
3287 0.027074670818947832
3353 0.027159445878336824
2612 0.02723729520427043
1250 0.02724902115092482
738 0.027270854166241424
2962 0.027341994331154536
1230 0.027642241111095818
2965 0.02789469695703177
1201 0.027901485000082386
2409 0.02797587811543317
798 0.028059974043057608
1020 0.02809218808584729
33 0.028176788226623888
425 0.028419691749670854
3377 0.028501630058091518
2940 0.028527609191495242
1550 0.0286700019545219
934 0.028692299982423643
1287 0.02892056881496049
1388 0.0290262498500534
2350 0.02908643217660307
2210 0.02920538704116652
1548 0.029290243669267604
2705 0.029451768336973324
288 0.029451955441076837
2004 0.029508006895068543
918 0.02958430961341175
3276 0.029610729839979172
373 0.029768188195232036
998 0.02979794283746423
3320 0.02987531191576106
1993 0.029905607831804043
3203 0.02992523266186568
2557 0.02995284653631109
402 0.030124224244416388
2947 0.03012783180789378
3355 0.03019842571128508
3243 0.03019861283839379
1238 0.030291691669622846
1023 0.030377550742435627
3163 0.030538173296863654
2717 0.030582019014351765
1934 0.03061725217430967
3164 0.030642182534887187
2169 0.030732666020913103
737 0.030766008838457648
2591 0.030823749905593837
1448 0.030828054004881394
964 0.03086844323751382
2938 0.030948777109474933
2789 0.030952932356097487
2254 0.03101080526417798
551 0.03115463847158333
883 0.03127600838450968
3374 0.03132435815133731
3003 0.03146291905048481
3361 0.03153995950885004
113 0.0316066499437593
1070 0.03181062286509146
673 0.03192512237345469
76 0.03194677754091185
2934 0.032009957361860485
2143 0.032047035636579166
1703 0.03206174277094505
644 0.03210552735339351
2112 0.032114216854590566
294 0.032232147863141575
2958 0.032268144157170615
2034 0.03232331289595131
1914 0.03237032372318139
2946 0.032370395236206016
1342 0.03248962716829509
281 0.032535946723794375
1441 0.03263309456232991
3101 0.03267367004299293
1495 0.03275046903023818
899 0.03277898269925823
1157 0.03292434019121944
1529 0.03301703797408918
1963 0.03305657540367632
2086 0.033096907990698504
2889 0.033130204347827756
1370 0.03315423836504883
483 0.0334412291489485
2046 0.03345288979429704
858 0.03357098487419579
1900 0.033627941638291796
1022 0.033667826513602596
618 0.03368557458070595
1427 0.03376835773836575
1382 0.03379687577073662
969 0.03387645182818786
975 0.0339360723359362
1555 0.03415231606016389
2418 0.03417784139101872
681 0.03420844065419687
1392 0.034476603363780126
531 0.03448410786316748
2901 0.034499469346034005
906 0.03450096916530696
789 0.034508511646917574
831 0.03463079753422881
2108 0.0346771480149301
1443 0.034851818854362046
1186 0.03488084286383257
2061 0.03495156457819769
1202 0.035106347987652727
2226 0.03520100741110881
2936 0.03520721830005055
945 0.03521166726331132
1995 0.03524320683175466
1012 0.03531984918422933
46 0.035409861723010784
1820 0.035609272451159614
2563 0.035663383929567534
2430 0.03589265987965367
397 0.035908266269175086
2118 0.03609588883118922
3293 0.03620524912741601
2273 0.03627337396091958
1953 0.036303789686241116
1482 0.036427780787991595
505 0.0365509493032085
2103 0.036567445545356625
131 0.03660724550656455
58 0.03665034058730917
2204 0.0366542825117951
2701 0.036711869938616075
1421 0.036735280447709594
2309 0.03687301179792975
3095 0.0369212796846721
2166 0.03712496361413301
169 0.03713754260196068
961 0.03717052000961586
2519 0.03727386780514467
2678 0.037313991514861984
3032 0.03734433073382865
1890 0.03735110508483604
1870 0.037439689580067124
931 0.037851529872167534
2854 0.03789271125547082
2987 0.03795703850077201
920 0.03800279239120869
3099 0.038021506027007414
2126 0.03809196032668965
1852 0.0381573612466936
459 0.03817899101250464
2763 0.038239199525453675
3406 0.03831348558202522
1436 0.038498215524937374
2216 0.03854428281560899
1425 0.03881788897325467
782 0.03889333293470174
1349 0.038911915057309066
1764 0.03898690554229052
743 0.03899296749362466
907 0.03907234688559697
3289 0.039224075235582065
968 0.039393061148161525
1011 0.03948014201962734
3061 0.039584972144148696
2337 0.039643226041416395
1659 0.03967460721646646
2475 0.03976946984136853
2128 0.03982184507968614
2890 0.03987626612037217
999 0.03996343128907246
3060 0.04016345734086899
2494 0.04026213979786775
2835 0.04028579985637058
1396 0.04030310739603385
3284 0.0404066741880333
847 0.04040834718912868
470 0.040618705491810736
825 0.0407823645269761
2490 0.040826784020386725
491 0.04085997007362498
2642 0.040867080806364496
2561 0.0409046618051921
705 0.04097606858833666
149 0.041093687965169906
2641 0.04113481417193878
2754 0.041145446195183386
619 0.04127578108560917
552 0.041492050144862166
2764 0.04153056368451467
1848 0.041718247366699095
2080 0.04188097178503384
794 0.04209205298350018
2876 0.04223824017698865
3088 0.04224715753187307
1735 0.04230157581567196
468 0.042314553218950085
1447 0.04235119251233964
1484 0.04245445666707969
1799 0.04247832079635177
2343 0.0426184887096225
3089 0.04280621750171135
117 0.04306879080970154
1532 0.043181590584484376
167 0.04318797012485785
1451 0.043301063336481566
2499 0.043350972376333285
49 0.04336211469122131
26 0.04353923141623211
3437 0.043635633709172235
190 0.04377915708493747
233 0.04386156131016438
2636 0.04388265671163708
2760 0.04391818239848582
3147 0.04394355072731672
856 0.04407653735993868
1916 0.044112056221417235
32 0.04437741286089093
777 0.04439851591897899
2505 0.044451876810523636
1786 0.04449100660794663
1701 0.044545367713455596
3110 0.044628832787927064
3076 0.04468979216379682
2315 0.04485082366538417
2063 0.04490513251317033
2168 0.04495505617505649
1487 0.04510834513309869
1640 0.04511354168609157
1226 0.045189841180757605
1607 0.045209375165088314
2249 0.04526867970125649
1298 0.0453332064116592
2268 0.04550331629071179
3119 0.04558309783085182
3364 0.04567613034093164
730 0.045682809195203
874 0.04568523656765052
2885 0.0457229916755494
2224 0.04573672291141114
209 0.04574223912944454
2253 0.04585002525163189
1261 0.046099571719648465
1152 0.046511043936180295
1274 0.04669085437079359
733 0.04671952790235148
47 0.0469097386073486
882 0.04696832274149651
1910 0.04700763501152286
3126 0.04701451932747115
412 0.04701950347401416
967 0.04703796557631657
1515 0.04707304790641216
2617 0.04707943348577945
3360 0.04737494201392744
819 0.047517176404178595
1823 0.04751813805758256
3046 0.04756784667161063
902 0.047664570668436275
383 0.04782563541681431
3017 0.047994820886500374
1207 0.048020513650608804
2711 0.04802937946073328
2319 0.04808464639762128
1774 0.048157741235262945
494 0.04823237383141028
2603 0.048292420734558195
2238 0.048446516752278304
2600 0.048447760073272894
1420 0.04850059579081593
1489 0.048500845090806675
2454 0.04857463600019901
3290 0.048810552868018185
234 0.04881691397543585
376 0.048866379316034034
74 0.0489759085381601
1335 0.04913706530944108
3394 0.04931926353961146
3340 0.04933189420352355
2058 0.049350827648412185
801 0.04948570376782881
1853 0.04950489379574828
1785 0.04950680831706093
2518 0.049559350237175136
648 0.04957782575047055
493 0.049608621273998545
2732 0.049634364718212955
1403 0.04973137722341083
127 0.04979125559246897
426 0.0499769973760062
478 0.04997887082182604
3151 0.050027050261895634
171 0.05011131564921309
3357 0.05043312915287449
2510 0.050497818383163175
965 0.05057070191595048
2283 0.050800359261334915
1798 0.050898956946318796
1258 0.05094800560190002
73 0.05095701155795443
1533 0.05098534322257506
1460 0.051033542193497726
1543 0.051041928300152424
3118 0.051132947321404415
2327 0.05123077288142477
3291 0.051297453493608015
3254 0.05139224910765187
1500 0.05139525709438772
2257 0.05145423329127974
849 0.05149091304867245
472 0.05150332054924611
2848 0.05162537169395983
3202 0.05175479977757872
1635 0.051902740936154594
1147 0.05197261235006579
1943 0.051972645541195475
917 0.05224014833415396
507 0.05224973686623003
2785 0.05226666862555625
1494 0.05230937850469116
1733 0.052366347662835044
3358 0.0523756723963788
804 0.052449215663735914
3050 0.05250261458287442
1684 0.052695229427437006
2999 0.05273593232114247
596 0.053274603750042684
1107 0.05330755533162993
2651 0.053335556116527176
1277 0.05345426144538776
1300 0.053482410291097286
2698 0.05357708527234088
594 0.05362543390535434
624 0.053705919081466234
1556 0.053757908784128186
2051 0.053843615916558604
119 0.05392469757635456
1729 0.054013337622659634
2783 0.05426982471891513
2703 0.05431114511272876
2812 0.05434697437758154
2578 0.0544148821554826
2554 0.054521711713394226
564 0.05454499500978386
3247 0.054555216620477714
2635 0.054596098335465346
1658 0.0545980373088986
1026 0.05478151363328337
1971 0.0548212550724804
11 0.05483196478880678
197 0.05488577773364968
584 0.05491596498398086
2923 0.05497722753136168
2964 0.05497950984506362
1156 0.05502279306383842
2044 0.05510269544433662
530 0.055173024441607064
314 0.055277128862681844
2211 0.055344372673400526
1512 0.05536242851849326
2285 0.05538825775542891
175 0.05587376118768912
2916 0.05619750741105513
1090 0.056250247575563427
269 0.05626572217892683
2567 0.05627494053139969
3082 0.05628340922018169
2156 0.05633058156328302
350 0.05633773267509289
287 0.056341098603007574
1996 0.056421193406811156
1104 0.05655908169880753
943 0.05656656750071074
1833 0.056608148064031215
3079 0.05661760602537533
1552 0.05663809863623422
1177 0.056687856389081505
2619 0.05674666838706874
1921 0.05706497714941247
2772 0.05708069225656026
1673 0.05711480647507368
3154 0.057165456608839975
2628 0.057257926984815126
393 0.05727511767112205
195 0.05760581580004923
1081 0.05766302686682649
17 0.05771858539134542
1438 0.05808404815857229
2351 0.0582139818520152
820 0.05822682681675094
556 0.05823316108055609
714 0.0583662777057361
2449 0.058381621801750674
2606 0.058389490147528304
1249 0.0583917512783783
1611 0.05855089484554388
2875 0.05858793722178893
3048 0.05896741184821528
1217 0.059019092368235285
3014 0.05902023140964045
1954 0.059020339358855194
108 0.05917410563299222
3148 0.05921172440407238
1888 0.05926662736393404
2798 0.05931125598665642
2250 0.059422116879089944
3221 0.05943548343909556
311 0.059703835196445544
2911 0.059864560244899015
785 0.060026736788448824
643 0.0600685629191035
148 0.0600855112404112
1341 0.06011747935615768
2733 0.06020726903704046
981 0.060270685343752003
1596 0.06029709826183675
1135 0.06035076195109218
3057 0.060603374086366374
561 0.060629778323775856
1429 0.06071090352967488
1757 0.06087809253729231
1840 0.06100648476297422
1155 0.06101624328558294
932 0.06115206575830294
2672 0.06132964896761225
2196 0.06141500259976186
69 0.06173835850956057
465 0.06188817295394533
3053 0.06241808226974024
1380 0.062499870626657635
2695 0.06287101852188182
1060 0.06303482699710401
63 0.06364782530917205
2616 0.06374921446628203
1782 0.06393621841347558
2538 0.0639652082875461
81 0.06416767144860167
791 0.06434853186783565
2303 0.06437334449448906
3349 0.06439252653846285
2891 0.06440078949062315
1697 0.0645112964843032
892 0.06453578387572208
1173 0.06477371027804985
160 0.0647850379421809
1000 0.06484567724602983
722 0.06498656241403199
3274 0.06502872570493969
1276 0.06525055681657704
1846 0.06541034199089511
1459 0.06561499796058574
871 0.06568296387675447
1791 0.06583360065259493
1643 0.065968024426051
2206 0.06609306307264162
1194 0.06618184577014698
2188 0.06618472086846403
2464 0.0661925574294171
501 0.06633489963833061
2029 0.06640302061908615
2731 0.06660214404273024
1794 0.06673951632488448
762 0.06695707739785987
1058 0.06696507381835179
942 0.06706317356722384
1176 0.06716388881068527
428 0.06727318933613798
2270 0.06758743794855807
2139 0.06765977062538846
1464 0.06769537275538076
1588 0.06797947848538406
2059 0.068116474618133
2821 0.06816286219749229
2939 0.0681865614630256
855 0.06820620103049789
249 0.06878579141180961
2550 0.06878868525254586
741 0.06883907624477732
1647 0.06887544080143307
2265 0.0690922740765581
635 0.06913421527299857
2908 0.06924750458713458
325 0.06961582729305897
3086 0.06967185126819933
1246 0.06974499318929807
2214 0.06993222911542611
1585 0.07000476637955318
1379 0.07006542864141234
2421 0.07075608568854058
1884 0.07115705892179902
512 0.07130918189614814
557 0.0713222177091594
826 0.07148418438742725
838 0.07150631526506955
2008 0.0717176101642385
3023 0.07199217536882908
1974 0.07233170545349349
3034 0.07255476390999809
2804 0.07264449532862505
2279 0.07269929179400535
2084 0.07279054390153071
1973 0.07291631053378486
1410 0.07323206442609437
913 0.07333373750256138
895 0.07335350038565736
2544 0.0734782409751424
2524 0.07359219469503694
579 0.07361868321440304
800 0.07364305110427287
2043 0.07365800798952614
2506 0.07384096812620979
379 0.07398723835748887
827 0.07402874876698948
2575 0.07405855337293707
476 0.07414741454243161
2734 0.07441088072675663
345 0.0744885747145848
1405 0.07454441513431376
2843 0.07460921507631904
2982 0.07490305831287783
3423 0.07526294257246564
128 0.07549163217280204
1868 0.07570927858138188
541 0.07590628445809335
464 0.07597527959910272
1769 0.07611226734657228
2980 0.07612018987494812
2180 0.07622775794266265
2152 0.07675522950531535
150 0.07677959512471468
2055 0.07683905352626404
22 0.07685456486890808
3235 0.076954976302922
900 0.07709219538788814
1806 0.07710685972453303
1180 0.07726601958288132
2920 0.07728974667320748
2348 0.0773585336984748
676 0.07766164028030755
2602 0.07771401292045398
3077 0.0777160635324676
1554 0.0780377886361807
652 0.07811547567284276
3350 0.0781706475846337
317 0.07823456856626296
768 0.0786300577393437
1644 0.0787005016755661
1869 0.07875738809224345
1254 0.07886375759638654
711 0.07889455764873636
2849 0.07902256159528633
408 0.07928873008056701
386 0.07944166043106318
3366 0.07974413536901771
1065 0.0801198349691983
3419 0.0801728666847791
448 0.0802380599760543
1849 0.08031304136191976
2444 0.08039584334256114
2417 0.08043793680521254
378 0.08044883354178807
1538 0.080678593907223
878 0.08069181422084075
2681 0.08086025044895724
1227 0.0809982912390639
239 0.08103554862407969
3085 0.08104198199473528
3218 0.08107465061103793
1324 0.08111829102112827
2690 0.08112334757108014
2357 0.08124219786867155
2451 0.08130414014778914
835 0.08161762205379396
808 0.08168023268308225
1952 0.08188760953206696
1698 0.08210762532871675
1471 0.08211097021309595
1312 0.08258408940557219
414 0.08273421448734163
2341 0.08273790613941374
461 0.08290241391870744
1215 0.08299521395082984
1457 0.08318228099294017
1175 0.08328795489260814
2788 0.08409509832228317
1645 0.08423271098364127
3211 0.08434301023838418
2825 0.08463363387206524
2677 0.08470598253850406
2873 0.08477449813589186
2728 0.0848405943743381
1859 0.08527757101535423
1575 0.0852863539942393
331 0.0856746347412298
1642 0.08575451167064481
3281 0.08583167321944647
2762 0.08607637057645999
793 0.08608637873342077
2427 0.08609529568372974
2387 0.086211703971993
2640 0.08624175180738353
2091 0.0862502553275242
1084 0.08626380924650498
3322 0.08646778453330281
1296 0.08662777549769511
2435 0.08674859286203308
1168 0.0868863275951558
1902 0.08699650875309538
976 0.08705856083134628
204 0.08713450054796845
982 0.08719553196691082
340 0.08720891521812188
522 0.08726382418452935
2400 0.0876005855761277
2192 0.08786197096085539
388 0.08795023617643707
2855 0.08795751590925614
374 0.08814287244238321
2432 0.08818559957446086
2038 0.08828243530183247
716 0.08833385706893161
2145 0.08842385781236428
2680 0.0885088924855944
484 0.08877396176857069
3418 0.0888806884220088
1462 0.08899407368829984
836 0.0890372180654139
569 0.08934281464748245
2101 0.08940350190364112
2195 0.08946295751313407
2630 0.08953239436824677
2476 0.08966811462008159
237 0.0897538150919979
2546 0.08988694170466074
147 0.08993738441050463
1675 0.0901184513980669
1402 0.0901824240766767
807 0.09021540314176485
2945 0.09029692268420769
368 0.09033162469553643
1045 0.0905083704660213
2909 0.09054787824735251
2521 0.09058768838360806
1463 0.09061136970573726
477 0.09064536131151288
677 0.09072996603850601
850 0.09084760099359189
201 0.0911433662595701
1544 0.09122197292065139
1883 0.09151999753928218
176 0.09156333615327479
597 0.09191007289039459
343 0.09191467402887814
313 0.0920511900319967
2845 0.09232398445350355
2671 0.092546001702166
3390 0.09261043601835253
280 0.09282055934459443
2637 0.09322010918278055
1713 0.09349798398673535
124 0.0936326440972305
1291 0.0937398625294273
706 0.09390065300161154
508 0.09399533792544901
1029 0.0940710072184378
513 0.09419771906180115
2904 0.09421218870850155
2201 0.09426841506754356
3420 0.09473832521458259
1522 0.09478614791354091
2339 0.09481022504646905
238 0.09483429408630159
2998 0.09486921363734623
566 0.09494561010904701
712 0.09496666789984021
1864 0.09506101559993727
1766 0.095159199634409
3030 0.09541604746776058
2721 0.09563624701668291
2282 0.0959501286766349
2289 0.0962765016984262
692 0.09630190055654278
1086 0.09637193113817331
130 0.09670090265425442
3319 0.09677393922259286
1742 0.09682693005047127
212 0.09699732345980525
19 0.09730436624561653
1787 0.09753639209991442
12 0.09788600565146659
2416 0.09846479100104681
790 0.09847889606642868
3232 0.09854824138026813
1955 0.09887015867546108
1878 0.09890241633919651
10 0.09905602454066345
2665 0.09934887124097093
2392 0.09957079031490172
1763 0.09985356038629276
2765 0.09991556156098272
499 0.10006079676176209
3149 0.10024806455393763
796 0.1004368785970177
2633 0.10051736177713472
786 0.10062599251709291
2221 0.10095150845021057
3342 0.1010288808740086
1133 0.10105955618455262
25 0.10132533390715674
2786 0.10146065118642554
980 0.10166296942135537
2968 0.10167946820583984
188 0.10179835186055175
2241 0.10180933464543487
387 0.10214535763454693
3432 0.10253999938474218
1730 0.10255278124967288
251 0.10278767171990968
248 0.10285103384130848
2468 0.1030676551266436
3021 0.10341755679840706
2746 0.10361829063804755
853 0.10365568076791279
1122 0.1037401400582745
1243 0.10388210135866462
447 0.10415779366427773
2299 0.10429883172937597
3387 0.10437707655026432
2993 0.10443810009335026
3401 0.10523798862167315
674 0.10555624562746846
1989 0.10580946603996623
2120 0.10583339759344502
2407 0.10587265884270484
1271 0.1061469683566482
366 0.10628713665706982
3045 0.10677059926692077
1699 0.10677764109349092
2748 0.10682596675490752
1279 0.10688137367617595
2661 0.10732872258291043
1862 0.10754462262738373
1892 0.10766085383285502
1093 0.10773412275569334
37 0.10781975658651427
1140 0.10784599996813307
356 0.10790045087387594
914 0.10795503805220857
367 0.10798616878765042
250 0.10803419411221842
2277 0.10807259833315465
1904 0.10817580814534007
3321 0.10883112167811182
174 0.10968898343639187
2334 0.10981360222914917
3035 0.11004060561581146
2036 0.11008628806445006
153 0.11013532941268847
2261 0.1102278247126949
506 0.11073321867321054
2679 0.1110006237854575
904 0.11100992400109382
1362 0.11108137755213499
3426 0.11111143943267089
3142 0.11150426751053646
2781 0.11170447189119184
3100 0.11171764593869529
2830 0.1118237378952398
1264 0.11185367316108233
2111 0.11189701959769263
1982 0.1121100392714598
1365 0.11223180171542312
1248 0.11229917107191369
2996 0.11236259313470266
2305 0.11291197676002279
1083 0.11298578527154764
1580 0.11311841747162482
829 0.1133096318778893
2543 0.11349978499424905
783 0.1137389811077169
1847 0.11392616187746328
487 0.11417947226173286
2280 0.11467987617586885
2757 0.1147303464000893
2193 0.11510447664932238
627 0.11513488112701636
341 0.11522457348482958
2573 0.11562363304927391
640 0.11566361019150798
2745 0.11567854558053445
143 0.1157089249750353
1141 0.11587649257310917
2372 0.11590850203253708
3396 0.11619158017512829
1711 0.116289066707366
2504 0.1164252844243042
28 0.1164435808836941
2291 0.11681874711107278
3125 0.11695670604494392
824 0.11707086657535735
260 0.11733653846570818
2466 0.11754405025914819
80 0.1175725597459795
1956 0.11759352844268242
2440 0.11780147986459065
1163 0.11798324531965601
372 0.11833183990579753
2937 0.11835719641877536
542 0.11867795996264721
1779 0.11867944037743881
2610 0.11868332120265951
2767 0.11913431427440364
1491 0.11917418100439736
1064 0.11922770254921987
3150 0.119385398777571
1960 0.11954764589012844
2850 0.11958021647817337
3369 0.1210049607272538
2847 0.12145863320531734
1037 0.12165977880730278
500 0.12200567832088144
474 0.12240384012922019
2032 0.12282409471561194
2864 0.1229645487597184
344 0.12305087161594991
244 0.12329698933562928
2917 0.12340961942193487
2306 0.12349563724602591
3334 0.1235137695440155
2663 0.12352249673692424
2811 0.1237146051056677
885 0.12395314174671945
2173 0.12399132905494047
690 0.12452208129659138
1661 0.12459717899716934
3325 0.12477213254281667
2356 0.12506740709132413
949 0.12512662212675957
529 0.12544146914672882
94 0.12566446099663967
1247 0.12599198647663684
2555 0.126117140562871
129 0.12625356395811885
433 0.12654460098812403
2231 0.12681685383431343
1621 0.12700333162239083
3000 0.12761539888647463
59 0.1278772612965049
1832 0.12812296380673385
2648 0.12841897622522905
151 0.12905951678748143
200 0.12906932686061148
2915 0.12947501366180367
1328 0.12965262861963178
3236 0.12987317750985505
1272 0.1302607933264846
27 0.1302653500239302
146 0.13029734302113807
3385 0.13043944676960298
3323 0.13068912900463112
1077 0.13068935718169145
1768 0.13110648302428493
1986 0.13113514285072683
735 0.13129303886319155
453 0.13146188588804322
694 0.13149259987485412
1574 0.13153436336003044
3204 0.13206145190030816
689 0.13229813486865455
1560 0.13274021756305987
1432 0.1328213661525101
842 0.13285998230577384
3237 0.13304719422319672
3329 0.13309913081555103
125 0.13332817816227285
1105 0.13336104678108485
1983 0.13347503834563246
2098 0.13348386541535084
2251 0.1336332616952871
2941 0.13373417951026093
2314 0.134126441974412
2851 0.1342459913088949
2844 0.1342476351316835
632 0.13426768949652407
3173 0.13481383611599637
2033 0.13505213369915067
2271 0.1351247856400421
126 0.13533028972419936
1076 0.1353942197401361
1387 0.13551106696100415
211 0.1361439465447179
3402 0.13622542852955635
593 0.13661986643040125
3091 0.13662140314924986
2295 0.13705151373614674
1299 0.1372925116907916
2806 0.1373098613020126
1043 0.13738559177722987
1465 0.13764551914405326
1754 0.13765639673470392
2649 0.13794007819221893
1240 0.13794345060297097
1739 0.1379525541391651
1426 0.13923555426636874
2202 0.13979841509218338
1762 0.1398636283167494
168 0.14023707478169814
2943 0.14079241326841987
1456 0.1420958979219194
1275 0.14242077733248346
720 0.14336763389828186
1871 0.1435705946965505
102 0.14378404055569668
1781 0.14460350596827629
2657 0.14513268937808943
2620 0.1451864307737924
2611 0.1455862784623744
2286 0.14603582397116285
897 0.14633505585529444
475 0.1468212063799378
1411 0.14713331167519828
1294 0.1478971261589149
1670 0.14819057165823307
1322 0.14829744432636216
1875 0.14844973375565507
5 0.1485173156380602
724 0.1488512402573584
515 0.148918207415625
154 0.14892184717733933
1245 0.14934156205982846
984 0.14937121843440312
620 0.1494920779703973
679 0.1502537245780142
1646 0.15042162675250814
2800 0.1511155496340177
310 0.1527553312599208
2900 0.1528399474123158
179 0.15287726885009081
1744 0.15306929520696966
2871 0.153542947426012
2905 0.15361898106920635
1321 0.15384642982573762
1062 0.15394522468294758
2262 0.15415979622033066
629 0.1541836157293781
1213 0.1547086555194768
2308 0.1548378389334883
3234 0.15537186281890192
335 0.15597939404781067
1976 0.15645892256209565
7 0.15646207583894098
3027 0.15646307222990338
1866 0.15735526806528777
2808 0.15742345401181174
2621 0.15786790341105783
2809 0.15834361398739022
141 0.159093002690371
3257 0.15919696101582406
1704 0.15978300045525212
1078 0.15982318458517988
434 0.16086022849306789
2870 0.16105259977023687
3292 0.16139160207114286
1027 0.16146431733501135
2810 0.16149061673273718
377 0.16197781122050994
172 0.16242875232494514
2146 0.1627534483408611
1639 0.16286194802626922
2001 0.16315453684681722
2472 0.16347429764001295
1224 0.1638364444178013
2175 0.16441386191460208
2433 0.16454047567433533
21 0.16503711601158333
365 0.16517391471875909
3188 0.16553805933598545
2922 0.16618738849599082
2658 0.1666742275695648
519 0.16698520956512933
2726 0.16734381444641103
894 0.16742777653425037
792 0.1674327747137277
1775 0.16751468577769668
613 0.16780381958296958
1293 0.1679416734521015
1216 0.16825870494505737
3240 0.16845749816662164
1150 0.16976998379042213
1877 0.1698164010238294
449 0.16986389252394554
2408 0.1699644042648147
2090 0.17043394417147545
1502 0.1706437309407947
1183 0.17077994948742717
121 0.1720043745394826
2436 0.1724164142201193
3238 0.17318981748407453
357 0.17369474215093983
3275 0.1740693315882813
330 0.17412356450443245
560 0.17512396061040456
525 0.1751650449222094
595 0.17524578840189642
2918 0.17551974023204792
1042 0.1758545582950013
203 0.17615352010201454
2235 0.17624480579077928
2887 0.17659461347913863
1212 0.1776247808130533
1767 0.17767873746114918
1154 0.17846302240198778
2234 0.1784676085605737
2127 0.17931373710036252
2572 0.17936858606612088
389 0.17938984885401218
2185 0.1799114006295661
3370 0.1805457661916188
1241 0.1807363763480326
1660 0.18089031236005867
781 0.18133210539947126
215 0.18149280422129338
3388 0.18182703451948762
1692 0.18187837457036088
1391 0.18188638319088873
1481 0.1819530291550784
1285 0.1832026501868472
3123 0.1838296495097049
1985 0.18496271297522052
1610 0.18498786163618314
2287 0.18517411258210253
2135 0.1853344090512067
1395 0.1862250374627464
2364 0.1871967500073233
2537 0.18737879059885912
2669 0.18751241559620602
1674 0.18753049715232942
2455 0.18771652020100277
2177 0.1890279559007555
1303 0.18921854732683827
2473 0.18966508045432068
2189 0.19025622211184565
3367 0.19147703506190852
2130 0.1917671096730433
1306 0.192081664380626
2627 0.1948869805116093
1759 0.19494473567141637
2971 0.19497442342786145
315 0.19673929197013512
2761 0.1973461134774581
1356 0.198311753652614
2507 0.19859025843359898
3392 0.19882191751151665
2684 0.19887505006979314
3022 0.1992223957388374
1738 0.19982497762837145
1162 0.20158530341207834
1292 0.2021150453222821
2182 0.2021866870881507
1693 0.20245078641786618
2389 0.20389000222607778
3327 0.20436375283746094
2599 0.20492868488050206
2820 0.20539253708422667
1476 0.20611859800281307
1047 0.20621067372443933
1626 0.207819451499296
2930 0.20868298256385975
2493 0.20912472660391285
946 0.20983965492781756
2386 0.21001936407083113
1743 0.2107736138502285
1622 0.21087740042151
1054 0.2112671697220236
725 0.21133313389542754
2525 0.21171513820046858
67 0.21234742861509098
370 0.21237081880680297
2700 0.21257359578718213
2656 0.21259149215414053
1193 0.21317846240064864
1749 0.214054295823947
1858 0.2143439967688634
723 0.2147201184519991
641 0.2147983310186369
1284 0.2151499025251688
3331 0.21601774487459083
259 0.21698829964368457
3433 0.21881677913110748
558 0.2191336849166299
1663 0.21964242058618946
4 0.21976183454155615
1158 0.21979133137427026
2625 0.21987321300506932
2929 0.21994055477508215
3052 0.2216510358586121
180 0.22345301363141992
759 0.22371868626982475
2639 0.2241022533882402
1876 0.22509540987712365
516 0.2253671282769006
2766 0.22575344944692596
1987 0.2263303217898359
156 0.22650915760060014
1390 0.22750772944696393
2457 0.22822811496199027
3132 0.2295570468765147
252 0.22973010029111607
1824 0.23040972475677812
2666 0.23212205838104635
592 0.23217310350309725
1751 0.2321895758004025
3335 0.23366583778975342
1988 0.2348994627128306
1702 0.2365891130792199
14 0.2372006967616325
715 0.23750571015839783
2329 0.23853707592647874
2819 0.23856222301834115
555 0.24124266491179716
2469 0.24220772861917403
2852 0.244363900945446
543 0.24440133910762674
257 0.24445114731709613
2664 0.24706003535397247
1039 0.24780972727004613
570 0.2492182717527356
517 0.24946978247888862
1706 0.2495245336952972
100 0.25032494966232455
3141 0.25102970802298297
2662 0.25161539514186504
2403 0.2519809049031469
218 0.2541459021779948
1662 0.2550234109503213
1597 0.25577552513406243
2817 0.2570074849687879
1861 0.258122037954026
3130 0.2585476844762433
2796 0.25864888512181156
2549 0.2589422845364475
707 0.25920029531845834
1541 0.2600740456267345
830 0.26042295276061994
1977 0.2613610412175153
2502 0.26322529163596364
337 0.263559056929004
1169 0.2646095026483872
1160 0.2648020613288124
3182 0.2656924488875646
828 0.26632090051368734
18 0.26689650752335176
77 0.2676276084848772
568 0.267726021555646
1778 0.2687710667422544
514 0.26916196499894884
572 0.26968747260741255
527 0.27036925437231357
2886 0.2707207286222968
719 0.271620612366094
245 0.2716846475470716
2361 0.27188620536898156
547 0.2721181935339795
1741 0.2722755652450984
718 0.27240466039342454
392 0.2726305647864403
1677 0.27268714474514383
518 0.27278503103115875
3177 0.2729680692077487
1979 0.27441960394162696
2823 0.2758386577022877
757 0.27671486784300336
71 0.28004715151102183
1856 0.280542930286417
1125 0.28212125131642113
2480 0.2842205311572119
2750 0.2845965374171699
887 0.28621173418907014
1479 0.28622825705002913
1326 0.2871833340068656
2931 0.28737120741915634
1492 0.28860474803077946
3416 0.2894570620460784
1334 0.2895721041275955
2092 0.28990571301230156
258 0.2905842213517004
2861 0.29070693622642035
2797 0.2920849344215537
1620 0.29278384100105037
177 0.29291996539094445
3131 0.2965095161326551
1358 0.2976928117897822
886 0.2993858796976364
216 0.30224523668904124
1406 0.30313863341765035
263 0.3038849503432297
3425 0.30546578513370715
1865 0.3064248276622429
1461 0.30868814807044653
2838 0.3130095386864491
2178 0.31353800210459787
3124 0.3137531721313523
1906 0.31550929337866707
1958 0.3168509603476198
2391 0.3183122005191217
839 0.3190786023957471
1715 0.3195615627152438
2089 0.3206564432186047
2479 0.32215413233281853
145 0.32253130202287644
2039 0.33056018868109754
1981 0.33088390995637784
2552 0.3352425535279935
3180 0.34086078880848864
3134 0.342826691572448
3427 0.3438554001821091
95 0.35116427684087254
884 0.3513209875633594
1498 0.35603199753626086
2369 0.36754251131199345
219 0.36831292922453934
717 0.3729480817176992
625 0.3742125538629723
2304 0.3755665656499413
1220 0.37954417055439277
567 0.38145170453421545
1290 0.38257269421184076
2367 0.3888207160735571
1714 0.3893536040677225
546 0.3897280883006283
352 0.39063195784451504
2839 0.39158150205369413
2860 0.39510265179494314
812 0.3980768675133222
2442 0.4022793159581612
1475 0.4148789945350211
3324 0.4172037687029441
2644 0.4192990644987924
1221 0.4241298928129847
1330 0.42428920649676544
3104 0.43240963878949595
2752 0.4363028188512119
841 0.44713141617825686
1477 0.45000412116709093
2776 0.45561515905083366
2623 0.4573090650593144
2035 0.46404340747489625
2434 0.4643871925211923
843 0.467512805992738
1219 0.47035791288822576
184 0.47549233743283315
3133 0.4755303016639646
1959 0.48201372928772107
3106 0.4948435241098745
813 0.5027243678666711
1032 0.5066258641563002
1630 0.5113648463108654
187 0.5242182785950744
2477 0.5344999085187061
142 0.56088451204973
1705 0.5629104282210875
2000 0.5740053411187223
3135 0.6029895818913042
3105 0.6071232853394879
2862 0.6265404129092406
814 0.643091124074508
1327 0.6566425598894646
2230 0.6669355375256135
1747 0.6746093831451186
2893 0.6766203219112508
1716 0.6778707379513955
601 0.6869011343604979
840 0.831063346987426
