#Residue #correlation with tIC 2
2 -0.07650670248325107
3 -0.03269289229951449
4 0.014664333731145668
5 0.1670895816323363
6 0.04666369732313992
7 0.1258337298896487
8 0.11070613004164395
9 -0.19660083871206585
10 0.1676242945557815
11 -0.16513796803239666
12 0.34095004195703627
13 -0.10433385619406704
14 0.14505082079268816
15 -0.011697780147781526
16 -0.05904543832009188
17 -0.01913647338282405
18 0.1191338379450132
19 0.12783911935522566
20 0.028752429148830645
21 0.13831858083711368
22 -0.0330660852028703
23 0.10356522606190527
24 0.0414770471665301
25 0.0838742990991219
26 0.15949442357421711
27 -0.005708079205581392
28 0.039441727982534425
29 0.015043594730997173
30 -0.07805331778190414
31 -0.008245163928149819
32 0.07811795528063319
33 0.042739222691694105
34 0.008708574251074694
35 0.050770186424948426
36 -0.12469840351292971
37 0.18304100170312587
38 -0.06862715756321097
39 -0.03665065068884754
40 0.014175213363121166
41 -0.030899042037974132
42 -0.04472785054608003
43 -0.07748646267876426
44 -0.01646662160687319
45 0.012980087499659693
46 0.034169486337666116
47 0.015264845789877645
48 0.024937937075462078
49 0.05500624468353756
50 -0.018695885895538288
51 0.05400938282585191
52 0.07170732595166807
53 0.028070510453666195
54 0.0194222792133535
55 -0.05584250923746111
56 0.029162471049841487
57 -0.07226876070731089
58 0.056313698920952476
59 0.15154494322519332
60 -0.14966965017412687
61 -0.04060136136445848
62 -0.04366746154170087
63 0.02438757794896021
64 -0.126244325388327
65 -0.01631742806536844
66 0.1317223881162495
67 0.048814344028777955
68 0.024459220912806612
69 0.07145408761322708
70 -0.2730782804252514
71 0.35213621819975094
72 -0.3601403611128219
73 0.1428283700192616
74 0.14026610573416054
75 0.20602804447880937
76 0.02335116100023939
77 0.25653410361079726
78 -0.2034888800332763
79 0.2983584104953966
80 -0.40528648017495245
81 -0.0003390607238783946
82 0.10495307755855475
83 0.05928671764857938
84 0.08833927631458288
85 0.0007736545818625257
86 -0.007829015644860665
87 0.0010331108240260714
88 -0.0192893768807898
89 -0.0023064761875503962
90 -0.05118427319323883
91 0.03654969812644766
92 0.026532216028407687
93 -0.19318548797053078
94 0.05564216652757494
95 0.38495672956416677
96 -0.09532563530239589
97 -0.25658461364479873
98 -0.08681932845595582
99 -0.13496495156902602
100 0.3305099801706139
101 -0.10825104530793515
102 0.12175644568043766
103 -0.0357135681756047
104 -0.034556067155004075
105 0.03474150679816643
106 0.047511519847428074
107 0.05665748731591064
108 0.04216277021197245
109 0.015477543158811176
110 -0.012359348548489512
111 0.045715474382534045
112 -0.17858195804934374
113 0.0005544731607773047
114 -0.13900166685428167
115 -0.03011121613632219
116 0.01970991326755437
117 -0.0377082348126856
118 -0.000964141224952059
119 -0.032471048235940964
120 -0.0735233905095416
121 0.02747761632397315
122 -0.07562967145840632
123 -0.11094194047329399
124 0.10492941817685855
125 -0.21132316010812166
126 0.033941631546804955
127 0.049768677925196556
128 -0.02233752621415903
129 0.1129128543152356
130 0.05688716051469289
131 -0.021403988929586906
132 -0.029877456635596395
133 -0.02842109253249973
134 0.01765650153772602
135 -0.004753808929405282
136 -0.01702445178845752
137 0.0003901259770060768
138 -0.16088746310083418
139 -0.3601894928894158
140 0.1079386578677462
141 0.22039369285267627
142 0.1148764767553363
143 0.2889368982359789
144 -0.22236432064904088
145 0.25466900839863726
146 -0.14531902669005956
147 -0.29787626458410005
148 -0.0849301070368349
149 -0.06810096092396901
150 0.00641512598716402
151 -0.07497108222793357
152 -0.12294310053297515
153 -0.03864815426740978
154 0.05809104586047127
155 -0.35322218223175933
156 0.15484661720604195
157 -0.1425844156390567
158 0.122244359412658
159 0.039291461530889166
160 -0.0023956751493335584
161 -0.007223123104055672
162 0.007119598582920705
163 0.09853581845023979
164 -0.12149009119453205
165 0.04241861490868316
166 -0.05177983115022012
167 0.0370138828599886
168 0.020776643755354478
169 0.08405290020061215
170 -0.08795689793792126
171 -0.09871333253213095
172 -0.0038591202216369594
173 0.11070251484852363
174 -0.23402642477385815
175 0.08360188186977871
176 -0.14837413184583975
177 0.20317640750123464
178 -0.22176610340343453
179 -0.03465332042689813
180 0.1470739458588778
181 0.11095543837830649
182 0.03850517822000779
183 -0.025183089278644846
184 0.41212408028989866
185 -0.2317243688142738
186 -0.0072996192828059725
187 0.5275481894399001
188 -0.00044377258212727964
189 -0.03924001160455294
190 -0.020267798053776577
191 -0.055951503685200715
192 -0.07877365740602088
193 0.0029063262372572736
194 -0.057497727288029196
195 -0.06035334702877344
196 0.014667831479496274
197 0.06197853881834511
198 -0.17575267508624184
199 -0.1432503211544119
200 0.12643470323555864
201 0.11371611461727625
202 0.10379159703954366
203 0.0345986403078102
204 0.024187698113221766
205 0.03439949580576324
206 -0.06262596026342473
207 -0.04006034882616049
208 -0.08776741827455593
209 0.036563752105206286
210 -0.17523796931614974
211 0.13251053465903442
212 0.15326212919895413
213 0.0369470840025897
214 -0.005900920422674517
215 0.2027410325027098
216 0.36432225902682003
217 -0.07035628473675962
218 0.2575173368941927
219 0.3205246126091386
220 -0.05210062874793081
221 -0.2677576068407412
222 -0.09308012663602203
223 -0.13974245834528526
224 -0.05227070662861459
225 -0.04875075508029846
226 0.024020692221670505
227 0.026915648825074558
228 0.07554570937128051
229 0.03936282239241185
230 0.052517463422832845
231 0.08309270404951521
232 -0.17648392371408442
233 -0.10310604482306696
234 0.08550030935857064
235 0.07356384818176336
236 -0.047110153369962576
237 0.011745360819311781
238 -0.03761982270881101
239 0.031328433177124304
240 -0.009612840329010764
241 -0.051405597449319794
242 -0.22453631240996672
243 -0.012531524285985684
244 0.031007035888179102
245 0.30263242137783003
246 0.04776667115210029
247 0.0939698945272152
248 -0.09564771156749019
249 0.006567521739438785
250 -0.06915161751508346
251 0.03870836024815096
252 0.09076192019336411
253 0.03456770765014624
254 -0.004354166981059887
255 -0.42578038367184773
256 0.01153380258237189
257 -0.23207916351744817
258 -0.02522702575843594
259 0.13065200304324945
260 -0.6818071720905352
261 -0.3929613067500241
262 -0.16512384742485603
263 0.37973756157662597
264 0.0503609552242236
265 -0.11127285623573074
266 0.09161066686156343
267 -0.10839489915304712
268 0.01170298254915504
269 0.08953125866155105
270 -0.0014734953757626706
271 -0.07739940370190646
272 -0.03777975737223319
273 -0.020147844836665305
274 0.023421168764339997
275 0.07692314628679152
276 -0.03127187141064991
277 -0.08188621507719256
278 -0.0852216886667688
279 0.0029276726749156746
280 0.10628961268281634
281 0.10786364930642146
282 -0.02311294754914219
283 0.0154602041996593
284 -0.14696358272929788
285 -0.08591330301579443
286 0.012830840872788095
287 -0.024644588094101156
288 0.04347507587643359
289 0.025914021723433364
290 0.029605107227553634
291 -0.0699318398072763
292 0.058192206378169214
293 -0.027347420846292696
294 -0.057937202057853444
295 -0.03129478590107019
296 -0.12511344396086516
297 0.03143565580295323
298 -0.021396543483502176
299 0.0037712860646638927
300 0.030021729540712774
301 0.0355972556599132
302 -0.04246952896354579
303 0.031305827605890395
304 -0.0188631839194787
305 0.030568023968924468
306 0.0015933994645457405
307 -0.16512196547243796
308 -0.14063143177185225
309 -0.007762057209792028
310 0.1481186664321408
311 0.07673492313463612
312 0.0565918281123919
313 0.19629612567944216
314 0.04484920010169336
315 0.3500027347803812
316 -0.1588649612022117
317 0.18556273286541355
318 -0.42746885376204585
319 0.4214363292004606
320 -0.031104382173876663
321 0.03740544804265433
322 -0.14181013775303394
323 0.1130494930492022
324 -0.3143690164967554
325 0.20522952418809462
326 -0.06114506586276761
327 -0.10120815552331228
328 0.20669488347407022
329 -0.08039063020216446
330 -0.11691815800348436
331 -0.16906822280248082
332 -0.24046603963340019
333 -0.2806847375559178
334 0.22911800433850016
335 0.10417001688223859
336 -0.02097499019203284
337 0.24079025370921556
338 -0.061653653472766856
339 -0.017257311934771872
340 0.08815638570173512
341 0.1108497724160511
342 -0.17984611648370344
343 0.03401391610384921
344 0.005014410402017458
345 0.06196453482486187
346 0.04610582782896384
347 -0.013690257856276568
348 0.15462523052911786
349 0.051177268570191
350 0.019091301129945993
351 -0.145442050281315
352 0.3766414170255042
353 -0.32566560609570727
354 0.042194524526267985
355 0.0009586123538785347
356 0.12174884831724797
357 0.20457940549857068
358 -0.07058246412880427
359 -0.05803123983533664
360 -0.09074292890817769
361 -0.08994694193738548
362 0.06246123137093917
363 0.0781224347616214
364 -0.26374951328535573
365 -0.15318220954607814
366 0.007289478753539639
367 0.0395117493434503
368 0.027923002941684417
369 -0.06683276655469343
370 0.06370503916402408
371 0.10684753691161894
372 0.15688950221417264
373 0.03169415704004993
374 0.11508364869036426
375 -0.019452183952439615
376 0.0872214787925205
377 0.1297495013485819
378 -0.1419706736444077
379 -0.03538295556713911
380 -0.19699072962317943
381 -0.39147395768909266
382 0.02698907961354842
383 0.004101846641960228
384 0.02951982242208083
385 0.06759001323794397
386 -0.030504908422518035
387 -0.008847636321961113
388 -0.023432189677233577
389 0.07464708127035528
390 0.06268193456094939
391 0.0846342865865281
392 0.056061365047179394
393 0.09904125970398195
394 0.2250551611645802
395 -0.18605586086833698
396 0.012137916276701927
397 -0.02914111453093073
398 0.027354116584904335
399 -0.21861226332681535
400 -0.23431926530102778
401 -0.00993742214545787
402 0.0706104784004429
403 -0.047499496050877506
404 0.03980984473078754
405 -0.08013923391293197
406 0.005897046361146287
407 0.011321378281149578
408 -0.001959926948137551
409 0.018017345936958112
410 0.004156987443248683
411 0.030948352812829722
412 -0.007585762356546034
413 -0.038483592905316354
414 0.04828502908348936
415 -0.0602902810358118
416 0.03725254992474043
417 -0.14307664620994004
418 -0.05099073863200694
419 -0.06102176147751694
420 -0.038951325419427835
421 -0.04671870464005037
422 0.009911662237046955
423 -0.20327224784785672
424 -0.2049249553101012
425 0.03252630055154413
426 0.05477119136629716
427 -0.016620737432133242
428 0.028786359229105652
429 -0.06081816758080205
430 -0.12005543292837771
431 -0.40398809888513676
432 -0.06651871521258286
433 0.06763591380593548
434 0.01118910441380121
435 -0.14273947320110653
436 -0.10862465896397287
437 0.022143148319378247
438 -0.14582908069168624
439 0.07821024511828718
440 0.04834793116516024
441 -0.04985270845459592
442 -0.009191877121608561
443 0.06920307689943933
444 0.09696380359767418
445 -0.010910039143713551
446 0.10462121009334834
447 -0.000390692433643974
448 0.16945223672022341
449 0.21967167917982408
450 -0.009372061029028777
451 -0.048761188281473106
452 -0.13311803449935916
453 0.09408676915514766
454 0.014475885930648993
455 -0.03385583995672454
456 -0.0383483420005679
457 0.002703716089669619
458 -0.012019632605189224
459 0.049383742650839724
460 -0.021922113618868658
461 0.060715517726912464
462 -0.05557885775217513
463 -0.00026104221035019257
464 0.05610000065742464
465 0.08366018901824042
466 -0.18762189995768397
467 0.01010191352160557
468 0.09596303666534098
469 0.10722412698951249
470 -0.014407577027952331
471 -0.06696190998025188
472 0.03900654513671959
473 0.02700531839287871
474 0.23078197911379014
475 0.1401111227590792
476 0.10648203555544737
477 -0.03243897384945214
478 0.04202200363734184
479 -0.062129209649683735
480 0.1270389152084267
481 -0.3376418321806499
482 -0.17267399079189905
483 -0.10219649059937672
484 0.3087595176321099
485 -0.2801881560011161
486 -0.13888701372186335
487 -0.06793423064269251
488 -0.1718445487541965
489 0.058731642340022025
490 0.0022486925371187653
491 0.040833244685520236
492 -0.07201851587394886
493 0.09407996848014559
494 0.03466618504911359
495 -0.023223610049374146
496 -0.541680797567635
497 -0.04306586936669824
498 0.026103719764698555
499 0.06884761571644032
500 0.061349309823243915
501 -0.011417342899811802
502 0.03094636077236688
503 -0.02952989436299441
504 0.003916123065527367
505 -0.03415935688636542
506 0.03356503095788504
507 0.05480236024967982
508 0.10136429481754185
509 0.015433875282670144
510 -0.12649811255245008
511 -0.04160588772870979
512 -0.030532570812003786
513 0.10034075796965569
514 0.10165293110967547
515 0.2550916345854307
516 0.0653866932110795
517 0.22984407037320248
518 0.02213216821598895
519 0.4376197455427669
520 0.14283295912372854
521 -0.15714094735276293
522 -0.04552933027176501
523 0.12976651112460155
524 -0.16935792758357507
525 -0.38061597002616937
526 -0.20478662767734915
527 -0.04923654854212368
528 -0.06254649930284573
529 0.012537131142884806
530 -0.050821812232985285
531 -0.17668011713641946
532 -0.002775301432524773
533 -0.041922016207993844
534 0.016021768676934528
535 -0.050136333329776295
536 -0.012175939041355797
537 0.0021392044676691326
538 -0.009173232656316562
539 0.027988131395486428
540 0.016779546959162134
541 0.030898401376568296
542 -0.05616834318213819
543 0.2332925229493289
544 -0.07447340761080898
545 0.004480358639188816
546 -0.07043805620292014
547 -0.16785692453237977
548 -0.17289051469087924
549 0.0875410538770717
550 0.05833939560372006
551 0.02986356486967923
552 0.007378198709185138
553 -0.05302269117216989
554 -0.0014052660730289894
555 0.14023652589309923
556 -0.011064809205404914
557 0.080977837748133
558 0.20551273368064768
559 0.03676055873016299
560 0.21763591763212503
561 0.0065427923321711
562 -0.06601443257945074
563 -0.06257324220951366
564 0.0369217012290187
565 -0.1765129290041344
566 0.12737356515504017
567 0.2788659166875643
568 0.19698222052096503
569 0.16571832246380508
570 0.2611903777651154
571 -0.1329626461793699
572 0.24279230072418684
573 -0.030775649920761834
574 0.006721228951469364
575 -0.07356207631489989
576 0.013310704967358448
577 -0.11830912290241638
578 0.11460206860726517
579 0.049290117230876965
580 -0.038214468590790945
581 0.0006972600512504081
582 0.01654584067071897
583 -0.012923433885673422
584 -0.0668292822016432
585 -0.0811178435409058
586 -0.0229904229540612
587 -0.13590243160193635
588 -0.1818447386138757
589 -0.08450777212870521
590 -0.3112178410591656
591 0.18508920365776016
592 0.3498946331712835
593 0.25811226935831855
594 -0.2682490458849949
595 0.2504149988084656
596 -0.013144760902836235
597 0.12345507652477647
598 0.09652017863979948
599 -0.0852707574194109
600 -0.39746613989348595
601 0.6333313712891847
602 -0.06958903906971994
603 0.04049048209629874
604 -0.112294836691089
605 0.0004408896412066888
606 -0.25374147104998895
607 -0.0031127186904862324
608 -0.007075016476472794
609 -0.16630301659462604
610 -0.06723867473327348
611 0.08729221507575953
612 0.042926142187822584
613 0.020709484645961118
614 -0.6423721961918797
615 -0.004516206094743629
616 -0.011427719402233827
617 0.0113782399091764
618 -0.0020225750023272868
619 0.039351377986991815
620 -0.09515988132147495
621 -0.22971626106930493
622 0.12913264001860972
623 0.22971212086584916
624 0.11115357794075975
625 0.5358050116715435
626 -0.15291152255571028
627 0.093232166031652
628 0.06996149018918153
629 -0.10252479901942171
630 0.03672968814475538
631 0.22066332688124965
632 0.18444257442196646
633 0.03250091166836291
634 -0.12416316084483671
635 0.05497520405922175
636 0.10898555702533785
637 0.006530453559793997
638 0.04455108318870895
639 0.1133206064094059
640 -0.004471570706372595
641 -0.36870655512084727
642 0.05374855675209697
643 -0.028262583801234798
644 -0.005551328327802599
645 -0.006865637436204064
646 -0.10858614048212764
647 -0.026005595268100565
648 -0.0356422492580953
649 -0.08428149679420081
650 -0.0065062222717100346
651 -0.042419251807498705
652 0.03610233236581827
653 -0.0269271161610776
654 -0.0729234995480459
655 -0.05118517308308477
656 -0.16364876861731378
657 -0.07592032958568755
658 -0.2542254949072276
659 -0.07439296321547624
660 -0.13833001620159463
661 -0.024095416613411913
662 0.013567982942858332
663 -0.017954599842946593
664 -0.01557796926721851
665 0.017708522891632005
666 0.00830994407015108
667 0.005838422872391755
668 -0.06465468164038472
669 -0.0010791164869852553
670 0.08026011662439261
671 0.017961357981333186
672 0.002357183617698131
673 0.008089159567718513
674 0.05219041291112646
675 -0.13794901872870047
676 -0.06414007870716223
677 0.24025328607932991
678 -0.16755116591203978
679 0.03489061279801887
680 0.14947899870683942
681 -0.1893756004098429
682 -0.0740254145872529
683 0.07658989671624719
684 0.2080352723286255
685 -0.13577258642353285
686 0.0788978240864967
687 0.04694512796123964
688 -0.05333163363027824
689 -0.2774125202295761
690 0.04098939143009778
691 -0.07001040833594607
692 0.006538195076397635
693 -0.08327185005105066
694 0.12160267115492726
695 -0.04351520774339939
696 0.026155808899097143
697 0.003363886968644974
698 0.019665863961858814
699 -0.01721781451863925
700 -0.02848548318133393
701 0.12577866466445525
702 -0.01998588883589191
703 -0.06681414353827432
704 -0.02537534360038243
705 -0.03421178567729244
706 0.08500593922274495
707 0.25405321436674816
708 -0.14672344629567838
709 0.026069798445921576
710 -0.0620513496656534
711 0.05107490045849499
712 0.05846803994464645
713 -0.08775295422009827
714 0.07974529375350628
715 0.15759444258492655
716 0.1027643049027913
717 0.3371747159052525
718 0.27687262067989554
719 0.20271304970594797
720 0.10742451683556206
721 -0.08617455506795083
722 0.029898197532396326
723 0.2565977632943408
724 0.19231617847672733
725 0.23071207013408362
726 0.021632502537984013
727 -0.042101411486655915
728 -0.006756406978183305
729 -0.0960930913521793
730 -0.02064212741645169
731 -0.07730369087028263
732 -0.008256986953158473
733 -0.03629214934243524
734 -0.055823359900173807
735 0.07681804965310744
736 0.04826201176703848
737 -0.009158193439288333
738 0.10729653209365318
739 -0.02848249367137752
740 -0.005615521132613132
741 -0.06337592076101844
742 0.05455002218770843
743 0.03732659382253046
744 0.06793760400352351
745 0.041708426965495385
746 0.05232189543725702
747 0.02197170052042525
748 0.020544219003854673
749 -0.021713328475117623
750 -0.012753669495557084
751 -0.03535390803285282
752 -0.04823247634325427
753 0.05968774280499241
754 0.042526521953346934
755 -0.02407026171004556
756 0.029067046224131293
757 -0.1395750991631662
758 0.048390166467177184
759 -0.033208261875305796
760 0.21310024060719224
761 0.03909390629470176
762 -0.026702540603180554
763 0.0022843348058896474
764 0.017367514027317007
765 -0.010941058726887323
766 -0.0065671611277476425
767 0.005763223513692436
768 -0.025462302921059866
769 0.0017664065509301237
770 -0.12833412105608316
771 -0.03431449688343877
772 -0.07047113628880947
773 -0.007112711559141311
774 0.016534398086440725
775 0.005433323752814519
776 0.01756236610602254
777 0.04416033687804767
778 -0.029056354949214908
779 0.04061064621952367
780 -0.07545661521028062
781 0.14190762642234903
782 0.030133440247667582
783 0.07905009796457564
784 -0.058110341493932606
785 0.040310041575697515
786 0.07781573100183233
787 0.07314585961443255
788 0.008763962304512929
789 0.007103198812513857
790 -0.018879578054190556
791 -0.06792799528955433
792 0.06315054649516594
793 0.012662637518683252
794 0.012805374843814414
795 -0.10214224145016103
796 -0.10842405521129779
797 -0.1017185869716688
798 0.05809754506408173
799 -0.06838172847624303
800 0.05183941599503115
801 0.09034576492280541
802 0.029492626413168816
803 -0.0569081371525751
804 0.019872115398540176
805 -0.009287623466618485
806 -0.043786914205562764
807 0.040485984254022486
808 0.0994241310104093
809 0.05152400236574458
810 -0.06470214259467769
811 -0.005994794311090189
812 0.3189244317054995
813 0.5581750762427976
814 0.06714370979869633
815 -0.09974802482264483
816 -0.10792305004227179
817 -0.013419410770639552
818 -0.04344096062830136
819 0.032367557394123635
820 0.0503828138575334
821 -0.01573665789459138
822 -0.059291366524476724
823 -0.05346933888224185
824 0.06822667070811815
825 0.05139504680176171
826 0.07369902998184046
827 0.09636764379778703
828 0.402971654778183
829 0.5856846875250304
830 0.6388819279697172
831 -0.34897023639520386
832 -0.4354125055821151
833 -0.42785041201752827
834 -0.646571366991503
835 -0.09607445451985232
836 0.2364200872395894
837 0.0118698166069617
838 0.23942316154809257
839 0.2135317807065535
840 -0.14539705689218352
841 0.3992839100357712
842 0.2329521781339792
843 -0.08403222428412514
844 -0.23302212586409346
845 -0.13232988877173515
846 -0.05462854276882945
847 0.1045902605614478
848 0.036516672125388144
849 -0.09619286568917482
850 0.14006400864379742
851 0.08781180697769478
852 -0.09923426371151164
853 0.04067982026357334
854 0.09423751088310706
855 -0.07012962738329996
856 -0.027761793865036095
857 -0.0599869707458517
858 0.008516292645147965
859 -0.09920351518683501
860 0.06951933822698834
861 -0.02913250317203161
862 0.022637941197780797
863 0.09547189519692195
864 0.006692280260408174
865 -0.09731658145539761
866 0.010523295332892067
867 0.004358543482108759
868 -0.02623623414301359
869 0.020135898895236017
870 0.03977305270868077
871 0.045646077821901325
872 0.0067520343200596165
873 0.002698992483660562
874 0.03594857967663065
875 0.017475687967376464
876 0.002872357429041647
877 -0.0380046809890707
878 0.07715836973501165
879 -0.037770623156289464
880 0.00904103333648978
881 -0.22191267727893046
882 0.16929799999798179
883 -0.0630636430525001
884 0.32084017582541724
885 -0.002251077949935983
886 0.14652217184930114
887 0.119543758036471
888 -0.46013681675150686
889 -0.013988808198173788
890 -0.24573640459007814
891 0.06119372724389645
892 -0.007031472157410248
893 -0.1409291343252352
894 0.12089868033371032
895 0.014107693554800514
896 -0.5458229314143092
897 0.1818095229202809
898 -0.05639695755419771
899 0.030005181312482494
900 0.0781407934888683
901 0.044024774880498545
902 0.07763774943273975
903 0.003472713723695957
904 -0.009356308404741324
905 -0.05472502932561821
906 -0.0003868574044084719
907 0.008013006555574131
908 -0.008931947373056585
909 -0.08516391143375487
910 0.013683848290287104
911 0.013390860541073647
912 -0.003531932563433102
913 -0.038225668962359495
914 0.02830866873337306
915 -0.023151366336455134
916 -0.049657299477250956
917 0.039740778939345786
918 0.004966428478091618
919 0.0052649983985891295
920 0.02535711851942027
921 -0.007046680397591233
922 -0.016402305751563172
923 -0.005157608108570728
924 0.01409259467320736
925 0.0038747837732641247
926 0.013412440993607286
927 -0.026547738673447247
928 0.004245672926920159
929 0.009412293788550796
930 -0.018908196604477297
931 0.02194482843388148
932 -0.001594252970521475
933 -0.018942021416970472
934 -0.01722289798729666
935 0.0052156254508912165
936 0.008755934428103771
937 0.0018066317206844446
938 0.013886197785952792
939 -0.04565287601501507
940 -0.02097162393951135
941 -0.22837872923530808
942 0.010453255629237391
943 0.06066088618988303
944 0.10573527267376594
945 0.11071512533809122
946 -0.02007129684893837
947 0.11308333286305912
948 -0.13338841260289502
949 0.06361489355132002
950 -0.029663689893862616
951 -0.0292596522908174
952 0.05964941159996904
953 0.09455552042736277
954 0.01697208388599096
955 -0.0013862520222327121
956 0.03930415861191703
957 0.00886838445596656
958 -0.022423172769574975
959 -0.007672421549237272
960 0.015636949094365672
961 0.03014715001996575
962 0.05744910744347042
963 -0.1550130498588148
964 -0.005137806708794814
965 0.10123004229684823
966 0.07027885075951687
967 -0.0012866671516220504
968 -0.03883391873167163
969 -0.027547632701337473
970 -0.05403196392335752
971 -0.04956156558906982
972 -0.020067588868045962
973 -0.052995321003726774
974 0.10256417385330047
975 -0.04170947659419917
976 -0.04835440757605289
977 -0.04162828891896239
978 -0.03570670172690844
979 -0.013571902447221382
980 0.04667353411286298
981 0.0061136773387385395
982 0.08281250819283677
983 -0.016456593279690405
984 0.07044579928313953
985 -0.04911252177379819
986 -0.08024723781824686
987 -0.004522010454526679
988 -0.03646970955755102
989 0.05936689270010564
990 -0.011042291982172594
991 0.013725347213267767
992 -0.021314653163148005
993 -0.009108504649809442
994 0.03735305627283416
995 0.031029625992319707
996 -0.031508657404098764
997 -0.0019809637381509606
998 -0.03129616304890485
999 0.01296163832113581
1000 0.12232381203833766
1001 0.06793436067612499
1002 0.019276003169891153
1003 0.005864946845202835
1004 -0.037327397178174265
1005 0.032496696925091724
1006 0.019672486729012555
1007 -0.06647113316627136
1008 -0.007219682203713681
1009 0.015706257308869372
1010 -0.009426816489897547
1011 -0.013487462455015923
1012 0.01807742110657013
1013 -0.008458962474382709
1014 -0.017964989877094852
1015 -0.01798816970936653
1016 0.005959206971448567
1017 -0.036366219936080114
1018 0.026342908966976136
1019 -0.04741199027427926
1020 0.045494191714828894
1021 -0.0020964967531123613
1022 0.029128134173703576
1023 0.04272417916327515
1024 -0.02623534138815152
1025 0.006395235470598675
1026 0.030975541186092442
1027 0.15312786242148177
1028 -0.03312033509179107
1029 0.09194393251290035
1030 -0.03762083739530917
1031 -0.09568254278637994
1032 0.4922263752973385
1033 -0.01298967773300729
1034 0.05775147466203967
1035 -0.4184307731110123
1036 -0.008840251393417285
1037 0.16445347316467226
1038 -0.03601034575219349
1039 0.2565415891111317
1040 -0.08439287616080282
1041 0.007763933312225188
1042 0.147220911084629
1043 0.1486982379667282
1044 -0.23742537036391767
1045 0.13028615191814014
1046 -0.08593514660745799
1047 0.19329240775947026
1048 -0.12949117517766914
1049 -0.12596135602826533
1050 -0.05525010140397571
1051 -0.09473847593411001
1052 0.05952040855924032
1053 0.015844594134561022
1054 0.17920448746519535
1055 -0.014048945752403265
1056 -0.08141413614586543
1057 -0.033493146879505366
1058 0.01091470266807218
1059 0.010075023501888393
1060 0.07125533284412654
1061 -0.10006401512113408
1062 0.10475740865430887
1063 0.004592187137671856
1064 0.1594078111030459
1065 0.07069349228749566
1066 -0.09407283054461713
1067 -0.0031447238469222063
1068 -0.023618514471604426
1069 0.005085395043664201
1070 0.011477392200661417
1071 -0.027527570990259213
1072 -0.1956393007886758
1073 -0.12882277378989895
1074 -0.07765990711133999
1075 -0.0917975252525876
1076 0.10331659428663918
1077 0.05295281319980628
1078 0.10379487367269338
1079 -0.05021660210472601
1080 0.04024521267664995
1081 0.09314919547489413
1082 -0.12619077800006628
1083 0.1021582282464052
1084 0.03686093716528193
1085 -0.009792227039196638
1086 0.02594246831369107
1087 -0.02497539106019186
1088 -0.11807058959443788
1089 0.03141892435641796
1090 0.07315512941245307
1091 -0.04599748762407486
1092 -0.024110063159704757
1093 -0.14203643518489478
1094 -0.1078114952331909
1095 0.02063705319600532
1096 0.01230654475030241
1097 -0.30561693712024796
1098 -0.024758881637604136
1099 0.03591617900223199
1100 0.06922088305915673
1101 -0.37641700954091717
1102 0.06903275129947221
1103 0.012447706866683998
1104 0.08568387684497383
1105 0.13728615161710184
1106 -0.008530256455967137
1107 -0.0042911216171146105
1108 0.033587280536949544
1109 -0.02038574941380668
1110 -0.08529407447474038
1111 -0.053870631742211225
1112 -0.005937175916767596
1113 -0.02344369587853029
1114 -0.047430103426025834
1115 -0.0419938474904558
1116 -0.26721553527046576
1117 0.011237036068793449
1118 -0.11091775493697219
1119 -0.07512903004032594
1120 -0.0478825210076413
1121 -0.27799790441380334
1122 0.0999761928920817
1123 -0.20570340573844065
1124 -0.3775850406019792
1125 0.3087804671018749
1126 -0.1763057606650116
1127 -0.08216006456133648
1128 0.028926769201348467
1129 -0.14574045456594148
1130 -0.07824280067577966
1131 0.01927516562176791
1132 -0.033034689854250086
1133 0.04859524078435841
1134 -0.02037947502757742
1135 0.08499948603497746
1136 -0.04706476723978847
1137 -0.0730847908617145
1138 -0.12677393954445623
1139 -0.02544073207212262
1140 0.17762435073839336
1141 0.2193414012640409
1142 -0.03138981784060593
1143 0.08737835286019838
1144 -0.05603681356892681
1145 0.013171009222342451
1146 0.009114765916201962
1147 0.038388081889200155
1148 -0.10934929393933804
1149 0.09546212716991692
1150 0.08790145237627311
1151 0.14394180015558444
1152 -0.019914755362914434
1153 -0.03823313558480656
1154 0.07335457034244958
1155 0.03834369291826821
1156 0.13613714471957145
1157 0.04223069411516988
1158 0.29608911081258643
1159 -0.169125677845796
1160 0.4058063059111497
1161 0.09228377171421413
1162 0.18033441133966688
1163 0.12255534518889859
1164 0.36275467471216244
1165 -0.04934423304106773
1166 -0.5025982799747118
1167 -0.004553505778069944
1168 0.21358348048507633
1169 0.07795600710170035
1170 0.040063707506965085
1171 -0.07776548827776736
1172 -0.0907095757238952
1173 0.10597109976722816
1174 -0.023466242451875993
1175 0.033840147515293455
1176 0.012930127361847876
1177 -0.0037921141514011525
1178 0.0036427370835855344
1179 0.08675529685067356
1180 -0.10956732857256143
1181 0.062028094502325236
1182 -0.11329225214253391
1183 0.12938649838812877
1184 -0.1200518210749789
1185 -0.0369285733591974
1186 -0.029174759851851185
1187 0.011890530236320107
1188 -0.0012440614461347538
1189 -0.05678791197587946
1190 -0.09625913130823327
1191 -0.04417833857640855
1192 0.04234190265663076
1193 0.02720177234623778
1194 0.02557074746426946
1195 0.0968691413991252
1196 0.025337424258614245
1197 -0.018450438092677872
1198 -0.03004066031967759
1199 0.0013894119326477881
1200 -0.0009479851102793652
1201 -0.012966771109335536
1202 -0.02956377234320886
1203 0.04223241898818743
1204 -0.08493335564709582
1205 -0.07325413517021938
1206 -0.005755189064947356
1207 0.04728628753857031
1208 0.023292151009363393
1209 -0.03664181018086055
1210 -0.033692834545810166
1211 -0.015310777003303865
1212 0.017749476295686316
1213 0.15652555387009842
1214 0.08314724147998549
1215 0.24370780656303065
1216 0.1255031195877797
1217 0.1932546692245291
1218 -0.24513301932828127
1219 0.3150046278583057
1220 0.23837404230335626
1221 -0.01015127467802618
1222 -0.04334421703603807
1223 -0.6091412073095175
1224 0.11881554794383856
1225 -0.2145633711362913
1226 0.19233079501531983
1227 0.06401948611277758
1228 -0.0508483757446465
1229 -0.09580296089107354
1230 0.013509412153183608
1231 -0.04767189351360817
1232 0.0039453794734675115
1233 -0.0069268890727085825
1234 -0.0028771241300669537
1235 0.005710371573726924
1236 0.03836726148576986
1237 -0.05621598524691039
1238 -0.045948467577876226
1239 -0.038556136989914044
1240 -0.02665616927712538
1241 -0.06534366014537432
1242 0.06569245702182598
1243 0.143934294006976
1244 -0.17069823323903724
1245 0.04799108390812214
1246 -0.016537411883291508
1247 0.03992375139118729
1248 0.1883026655141322
1249 -0.22833273367234427
1250 0.09069150536491266
1251 0.047707919313591196
1252 0.12281239558317472
1253 0.0731874947975535
1254 -0.3420198761301608
1255 0.07900684775405611
1256 -0.03667687749199365
1257 -0.1034581438660621
1258 0.04397971801289715
1259 -0.18331053099405195
1260 0.06450636952811342
1261 0.029470073527451485
1262 0.1361745308263383
1263 -0.003169135659034346
1264 0.01111323030499643
1265 -0.033383091012871104
1266 0.11339108251449954
1267 -0.0023675546007679844
1268 -0.4454783393272364
1269 -0.18706182385000442
1270 0.02455766939578622
1271 0.048292056316474805
1272 0.09395569713925689
1273 0.00476974124582228
1274 -0.01639561757708605
1275 0.10586023634731559
1276 0.06150054248084416
1277 0.12559758309844574
1278 -0.09235341505427029
1279 -0.32616726800334356
1280 -0.10377805321062962
1281 -0.025210492990680827
1282 -0.1763814812339194
1283 -0.4213109915700607
1284 -0.20514344741212895
1285 -0.10854165511766349
1286 -0.11752286057547986
1287 -0.05271105570955622
1288 -0.3587222068224657
1289 -0.4966310256959606
1290 0.46953114857013883
1291 0.09408624818433454
1292 0.15071862113935722
1293 0.09879472183862564
1294 -0.15178431372073942
1295 -0.4078285757804813
1296 0.12663967063005985
1297 -0.21657404533369434
1298 -0.04370572690715719
1299 0.2612114938002852
1300 0.09654153057955725
1301 -0.04294861533099316
1302 0.06451016617840771
1303 0.16319832035514514
1304 -0.1475264502064695
1305 -0.29543926923969477
1306 0.07738028220239904
1307 -0.046703442478048744
1308 -0.047265321396216
1309 0.004301624128046621
1310 0.10502238586528938
1311 0.6899127431409436
1312 -0.024281896935485502
1313 0.11288266554879227
1314 0.12263548543854451
1315 0.06556788073566538
1316 -0.00826171628063731
1317 -0.03125328809320964
1318 -0.01120835529910274
1319 0.03211453834906451
1320 -0.09649148963842104
1321 -0.014799851051518167
1322 0.023295146933713866
1323 0.04470106616984003
1324 0.10659953252853703
1325 -0.35076290228572843
1326 0.1463902317791168
1327 0.4168963600532583
1328 0.15240373834146798
1329 0.013462180849289802
1330 0.0028708644566517107
1331 0.043236382062915885
1332 0.08837976098157337
1333 0.10361606197197552
1334 0.04238812651017084
1335 0.16259667592542432
1336 -0.0012674388061162589
1337 0.022775524740388207
1338 0.004783109502274691
1339 0.017331038655725214
1340 0.009384602680954802
1341 0.021656809009354558
1342 0.0171943012443742
1343 0.08318592122812127
1344 -0.026652769841736264
1345 0.0682636385357056
1346 -0.1084692514989293
1347 -0.007877932631584579
1348 -0.022041696043452096
1349 -0.045723390798448005
1350 -0.04789312378940825
1351 0.024140466327151958
1352 -0.0863224876147707
1353 -0.08005281764461317
1354 -0.14801540832521998
1355 -0.394143541646368
1356 0.2593167405876771
1357 -0.07146201044039154
1358 0.4147998458564239
1359 -0.018714600185418602
1360 0.16144654121974994
1361 0.22148821246816972
1362 0.18198824503292488
1363 -0.1898878693854917
1364 0.11341926713237488
1365 0.05190370089443888
1366 0.037934282882044854
1367 -0.11227241919630433
1368 -0.038567009158639504
1369 -0.0666925614836443
1370 0.00860042395051979
1371 0.010122194134621898
1372 -0.01659722789734757
1373 0.031406465411026964
1374 -0.053456789607799544
1375 -0.09029681249700253
1376 -0.1730906391074665
1377 -0.17152454133523856
1378 0.3185592392963493
1379 0.042617083174827264
1380 0.01213170492310507
1381 -0.29216532528178196
1382 0.10842694706936126
1383 -0.1765533337875265
1384 -0.02132429114267178
1385 -0.047820021175202024
1386 0.059075441326906716
1387 0.16565273086171364
1388 -0.0467308691250663
1389 -0.06810002523428217
1390 -0.0034920681640906756
1391 0.07785459313189266
1392 -0.2680309810928429
1393 -0.3192897338521181
1394 -0.21453355805449412
1395 -0.016507918358373584
1396 -0.01951141199166404
1397 -0.15627791460632867
1398 -0.1696107519884737
1399 -0.07295812902730787
1400 0.09315138731863606
1401 0.0064506669859725274
1402 -0.2614348459210768
1403 0.21609558630762649
1404 -0.1109655962003321
1405 0.021449974999102502
1406 0.23601477367695295
1407 -0.021899520824330707
1408 0.007257989157306528
1409 -0.09829853265188969
1410 -0.10712195545111104
1411 -0.008605787357434459
1412 -0.043865030631134526
1413 -0.0005158593068919268
1414 -0.015318169085906613
1415 -0.06554071178014534
1416 0.008063582784484474
1417 -0.048881411032265135
1418 -0.013099454296472203
1419 -0.01429609733766472
1420 0.009753171078160752
1421 0.005665017651433426
1422 -0.05344704662277761
1423 -0.043030445843786416
1424 -0.05769634573468251
1425 0.04100063711341336
1426 0.1344198960181521
1427 0.08089206200177752
1428 -0.10506184680870853
1429 0.07673803799446456
1430 -0.11771410972228444
1431 -0.062321186680890955
1432 0.09228409929152995
1433 -0.0014033982865167987
1434 -0.008100464409787024
1435 0.006842018422491962
1436 0.024233797268046847
1437 -0.04917819845125385
1438 0.032369070492447735
1439 -0.016096551474278194
1440 -0.054019936471389814
1441 0.09733439683030462
1442 -0.06722057194912091
1443 0.0004675589795320712
1444 0.01645231265595566
1445 -0.03748667247313189
1446 0.007373306234996317
1447 0.013080144662040934
1448 0.017997190412329684
1449 -0.014653195859613938
1450 -0.039198341482200874
1451 0.0021968357040817923
1452 0.00705171761510839
1453 -0.12544037944040706
1454 -0.1925796258502063
1455 0.025142092362750366
1456 0.13182128833751644
1457 0.09619288368649459
1458 -0.0309655710576214
1459 0.030264654151787102
1460 0.019593690666562146
1461 0.16485250078205632
1462 0.012584609180769694
1463 0.04296455392080963
1464 0.18807105451132572
1465 0.07928606191040978
1466 -0.06365806854134781
1467 -0.02381097361334567
1468 -0.029676445477336607
1469 -0.1318603489287122
1470 0.0017716220959327386
1471 0.09010664296453239
1472 -0.05317135584352542
1473 -0.03611914061560772
1474 -0.09197281978748177
1475 0.2476012491857286
1476 0.17953776154578382
1477 0.42000583694068494
1478 -0.13754190948309777
1479 0.3140923405863912
1480 -0.08638660156287017
1481 0.20744031845469457
1482 0.08771524976236016
1483 -0.01712860654058486
1484 0.09635897224472945
1485 -0.11807213277567581
1486 -0.028375212589191977
1487 0.1216747248553329
1488 -0.04439166163158526
1489 -0.12452689715688649
1490 -0.07737373606831918
1491 0.052727561621955445
1492 0.11008560677738365
1493 0.05246068094593069
1494 0.14229096949428588
1495 0.06501806253370596
1496 0.036381128946689344
1497 -0.20973492457966478
1498 0.3331729802759816
1499 -0.30630170715108784
1500 0.11375080989681277
1501 -0.027643705553731596
1502 0.15857278709576142
1503 0.07090129185926757
1504 -0.06359020858084707
1505 -0.015724613509505575
1506 0.04278652315084994
1507 -0.038957057356561596
1508 -0.16785943060797667
1509 -0.32740010922104473
1510 -0.12109458377349347
1511 0.06002483219779163
1512 0.06211266676286208
1513 -0.01922775648596851
1514 0.057154361733399085
1515 -0.04932833761035989
1516 0.018557222866451374
1517 -0.003110642241499119
1518 0.005757864262094174
1519 0.05173666093580139
1520 0.015445185034048192
1521 -0.03227981340749214
1522 0.06965127574147863
1523 0.036010858688800954
1524 -0.008981937856975812
1525 0.026622555378704543
1526 0.04378265642356505
1527 0.001950621631642104
1528 -0.07732014590821051
1529 0.0885145086527225
1530 -0.0392065867576551
1531 -0.046002042080867306
1532 0.03525245326029355
1533 0.06590240714324984
1534 -0.13764735615123974
1535 0.0846252324860545
1536 -0.15196973733586494
1537 -0.22562937978288394
1538 0.14428646514985358
1539 -0.013554810279490306
1540 -0.05852871351183642
1541 -0.010866074810579445
1542 -0.06202514440193121
1543 0.023367672849482643
1544 0.07131279999063432
1545 -0.044897054789828826
1546 -0.17448181671171817
1547 -0.019295591120989723
1548 0.02323449472209382
1549 0.018635672430091982
1550 0.035483229434552954
1551 -0.15160066061494978
1552 0.073852542610275
1553 0.0036835764936060233
1554 0.11945937606235452
1555 0.004177273888741663
1556 0.001005507329748207
1557 0.12099727934705755
1558 0.03651684180244737
1559 -0.06397772281926434
1560 0.1258312258701033
1561 0.050625090668146105
1562 -0.05099614554612905
1563 -0.09557966649355194
1564 0.016932780412207218
1565 -0.09968968542736246
1566 0.014777547947349996
1567 -0.049675623096630185
1568 -0.052114256759809484
1569 -0.20225062203373476
1570 -0.0403686591043914
1571 0.03529629945704311
1572 0.02796816571168306
1573 -0.06054149105828457
1574 0.07962257576861839
1575 0.07240570938875397
1576 -0.02683877130712984
1577 0.009086460570152926
1578 -0.021067758873662957
1579 -0.023066479718948096
1580 0.12665162786948186
1581 -0.193330170271742
1582 -0.09739001558950934
1583 -0.07669084072026051
1584 -0.08967361430547467
1585 0.0597866470948964
1586 -0.03989148119558356
1587 0.005953798511115311
1588 -0.003719715975088867
1589 -0.01215280736369466
1590 0.01676692878465661
1591 -0.027439716167559376
1592 0.1271246431201285
1593 0.0017715323402615849
1594 0.05669363600877686
1595 0.1505454486075511
1596 0.06021838856732964
1597 -0.021957891772524343
1598 -0.12366792908176827
1599 -0.039962876412892846
1600 0.015327053212092915
1601 -0.1499306690845377
1602 -0.049460179736464834
1603 -0.1161964612941297
1604 0.017454565302470436
1605 0.009558591893164806
1606 0.027229973597393
1607 -0.038904107549958135
1608 -0.04512747930700213
1609 0.0037440009361765733
1610 0.002345164209975329
1611 0.10778898486555981
1612 -0.20796058104699783
1613 -0.057582417283657164
1614 0.02259467197435856
1615 0.026669475124619625
1616 0.10283362119173844
1617 0.01673824286135713
1618 -0.03802853108544612
1619 0.15134212270551467
1620 0.3231741335629042
1621 0.06759622393678678
1622 0.2757890449892307
1623 -0.03987337064959994
1624 0.07390694627617742
1625 -0.09006763971286964
1626 0.20038252546913032
1627 -0.4937660746694846
1628 -0.20756210223357016
1629 -0.25193300109026395
1630 0.44925555930331884
1631 -0.4221313228453073
1632 -0.18350785951519885
1633 0.052102573236401856
1634 -0.18934259546028942
1635 0.14062692684783376
1636 -0.13005229953212308
1637 0.01566715522264784
1638 -0.036150281619084804
1639 0.20744770109777785
1640 0.12649111902177834
1641 0.0017330861927701679
1642 -0.15839087401696064
1643 0.007942229777400289
1644 0.03467060421011122
1645 0.03889883237796938
1646 0.07556297654226135
1647 0.048257018227277806
1648 -0.022675999619461536
1649 0.0007744147523454959
1650 0.01456082798292999
1651 0.06602017150322842
1652 0.024487332465495372
1653 -0.003624961862578157
1654 0.0281224010412902
1655 -0.0004524263244231202
1656 -0.15274940060391698
1657 -0.0440487303020241
1658 -0.003139821275741238
1659 -0.001695907357683529
1660 0.14914746610562601
1661 0.15347241063404618
1662 0.19162499538706645
1663 0.21088233350613975
1664 -0.07027779420923067
1665 -0.0015579548130479255
1666 -0.0625674410128056
1667 -0.052795257336891416
1668 0.030498684053987292
1669 -0.2882501123994305
1670 0.212848537675958
1671 0.21179549128552727
1672 -0.03665457636297726
1673 0.012911207662544508
1674 0.05559497706414065
1675 -0.008560123028590627
1676 0.018489346265599012
1677 0.20823306466002803
1678 -0.0628126399654664
1679 0.021090439528836838
1680 0.0019328318323325042
1681 -0.005399928892666332
1682 0.010888260470613928
1683 -0.04953645782945776
1684 -0.06054611967384179
1685 0.012486164475908949
1686 0.02124560815302926
1687 -0.01570441144281832
1688 -0.060927013479021186
1689 0.058770440315506677
1690 -0.11705610626673489
1691 -0.3329719797521385
1692 0.21555110681600198
1693 0.13636915901367122
1694 -0.14480793122561603
1695 0.08908211775182914
1696 0.08768150206052916
1697 0.04728135937495572
1698 0.03060046852116709
1699 0.1037510920402081
1700 -0.11657218673608126
1701 0.12991525238328855
1702 0.19252282256619788
1703 0.037517625509841224
1704 0.06945524123931386
1705 0.45284504908257495
1706 0.23904158795699793
1707 -0.1597209796672866
1708 -0.09560394826729007
1709 -0.11088271735095148
1710 -0.1578148951029916
1711 0.018238492672802194
1712 -0.12207726362809489
1713 0.06430762864489434
1714 0.34059684366277726
1715 0.2673746624401567
1716 0.6398736220996059
1717 -0.1539935246198056
1718 0.023421876822019908
1719 -0.022865939257334537
1720 0.010306102163674495
1721 -0.108801216009178
1722 -0.05587661972327483
1723 0.04298309228289675
1724 0.1133676572992395
1725 0.08950268525977656
1726 -0.056939629078704
1727 -0.142637178206367
1728 -0.030464413217661957
1729 0.08714968165434683
1730 0.0377615935905182
1731 -0.08224620553768316
1732 -0.02594411702428317
1733 -0.029468212284843785
1734 -0.0066583771171433445
1735 -0.043431225104972736
1736 -0.14900657388395003
1737 -0.07807666547517475
1738 0.0965504028135562
1739 0.33214409262568495
1740 0.08444469465059332
1741 0.18886766871558258
1742 0.11220532112407892
1743 0.1096832317749936
1744 0.1330153439117303
1745 -0.0571761576028697
1746 -0.3677528428762283
1747 0.5794154470357153
1748 -0.10118773003885603
1749 0.16619605330982873
1750 -0.040783695150557187
1751 -0.051818201937752474
1752 -0.11641683551058829
1753 -0.09285601482881195
1754 0.1670521956503656
1755 -0.1528642563151138
1756 0.037630148940738704
1757 0.006694083824940889
1758 -0.008285637468582166
1759 0.17814603768431572
1760 -0.6455098994845165
1761 0.0005313762175032637
1762 0.1167712645747235
1763 0.06514700701231618
1764 0.03484703579322297
1765 0.01388023715903311
1766 0.1058342680418925
1767 0.1966391585825609
1768 0.003175819313200913
1769 -0.03437046605395551
1770 -0.01538356881386499
1771 0.006584026682130472
1772 -0.14969893490626193
1773 -0.15352823890693665
1774 0.07206274850470955
1775 0.16708900517448833
1776 -0.11552404514100707
1777 -0.11726092767834632
1778 0.23328022629313955
1779 0.17682803987494827
1780 -0.24061681382930805
1781 0.01859528814389532
1782 0.04357076362127195
1783 -0.3177696219361835
1784 0.02509521650477617
1785 0.16847309461119736
1786 0.1800519237727934
1787 0.18129353116192257
1788 -0.03274946236255106
1789 -0.05622742329893418
1790 0.028848253620421517
1791 -0.0042945758693633
1792 0.0700206324257298
1793 0.1012323159221052
1794 -0.07533505218226365
1795 0.04424815918722258
1796 -0.030160057890991798
1797 -0.09231183426990718
1798 0.0884074594116815
1799 0.00038238598663307044
1800 -0.0040573512565031606
1801 -0.05137444231962982
1802 -0.08763044287527791
1803 0.0278779132952914
1804 -0.0006858329254182847
1805 -0.021101670447303076
1806 -0.02043125613921811
1807 0.009259639439029643
1808 0.0027364506958846924
1809 -0.025497226306938965
1810 0.004529457558708289
1811 -0.03122238894463895
1812 0.01640234629869335
1813 -0.01927873031104581
1814 -0.0801459084741822
1815 0.001730513499192373
1816 0.02103876800375813
1817 -0.031311456819900337
1818 0.04013310479772356
1819 -0.04131184681722521
1820 0.07369443702128359
1821 -0.27543343711102997
1822 0.10962237798422535
1823 0.1535286675405865
1824 0.006726537399302601
1825 0.1662367001095896
1826 0.018734335709900286
1827 -0.06436433206427473
1828 -0.07179039282566796
1829 -0.1396835727728715
1830 -0.10469586903598009
1831 0.007370130879765826
1832 0.14067402235638293
1833 0.01784969814143189
1834 -0.14292926478269116
1835 0.07231002962403836
1836 0.15041217271375745
1837 -0.20809946300545554
1838 0.07971629370344345
1839 -0.20425732911430858
1840 0.011356809339920754
1841 -0.009982463343712722
1842 0.05794053620890754
1843 -0.025263184646548906
1844 -0.015696517917755524
1845 -0.0156272901278231
1846 0.03464415895825407
1847 0.11469608224845051
1848 0.004750313251068586
1849 0.030847090106630583
1850 -0.002803932239046962
1851 -0.07785772671798785
1852 0.03213235100224784
1853 0.12495893497465724
1854 0.0003702062452660058
1855 0.0007502034158082424
1856 0.2078018540661489
1857 -0.10351678589750696
1858 0.16898458118290044
1859 0.1354064302308422
1860 -0.08003291166220199
1861 0.24109450801906734
1862 0.05803139184930243
1863 -0.0388095537047461
1864 0.041355591959829345
1865 0.14138222414024382
1866 0.05471366335933301
1867 0.03652887968329155
1868 0.13132877459804668
1869 0.22544375295318356
1870 0.07039207691626809
1871 0.14031226095576838
1872 0.022283343483027233
1873 0.03177136601537074
1874 -0.23008566963070418
1875 0.10292970422339544
1876 0.20869820327611396
1877 0.14220843155261473
1878 0.0326232251182254
1879 -0.10275663776011164
1880 -0.06556519058929583
1881 0.11458867680459017
1882 -0.06205730269413241
1883 0.072230755777895
1884 0.08941314301255654
1885 -0.058864352321673044
1886 0.11620841910039548
1887 -0.019700092592095014
1888 0.0032877858899753865
1889 0.08668078067974876
1890 0.023589428419068158
1891 -0.0044579559190904335
1892 -0.005450857062503471
1893 -0.014182761754032675
1894 0.0016172159173393527
1895 -0.01588410198628977
1896 0.0033666298725833917
1897 -0.016000570849114663
1898 -0.007767908016923967
1899 0.013533923623143002
1900 0.026875753267245138
1901 0.06151881923357775
1902 0.04154971769733829
1903 0.03161205395784414
1904 0.005148044277713428
1905 -2.3500964052196273e-05
1906 0.23539276928087166
1907 0.005526116452579476
1908 -0.03084154368965601
1909 0.036249228264679086
1910 0.02624769338966656
1911 -0.001074530073614222
1912 -0.017242736893340764
1913 -0.03820036816985373
1914 0.01314202792717943
1915 0.002414668904021344
1916 -0.021412391695127604
1917 -0.01540986211487765
1918 0.03808954776041485
1919 0.014832020103588183
1920 -0.013224846700860535
1921 0.04182713471891683
1922 0.004097144029965546
1923 -0.020127827975900407
1924 0.0008109519864452028
1925 0.004285542730048817
1926 -0.054641738888074706
1927 0.06302063084383021
1928 0.0017371059563666678
1929 0.05960689675784209
1930 -0.003913963801710637
1931 0.015230236734534455
1932 0.0022766255564287173
1933 -0.05261877512474799
1934 0.04638168852578348
1935 -0.013022868083144897
1936 -0.09632815814336314
1937 -0.12236207914017215
1938 0.02619294977866316
1939 -0.15746174584929293
1940 -0.01909382447279093
1941 -0.1911706593221415
1942 0.050549589493240066
1943 0.2159739198310292
1944 -0.05263117568539646
1945 0.03138429397454978
1946 -0.020088388021521325
1947 -0.05178702017021201
1948 -0.11647272317426571
1949 0.028970460290520732
1950 -0.06811978081484496
1951 0.002619230282005108
1952 -0.049270529366619104
1953 0.1688064413868694
1954 0.14089240740232176
1955 -0.1613338785411419
1956 -0.36154876239240025
1957 -0.12117615478191202
1958 0.35927747867842197
1959 0.5099942049572105
1960 0.4086924420662073
1961 -0.41665408374662155
1962 -0.24910935014827004
1963 0.04754950192152728
1964 -0.029724266923400584
1965 0.0009851468837216507
1966 -0.04402359638555347
1967 -0.005618035230292276
1968 -0.03983669522382549
1969 0.06769294915425968
1970 -0.00047249885255369915
1971 0.0813787484944052
1972 0.005552803412584744
1973 0.11829757869930911
1974 0.07518830740409496
1975 0.16841735749159478
1976 0.22923931567735417
1977 0.22153600109103747
1978 -0.5200972952274856
1979 0.1636273321681225
1980 0.049923546710774244
1981 0.12667272300304375
1982 0.025749282720456988
1983 0.10405165171504521
1984 -0.21625231821432045
1985 -0.04176340886330064
1986 -0.055566802765497754
1987 -0.2514800566267143
1988 -0.08036707146731038
1989 -0.14002011631958558
1990 0.014069739724112301
1991 0.16849796885684498
1992 0.08235912426985416
1993 0.10174737284121947
1994 0.026212474681096016
1995 -0.016014872476476656
1996 0.09135222300068103
1997 0.08147043429012886
1998 -0.2484017540592712
1999 -0.2536930688891522
2000 0.35849409901148754
2001 0.043701109291090036
2002 -0.015756828587612005
2003 0.007649283832202012
2004 -0.06473191863351249
2005 0.14725416819622916
2006 0.10250422397061457
2007 -0.030781118769390624
2008 0.08545365519033585
2009 -0.0544212743851113
2010 -0.013295493867774368
2011 0.045192713396744105
2012 -0.01288574186334819
2013 -0.016272929134309496
2014 0.0392649134189706
2015 -0.002141914686381061
2016 0.08614381243248158
2017 0.06409491442376668
2018 -0.0021617118596581565
2019 0.006753442290623665
2020 -0.0069361637735765305
2021 0.055279612493664004
2022 -0.018314550510905397
2023 -0.029906100540989855
2024 0.03601730861368036
2025 -0.0072961183044333135
2026 0.0034437746906171513
2027 -0.0361505164953922
2028 -0.017276580466827337
2029 0.08091953873070123
2030 -0.18400709035847956
2031 0.24234305627195832
2032 0.11036855999382135
2033 0.11892504578531568
2034 0.14698933250932186
2035 0.5660125671562833
2036 0.1716680350982995
2037 0.036902082133232345
2038 0.03058484433572459
2039 0.022942707161613583
2040 -0.09348528176088329
2041 -0.08874255206617068
2042 -0.09131840839235583
2043 0.0841496964851169
2044 0.031269333346498805
2045 -0.016531455243101567
2046 0.008419635258453422
2047 -0.03330392247063175
2048 -0.006463790235185896
2049 0.009891733045967998
2050 -0.037121673997470156
2051 0.03132114020737355
2052 0.0015737786757200026
2053 -0.0347704260916636
2054 0.013734854393252147
2055 0.029195319400064545
2056 -0.03754058698377308
2057 0.003178896557747648
2058 -0.06167739540116169
2059 -0.03213376182578718
2060 -0.025278294378564936
2061 0.018377532026821408
2062 -0.0631188147086165
2063 0.018995401044083534
2064 -0.05879636429883933
2065 0.0817081951714774
2066 -0.022751416860087675
2067 -0.016635096931255564
2068 0.012420759342373697
2069 -0.016393508384312395
2070 0.006533264792195899
2071 0.014171745209041117
2072 0.013030150763070422
2073 0.008601076752312661
2074 -0.00012111684262270552
2075 0.015396359670364448
2076 -0.017138955731514735
2077 0.012847730830384966
2078 -0.012140029724423691
2079 -0.016465484638830425
2080 0.03251755584334436
2081 -0.016808580109853984
2082 0.014223333280054437
2083 -0.028134372196974667
2084 0.0872525256095529
2085 0.07980595163655534
2086 -0.10541247810044324
2087 -0.2208988204218278
2088 0.09193542295630622
2089 0.22773019288575136
2090 0.2085843442177971
2091 0.11694530262643346
2092 0.23264021211922445
2093 -0.005644624954190842
2094 0.04811373447171627
2095 -0.10532938589804079
2096 -0.010068488876261028
2097 -0.06847072788985155
2098 0.005571419749370232
2099 0.012957522588025414
2100 -0.010267360152684356
2101 0.049586453106068205
2102 0.044460151904384286
2103 0.009429514371425652
2104 -0.052652362971827266
2105 0.07132670310506274
2106 0.02331943892288308
2107 0.027234057526144276
2108 -0.028793896631580017
2109 -0.012123187925645353
2110 0.005286169946111729
2111 0.029936857220906797
2112 0.005360367923500005
2113 -0.030015917549429377
2114 -0.02784194701382871
2115 -0.025476350929475356
2116 0.07588575498455576
2117 0.21254855740437326
2118 -0.01160891936778525
2119 0.05612241696668944
2120 -0.028307478499809125
2121 -0.021607160602191457
2122 0.004101021843317501
2123 0.011687329418216014
2124 0.014426125722091093
2125 -0.01029405814448909
2126 0.005568472270015532
2127 0.05096772678609441
2128 -0.004732651107520882
2129 -0.09236478378078969
2130 -0.022360417867146116
2131 0.0069972047813563224
2132 0.010689432346482576
2133 -0.01572615334304141
2134 0.021982208421012204
2135 -0.020359157479586918
2136 0.012113032137515209
2137 -0.0037923178291952068
2138 -0.03674284180323904
2139 -0.025997503972089536
2140 -0.0007176516342310156
2141 -0.011324873300052173
2142 0.011035583365020678
2143 0.007767430717295518
2144 -0.04324980932523141
2145 0.030292534576177504
2146 0.023845952526795812
2147 0.050285290681586756
2148 -0.007375815461520516
2149 -0.043200346247864764
2150 -0.05510876265574394
2151 0.022747931389688454
2152 0.05371406437986718
2153 -0.0760922988272366
2154 -0.014076064485220956
2155 -0.04013829989344605
2156 0.08708102144298244
2157 -0.05550169103084134
2158 -0.005097624108667365
2159 -0.040794164742702595
2160 -0.04118083024048516
2161 0.012478530071068625
2162 0.029720315998288335
2163 0.01300293267252779
2164 -0.01576428546573525
2165 -0.0037824814652075
2166 0.012974931337019185
2167 -0.049394284223651184
2168 0.03641542016477533
2169 0.0203340179321058
2170 -0.028255069912609874
2171 -0.03125184249551604
2172 0.005502597045839613
2173 0.08990119293576651
2174 -0.033369272143910396
2175 0.11085020286707663
2176 -0.03939284717988511
2177 0.2339631288295799
2178 0.28922416737861867
2179 0.013240909194379714
2180 -0.003215947338849017
2181 -0.13487256129868508
2182 0.2137700417972583
2183 -0.12489274615421297
2184 -0.009858262385296005
2185 0.18023534929860194
2186 -0.16274457236215345
2187 -0.24064776707905822
2188 0.07762827480272358
2189 0.13504384772816933
2190 -0.15880073844862275
2191 0.007610691133695381
2192 -0.051024123529853506
2193 0.044806632944618126
2194 -0.022408553578908294
2195 0.04098009015124747
2196 0.005358064453444742
2197 -0.09441417361242067
2198 -0.12231960918631113
2199 0.007938709925305917
2200 -0.03287364167791884
2201 -0.0054194683108348424
2202 0.041980945466186165
2203 0.06622404954633421
2204 0.059637948153318986
2205 -0.0074415048142843915
2206 -0.0068552474083014795
2207 -0.005986489184739482
2208 0.0030791616284507233
2209 0.02328948151390008
2210 0.03684223423046861
2211 0.014086158839775736
2212 -0.019409687467581836
2213 0.03093140287057292
2214 -0.037665101952542926
2215 -0.10199085774476586
2216 0.014609862727431764
2217 -0.02825456851678838
2218 -0.10170535496362829
2219 -0.113693196862436
2220 -0.11397187040213763
2221 0.10804024588083391
2222 -0.04121609984041673
2223 0.03831702189844669
2224 0.07593732693074294
2225 0.015421163767749907
2226 -0.010509653906306118
2227 -0.026622697796103767
2228 -0.5211238186265811
2229 -0.3082556417758872
2230 0.6260914378577354
2231 0.2720773512624157
2232 -0.022084734178405587
2233 -0.05688699437404772
2234 0.21936527082476417
2235 0.14390085802978364
2236 0.008856607935015337
2237 -0.045813375898133196
2238 0.06849444514707005
2239 0.058186380748411926
2240 -0.006991284245642032
2241 0.06798547986578506
2242 0.003196420235834491
2243 -0.1357481313309901
2244 -0.08127527187819884
2245 -0.006611051809814042
2246 -0.1314929099351692
2247 -0.41869041558845926
2248 -0.028337877238874397
2249 0.0921366672909307
2250 0.06515414173349995
2251 0.10028757489323797
2252 0.021755522504591358
2253 0.03362719735960278
2254 0.03935210049888689
2255 -0.15728991852179558
2256 -0.03647020830866059
2257 0.01969077113593979
2258 0.02163481271457969
2259 -0.008324830791489095
2260 -0.010189558913456857
2261 0.042567365574041574
2262 -0.017004760533110938
2263 -0.04605481319394175
2264 -0.03020161732386526
2265 -0.02816428198462419
2266 0.09235018275610074
2267 -0.12208794520014891
2268 0.012507218943702741
2269 -0.08216774939779602
2270 -0.06651679884553316
2271 0.08997265402850692
2272 0.006360582557206169
2273 0.051717329717199716
2274 0.04729418107306458
2275 0.015011395162631396
2276 0.05419747883882582
2277 0.009976293509024823
2278 -0.11123891952596462
2279 0.15316888277258153
2280 0.0024119805848433133
2281 -0.04519569307738273
2282 0.06545302270487943
2283 0.13476728860462397
2284 -0.10861106939591239
2285 -0.00235549433283981
2286 0.10586957201026861
2287 0.08120717162966372
2288 -0.05572002439296974
2289 0.045408556065128114
2290 0.030148585912073585
2291 0.09509088148676484
2292 0.0013997392357617824
2293 -0.03306602295746847
2294 0.058806322445942465
2295 0.07491292361129445
2296 0.011520113094931596
2297 0.19818289942801087
2298 -0.18411328528000112
2299 0.20451315268056755
2300 -0.04611609249295018
2301 0.05708634284910142
2302 -0.06859120498385535
2303 0.03885725156222947
2304 0.40887045328117066
2305 -0.07173803858155485
2306 0.2848387422211309
2307 -0.38456877406310147
2308 0.2917933181572701
2309 -0.15715094750278769
2310 0.11807650026150251
2311 0.24865223222742652
2312 -0.13210054771922405
2313 -0.22430551841962632
2314 -0.06128750652710322
2315 0.04492725706713572
2316 -0.033718030234558466
2317 -0.0025910335915651367
2318 0.020295123656146528
2319 0.04726031355240681
2320 0.044581924359217526
2321 0.06123108470078375
2322 0.023440679508539283
2323 0.00043529490205551467
2324 0.008840549316441258
2325 -0.05296044717905343
2326 0.03600016195445944
2327 0.06521885185920898
2328 -0.14505878522146415
2329 0.18581704496008122
2330 -0.0877075605634285
2331 0.004541044338389369
2332 -0.12119739134232564
2333 -0.10837116446049999
2334 0.051140382265321464
2335 -0.11299068222217146
2336 -0.11065471207701044
2337 -0.054177925700309805
2338 -0.007628211156427295
2339 0.06784443816708811
2340 0.014154522788384347
2341 0.12467270000620037
2342 0.06199084576259145
2343 0.04960227807624003
2344 0.03426802664193033
2345 0.00042314900480038497
2346 0.022065615825488927
2347 -0.001060243789590008
2348 0.08668535078900234
2349 -0.14959910349138833
2350 0.014425478840611383
2351 0.0676133435186462
2352 -0.01558512960689511
2353 -0.06173506508829677
2354 -0.038384023071776005
2355 -0.008210457793655061
2356 0.12296682140545112
2357 0.09707333938089843
2358 -0.053130018007871205
2359 0.012239309300119463
2360 0.06787966060047021
2361 0.19524283407550003
2362 -0.4125196487579972
2363 0.12388617465412455
2364 0.1400873923645557
2365 -0.28744964182581734
2366 -0.04520564079211614
2367 0.12157549774963021
2368 -0.2072508685948068
2369 0.2768889932101935
2370 0.16753848427474802
2371 -0.012069732370159809
2372 0.05665115748202914
2373 -0.23061724823795823
2374 0.06465030401065987
2375 0.020389292738764074
2376 0.07432815247299603
2377 -0.00045392325317488
2378 -0.018346582552807692
2379 0.004689574584010374
2380 0.010665630680915725
2381 -0.019467094255826597
2382 -0.0636748490111099
2383 0.005737413987282657
2384 -0.06361541079098014
2385 -0.20278617380042938
2386 0.09776916665452552
2387 -0.025173433004077105
2388 -0.1508144070788658
2389 0.30028229007034846
2390 -0.1548790206551997
2391 0.4565976795217413
2392 0.15417686226619648
2393 -0.046722374901208716
2394 0.13414846577030362
2395 -0.16514692912335277
2396 -0.02443961477135364
2397 0.003241964249185744
2398 0.03216268255824381
2399 -0.01146995556181584
2400 0.04334737963228218
2401 0.053537951942046316
2402 -0.061902212487063284
2403 0.21507262329397484
2404 -0.632209539072044
2405 -0.035228291022569504
2406 -0.41013695814570844
2407 0.021143346598915966
2408 0.12289712956454506
2409 0.057963246881612376
2410 -0.015047481441354166
2411 -0.05462294776833536
2412 0.09887127544918196
2413 -0.037639162377218066
2414 -0.27078216160134333
2415 -0.028725918880618765
2416 -0.05992785927358732
2417 -0.10985376617086492
2418 0.1278972310950549
2419 -0.025051791500733115
2420 -0.020017858000589518
2421 0.054625020564725256
2422 0.011064358870446883
2423 -0.0008779771435024247
2424 0.03431275634410491
2425 -0.012261716389216026
2426 0.10801067496507694
2427 -0.018344803431930103
2428 -0.1585148039227217
2429 -0.028176770575513266
2430 -0.13924398019735604
2431 -0.2689925684961696
2432 0.1281645007646209
2433 0.2933086948493375
2434 0.12649634975890162
2435 0.15047684850387386
2436 0.20301897537232033
2437 0.12655266286690986
2438 -0.29007710552070715
2439 -0.008250881963624114
2440 0.1948010081388195
2441 -0.023604670899531364
2442 0.4884955526352896
2443 -0.007745476944378457
2444 0.004471710728037094
2445 0.0664917120867097
2446 0.16855083886983943
2447 -0.08540113661996179
2448 0.16195369055467077
2449 -0.15475436076825289
2450 -0.016092150551419406
2451 0.014045403914340898
2452 0.005931541536600895
2453 -0.021895131495038987
2454 0.00975926589963891
2455 0.13292972900526942
2456 0.04735000913979806
2457 0.15755775205127506
2458 -0.11498610664598666
2459 0.0572761803191054
2460 -0.027822054783793407
2461 0.021822386815239528
2462 -0.0709195636368146
2463 -0.0577063183375771
2464 -0.051649050775073424
2465 -0.0860686523199738
2466 0.22303092168126648
2467 0.036776737480350576
2468 0.1143552552445628
2469 0.1432767876685438
2470 -0.018530824944357892
2471 -0.4797655765475998
2472 0.09602742386474176
2473 0.13336495341001206
2474 -0.2291564613307815
2475 0.12725637515824367
2476 0.11705559644465736
2477 0.5645024805396794
2478 -0.23144875920933589
2479 -0.11424230315797262
2480 0.37252645194061684
2481 -0.1613383389621481
2482 -0.02268206224793778
2483 -0.13175182376479752
2484 -0.07068021542392486
2485 -0.02766553604922384
2486 -0.07236679491429296
2487 -0.060108809881572696
2488 0.0065510800019239306
2489 -0.0994375014031179
2490 0.07466317220023229
2491 -0.17380870454980935
2492 -0.09479695253527806
2493 0.11275630419289888
2494 0.06514464351765782
2495 0.036021683972091226
2496 -0.01168167441163042
2497 -0.0015574491014429279
2498 -0.06270554177965408
2499 -0.13749447457086908
2500 -0.07710997330889763
2501 0.19121866073588462
2502 0.015527399605282328
2503 0.12180740836421446
2504 0.06052244371791651
2505 0.06277774079248515
2506 -0.12241467022368904
2507 -0.05870386971299381
2508 0.027595046430471563
2509 0.011648526478104567
2510 0.05972389422133548
2511 0.05244306343327841
2512 -0.20472189556711543
2513 -0.09365388812931806
2514 -0.04995091573407517
2515 -0.16456988247786733
2516 0.003763397617490012
2517 -0.09547373219258606
2518 0.01847680960180629
2519 -0.022348755171705634
2520 0.05488005515760077
2521 0.12279448527489796
2522 0.07416132188221197
2523 0.07116255013706928
2524 -0.18269158817902473
2525 -0.15411570979491448
2526 -0.02558783565445674
2527 0.11949812018036617
2528 -0.0666302740714701
2529 -0.028787306904383244
2530 -0.02131518537398839
2531 0.014433017107950837
2532 -0.046092288715474626
2533 -0.02181676001678895
2534 -0.1759229774828235
2535 0.052599706769634234
2536 0.03455603897158601
2537 -0.09997499759497004
2538 0.1723237749810518
2539 -0.08405627747352869
2540 0.12838206649781558
2541 -0.06085967157415495
2542 0.0038815612757589118
2543 0.14530607954805752
2544 0.15174144144576548
2545 -0.30981230391802966
2546 -0.1669985129105179
2547 -0.2411187214553378
2548 -0.1314848106065432
2549 0.15728317783141738
2550 0.19531349013920876
2551 0.05661715849815111
2552 0.326280270549102
2553 -0.08243010215997788
2554 0.03373211048412224
2555 -0.0004070989772284324
2556 0.016752486404202512
2557 0.022922563513353825
2558 0.0015858445170474679
2559 -0.075356799159816
2560 -0.05745563789886091
2561 0.07122028681707594
2562 0.01096332939146836
2563 -0.018341545760082706
2564 -0.0023378919612738326
2565 -0.06307445885803689
2566 -0.0048995092506663816
2567 0.0658102296341619
2568 0.0177901689249029
2569 0.044982021288893455
2570 0.052259949927869524
2571 0.026358132453640642
2572 0.10860606660686978
2573 0.06840073216176852
2574 -0.09644992705544259
2575 0.08505878291392405
2576 -0.10390349454370508
2577 -0.07339034041924462
2578 0.04274903624682153
2579 -0.01531924935880734
2580 -0.006531118989187705
2581 -0.08551590710380069
2582 -0.008233058799048372
2583 0.07349402064576586
2584 -0.10843146734926598
2585 -0.013297178564800602
2586 0.09841871341787317
2587 -0.012778602802479829
2588 0.05301519749552644
2589 -0.018909087674264462
2590 0.00983575904677417
2591 -0.014665259459946525
2592 0.008412582233232596
2593 -0.03379680309491895
2594 0.039895550508418406
2595 -0.049332056461291705
2596 0.011897043257679932
2597 0.014481662897631576
2598 -0.02378963198012162
2599 0.08454590317954776
2600 -0.06769881260312054
2601 0.02817858806821361
2602 0.05905835440397684
2603 0.07753063513538909
2604 0.016499838858494455
2605 0.016830052570647614
2606 0.009992767626350374
2607 0.07474137103964401
2608 0.07592790288739229
2609 0.11526622747587868
2610 -0.014792782318306691
2611 0.021285872082619124
2612 0.019864153507613638
2613 -0.011379556867768573
2614 -0.03458258162035132
2615 0.012944409078378653
2616 0.07261560466226037
2617 0.12805567221186914
2618 0.011267508868605645
2619 0.07723632775793428
2620 0.03498634266425937
2621 0.18413756386877267
2622 -0.19516898620396614
2623 0.4863995211632077
2624 -0.1831405037834856
2625 0.34241286056627784
2626 -0.08543335671864448
2627 0.19419590944767517
2628 0.024237260722245007
2629 -0.033520626699025044
2630 0.0023303339334178517
2631 -0.1231958304849008
2632 -0.000646074031409238
2633 0.04512490202216154
2634 -0.2101728027244575
2635 0.12359291763711838
2636 0.13445616215789133
2637 0.11017464657657669
2638 0.10015198257291548
2639 0.06371603192540816
2640 0.05119813769173808
2641 0.043618128754289505
2642 0.05118681828685869
2643 -0.16017470329698913
2644 0.35490253996816223
2645 -0.1253631329382454
2646 0.11906710153061258
2647 0.07334306222732896
2648 0.18846719805651801
2649 0.15236795579040657
2650 0.07947312962692743
2651 0.05537063056677617
2652 0.011846710711215605
2653 -0.04409712870997377
2654 -0.2677066133792448
2655 -0.38382656326311476
2656 0.20620930755723457
2657 0.17909823138395656
2658 0.15183540296952985
2659 -0.04355398251240208
2660 0.05958120438965275
2661 -0.011347899988821844
2662 0.15160680210524038
2663 0.013569306296028323
2664 0.400920399693533
2665 0.05494291484327095
2666 0.1649270047112473
2667 -0.11655752083515442
2668 0.06615745576188634
2669 0.10903999521993958
2670 0.008412620386834801
2671 0.10573735612857514
2672 -0.00045458938547994043
2673 -0.1201061895759469
2674 -0.13868203745286942
2675 0.03568932691696198
2676 -0.005175807439693229
2677 0.06704517554211961
2678 -0.014984808941467002
2679 0.08336544699098984
2680 0.044954489387961705
2681 0.10589299527265462
2682 -0.14327823171452395
2683 -0.09329298777996536
2684 0.24840449467554265
2685 0.07213133039802999
2686 0.06940310641302883
2687 -0.1934537219003016
2688 -0.06761398055554398
2689 0.015142273770318994
2690 0.15543601680472113
2691 -0.01302495386029609
2692 -0.15891788333288598
2693 -0.06762425788535921
2694 0.03754620034411595
2695 0.07326066483539657
2696 -0.13521055512393848
2697 -0.2587207331503965
2698 0.07964015838792866
2699 -0.01583003001188506
2700 0.11622056502557689
2701 -0.0026240150819193155
2702 -0.026614184387774725
2703 0.13651473753999635
2704 -0.042673097510299414
2705 -0.04033290089393157
2706 -0.06609553884346979
2707 -0.0229439481479089
2708 -0.037610839615758694
2709 0.007991026947209321
2710 -0.018133250632042904
2711 -0.047881330202151226
2712 -0.08327460348881421
2713 -0.024414081007252883
2714 -0.09735921710687173
2715 -0.27131258666650987
2716 0.03441768183198501
2717 0.024107084629029725
2718 0.022985740051578142
2719 -0.04419537177697443
2720 0.03004884384672122
2721 0.04063246425624746
2722 -0.029402298081975094
2723 -0.12665022323937597
2724 0.009847108658733145
2725 0.07055746507028138
2726 0.061873634243912436
2727 -0.2219971171124478
2728 -0.08861789815844569
2729 0.017464571482256608
2730 0.05197910940477767
2731 -0.0834545081107811
2732 0.17606013546541457
2733 0.019133962181553887
2734 0.004657503983764774
2735 -0.035445305432997704
2736 -0.011387700486228024
2737 -0.03378104867532515
2738 0.17836567071949838
2739 -0.17846687786177687
2740 0.08206878437032972
2741 0.011787845946168992
2742 0.0405185427685443
2743 -0.037617362903334325
2744 -0.048713889235134256
2745 0.027411338939618755
2746 0.09202629038212717
2747 0.013515169284945215
2748 0.04349256765542107
2749 -0.03641475540414869
2750 0.1815468650635476
2751 0.09924438598090854
2752 0.39293205473195736
2753 0.21504125921505948
2754 -0.005231069798865217
2755 -0.031926984175455586
2756 -0.04369521188019647
2757 0.11102988808288744
2758 -0.26274568030526535
2759 0.03856275118284182
2760 0.01349087765178391
2761 0.03226004877844305
2762 0.07506922215429684
2763 0.09679751193174654
2764 0.028391229221435194
2765 0.07044099557299002
2766 0.28865991926820106
2767 0.12550267150780461
2768 -0.017641607521423415
2769 0.08296942816190006
2770 0.013733200345605873
2771 0.028908926963875318
2772 0.17984351789693165
2773 -0.4834950974337819
2774 -0.21988610943887207
2775 -0.18549659252492767
2776 0.43212929522032784
2777 -0.3165352242560499
2778 0.11651585206008107
2779 -0.06071059276683031
2780 -0.15574986802820454
2781 0.05140261770689427
2782 0.004026686340426622
2783 0.03983008927540499
2784 0.03996548643104321
2785 0.14100819615957547
2786 0.08907188952258331
2787 0.005788319968322211
2788 0.022954380787070336
2789 0.05412512500407732
2790 0.009504225660911289
2791 0.02210567647711617
2792 0.04658351355086442
2793 -0.0007400480739659502
2794 0.018253129830250882
2795 -0.007422674087592413
2796 -0.02227681325776195
2797 -0.01211149483409136
2798 0.07121026766309155
2799 0.005702417158328015
2800 0.03946996961182607
2801 0.014817089231536396
2802 -0.16237429186800095
2803 -0.06888752290395798
2804 -0.0066691989704064335
2805 0.04930371199246899
2806 0.1545144990343201
2807 0.07755774134743428
2808 0.14654517713460363
2809 0.17687718520814574
2810 0.023002670525544257
2811 0.2684243102089623
2812 0.10549073112012487
2813 -0.09521028698852417
2814 0.10135373583481773
2815 -0.24403410205167758
2816 -0.12225959987866135
2817 0.24028536991554603
2818 -0.10234800664511719
2819 0.23595367065444103
2820 0.16662105866673346
2821 -0.01738123180976045
2822 -0.1648285644970982
2823 0.2687535247945581
2824 -0.18800617407561637
2825 0.08631701103662999
2826 -0.07701119456328843
2827 -0.189031133667475
2828 -0.048831609321352956
2829 -0.05878742317288183
2830 0.11080918261015114
2831 -0.05554092226111699
2832 0.008335920040296275
2833 -0.1583395721702156
2834 -0.02867575111946712
2835 -0.009789924148294929
2836 -0.029349283198171434
2837 -0.15633525687646319
2838 0.3932623347773604
2839 0.3120739602314903
2840 -0.0789117163787493
2841 -0.06547620196186016
2842 -0.048536292165860244
2843 0.08358010462578068
2844 0.12833658234712517
2845 0.09448796460082762
2846 -0.07919779882345408
2847 0.09055337708034969
2848 -0.008606705245882185
2849 -0.011396244877776754
2850 0.2250751296668511
2851 0.17925894192469072
2852 0.28787995085317386
2853 -0.014044380506840301
2854 0.009936377204155283
2855 0.008488944383018438
2856 0.006207961477466428
2857 -0.04991060793795294
2858 -0.14193319958975747
2859 -0.0029366811416842403
2860 0.3024818800310364
2861 0.27311145371888707
2862 0.634665575274311
2863 -0.1361096247235046
2864 -0.012605539436650753
2865 -0.09144679511341532
2866 -0.007342263344327403
2867 -0.05827500910499634
2868 -0.03285031248892138
2869 -0.013422920159600124
2870 0.11220424797469325
2871 0.09123393119466684
2872 0.018958348554455873
2873 0.06787272458635743
2874 -0.00423924171216547
2875 0.00952471831991454
2876 0.042912330353658115
2877 -0.16970470111247135
2878 -0.037601327347604005
2879 -0.15345061472490576
2880 -0.07310151865317283
2881 -0.05443231362669334
2882 -0.23058653164855852
2883 0.06560055531519321
2884 0.13493040189860772
2885 0.20404299418722563
2886 0.002952876288992476
2887 0.15198871946608383
2888 -0.0016187661161884965
2889 0.07272231093602306
2890 0.029240346969488074
2891 -0.13788022463178093
2892 -0.39082539602887645
2893 0.6534722008842301
2894 0.019178238688975464
2895 0.04897718262382109
2896 0.011235125958190664
2897 0.04973464389969693
2898 0.09420218218579966
2899 0.05377437808697216
2900 0.06398280790117485
2901 -0.08308646430392556
2902 -0.07484681062729757
2903 0.038215444257916516
2904 0.024023000932880918
2905 0.08817213078171028
2906 -0.6460310358448225
2907 0.031795693019747655
2908 -0.03101438373972042
2909 0.04959746025281703
2910 -0.022858814221306915
2911 0.05326201041770231
2912 0.0899485347411754
2913 -0.06505724144413672
2914 0.0224595523070322
2915 0.139322145367073
2916 0.12302331974046603
2917 0.05034747462330387
2918 0.1453503963166937
2919 -0.09029993090562968
2920 0.15296763112031894
2921 0.08152196925437516
2922 -0.1633829918364769
2923 0.09237115756829954
2924 0.09359334076929508
2925 -0.013390155932894478
2926 -0.0040005677058079885
2927 -0.003553647946595222
2928 -0.05290166879283146
2929 0.06050700450864029
2930 0.013410045234342086
2931 -0.09986627299750571
2932 0.030005459865409038
2933 0.01941780020233693
2934 -0.018166142642805357
2935 -0.05853680107352687
2936 0.06739009221743197
2937 0.1570863291246373
2938 0.01944488851621433
2939 0.057064291953795115
2940 -0.0061176538987054154
2941 0.03942467088837334
2942 -0.019756823909749248
2943 -0.03727510955745655
2944 0.053124174444329014
2945 -0.050963254081718215
2946 -0.06586345290702052
2947 0.012922166889515455
2948 -0.0920195829620387
2949 -0.06159353019962078
2950 -0.06139809664062837
2951 -0.23585753919705396
2952 -0.040600370521166634
2953 0.018984286643016796
2954 -0.008391421497778944
2955 -0.0035330912358647842
2956 -0.025274914218494
2957 0.0023233702817526346
2958 0.010687126518203147
2959 -0.06907181384085062
2960 -0.09253212095309073
2961 0.01325449768717728
2962 -0.009945430753604515
2963 -0.0030953039841070174
2964 0.0009367003799928017
2965 0.02682779556116003
2966 0.0508273898958198
2967 -0.09335701198262025
2968 0.0516013003473488
2969 -0.005050053984303101
2970 0.029706562392481557
2971 0.24869412955240022
2972 0.08680280155833617
2973 -0.06262630305780514
2974 0.08614496368558093
2975 0.1180262375378155
2976 -0.1679974091552049
2977 -0.08080202773915776
2978 0.11576490464430289
2979 -0.08560222494597222
2980 -0.09051109246113137
2981 -0.044977481977364085
2982 0.09432083451228619
2983 -0.19138893012363067
2984 0.03439901935466008
2985 -0.07877593416449206
2986 0.08685789068755449
2987 -0.024153520293190064
2988 0.01422025677439922
2989 -0.02458184754530647
2990 0.0038137299617530037
2991 -0.003719359515783403
2992 -0.008849191397813125
2993 0.07748595113867067
2994 0.009419705629825456
2995 0.011311863267744922
2996 0.022321492531251094
2997 0.010988444474746058
2998 0.06060912004652818
2999 0.10730676665851989
3000 0.04740544283651449
3001 0.005083742675738888
3002 -0.4093729481704291
3003 0.16599956317360434
3004 0.006056099205497509
3005 -0.04975075031458509
3006 0.035218111658041784
3007 -0.26459433327636955
3008 -0.011234416523512978
3009 0.03780423241119555
3010 -0.1284669999509292
3011 -0.1741078932471084
3012 -0.07428629477483055
3013 -0.15242995671709936
3014 0.0368831714738077
3015 -0.07556724568124673
3016 -0.09343187284231656
3017 0.034861959796500815
3018 -0.062116649535845656
3019 -0.005137296880770961
3020 -0.22417428883896065
3021 0.09585699497863245
3022 0.17731137687729118
3023 0.07848174999709082
3024 0.0213766306428983
3025 0.024668066428058463
3026 0.0478518298274154
3027 0.004506736606358121
3028 -0.1438968834192856
3029 0.04302209460960103
3030 0.034113404298400096
3031 -0.007741147380284174
3032 -0.053648798849654566
3033 -0.04341869441710103
3034 0.08192967727739021
3035 -0.013905568976870463
3036 -0.05327250118647075
3037 0.027438519041650122
3038 0.05048442217426935
3039 -0.021339557010524056
3040 -0.015354350754548227
3041 -0.008265363054548877
3042 -0.010474181436694867
3043 -0.037932505026902166
3044 -0.0012248216678620754
3045 0.11637445424053193
3046 0.03632818949497047
3047 0.028387857975451514
3048 0.023428544856743866
3049 -0.05187861285886271
3050 0.05196283779225894
3051 -0.0561442686449431
3052 0.23545780995560067
3053 0.046750314192932
3054 0.014660954411028899
3055 -0.011779092466937374
3056 0.03897447366453252
3057 -0.0024446536977972893
3058 0.009504150657119065
3059 -0.01865465444788511
3060 -0.00795529823063826
3061 0.006150496710800977
3062 -0.17596623230186592
3063 -0.03349613660772657
3064 -0.04543413987806213
3065 -0.02194524587572727
3066 -0.021639457436445134
3067 0.03628517799181935
3068 -0.01846377448140972
3069 -0.030111504627318215
3070 0.0013113505454758546
3071 -0.007815608761967553
3072 0.01768115051208037
3073 0.05691463111932052
3074 -0.03869293400783257
3075 -0.04670593218621913
3076 0.02053029663896986
3077 0.04229520212402894
3078 -0.022844307568663926
3079 -0.0644966885554738
3080 -0.0034862684484732133
3081 -0.028126389857893883
3082 0.10032434160171765
3083 0.03680554129834392
3084 -0.026132843852164377
3085 0.15148954755843044
3086 0.016994102880553644
3087 0.12017986174565402
3088 -0.02255293246567526
3089 0.040904976133464534
3090 0.0073332577871728115
3091 -0.03714696810447019
3092 0.003675620686552681
3093 -0.025628251532011512
3094 -0.08355327128255688
3095 0.04874811987148215
3096 -0.02886634549520565
3097 -0.03429336857068241
3098 0.0737012495633842
3099 0.008019046953628988
3100 0.11408925423214894
3101 -0.02794418414765104
3102 -0.08240013049760607
3103 -0.12815570962789746
3104 0.41360352385982907
3105 0.5366197261076087
3106 0.5930188415159683
3107 -0.24488984891746426
3108 -0.1873794011642076
3109 -0.0361464930780316
3110 0.025783474827989854
3111 0.01979357015008981
3112 0.005351101305365505
3113 -0.0011725639879065183
3114 -0.05393798588027834
3115 -0.09013383008114742
3116 0.005965031592894917
3117 -0.0051866267945298965
3118 0.05751657169085516
3119 0.08779468492986736
3120 0.08747196654624859
3121 0.22361912473023707
3122 0.04281646135692147
3123 -0.22153880282122276
3124 0.047558887994434765
3125 0.19219935497043167
3126 -0.036485371978908346
3127 -0.007262565613231225
3128 0.012089736014339159
3129 -0.08380908543981237
3130 0.004792822193992142
3131 0.10082798985538842
3132 -0.013486750031141422
3133 0.3222143683375401
3134 0.3008755718927861
3135 0.5728380531004768
3136 -0.05014732293935269
3137 -0.03445010568507681
3138 -0.06789810964708279
3139 -0.3566115266464179
3140 -0.19780866018893645
3141 0.3157628107061494
3142 -0.33315313634690946
3143 -0.19912216477442138
3144 0.12528824358103158
3145 -0.021061334003297884
3146 -0.005376729975187705
3147 0.0006517991406026074
3148 -0.0032574171463131026
3149 -0.008395573045959085
3150 0.0945653522584297
3151 -0.04730011643602381
3152 -0.02768553131696318
3153 0.05212386189956607
3154 0.0005842741146072638
3155 0.03390430255642567
3156 0.0008060547557217836
3157 -0.012300540424971699
3158 -0.010792867762101073
3159 -0.00918346195884583
3160 -1.1958662133729822e-05
3161 0.02788954943558591
3162 0.0036439667682536957
3163 0.023795007437604127
3164 -0.0029183015688420116
3165 0.028934235672256035
3166 -0.03649527170342657
3167 -0.034540461388673005
3168 0.0018182287438851916
3169 -0.020097305765279166
3170 0.015524540176269431
3171 0.03669161322900133
3172 0.004593364319903724
3173 0.10236550034094802
3174 -0.05936933672814169
3175 0.058241369427769654
3176 0.05916972491355974
3177 0.02762802510537718
3178 0.017126963414231727
3179 -0.013301551255131681
3180 -0.045687652101694405
3181 0.14471020467765883
3182 0.021662579228912016
3183 -0.2449105903260399
3184 -0.051723573032240115
3185 0.017596484008980215
3186 0.03268686801383803
3187 0.015806426166916274
3188 0.14278795054543925
3189 0.05059434931536236
3190 -0.03435749673329805
3191 -0.016504037296323406
3192 -0.03803016682429267
3193 -0.03439248091616854
3194 -0.014376402690117036
3195 -0.016921346676819965
3196 0.06914646946210239
3197 0.006522828646856265
3198 -0.009159538825314933
3199 0.010881499079629738
3200 -0.005630694182478574
3201 0.014314789198674021
3202 0.026523247124056345
3203 0.04886696028917513
3204 0.08369040161219489
3205 -0.033459030767569134
3206 0.02441422177530293
3207 -0.02441072578024992
3208 -0.03337475948840853
3209 -0.020027243855558836
3210 -0.03689758036309271
3211 0.04955978797792351
3212 -0.015013292609295395
3213 -0.006619720302507387
3214 -0.015756577438411055
3215 -0.03508548391782246
3216 -0.026727441602732094
3217 -0.004997124050010425
3218 0.02698797754106822
3219 -0.014478801552895737
3220 -0.016105354737338255
3221 0.03348963765141726
3222 -0.013090695319413766
3223 -0.0339534625922747
3224 -0.03740003659597322
3225 0.010069294225473525
3226 0.01784708469247047
3227 -0.01539368847639466
3228 0.006685509008986076
3229 0.01759518153510456
3230 0.041407150151620435
3231 0.028141478140553473
3232 0.09521212675016259
3233 -0.2437774070983287
3234 -0.04936928246639604
3235 0.20047579163220183
3236 0.19431140223006813
3237 0.1813867573633066
3238 0.3858205151792734
3239 -0.09975097218056195
3240 0.10088855603935766
3241 -0.07204632615792875
3242 -0.014127955321504905
3243 -0.04460339999920587
3244 0.0808989037350651
3245 0.0041975735803861484
3246 -0.02394880992393005
3247 0.02992267501966076
3248 0.028492550732404216
3249 -0.002125158110454839
3250 -0.024886282505576448
3251 -0.0152330535504158
3252 -0.01081551677325917
3253 -0.01974929001457159
3254 0.07277119240186379
3255 -0.02759145345873466
3256 -0.0462963409043287
3257 0.03451353214592063
3258 -0.06618530388572118
3259 0.032330108946201495
3260 0.013380261859522265
3261 0.03147286949871901
3262 -0.169938545266966
3263 -0.22917159286937008
3264 0.046845695792882114
3265 -0.057432569571841556
3266 0.12071056439910319
3267 0.031085012257863167
3268 0.017967975380410766
3269 0.003658991326427428
3270 -0.0605943734270863
3271 -0.01044976709858536
3272 0.04247592182866462
3273 0.025508884750742873
3274 0.01619359806410361
3275 0.03810242323592767
3276 0.01815383595415352
3277 0.03989376979234248
3278 -0.043394087488020386
3279 0.009283892744000795
3280 0.0028066148800248137
3281 0.03788666250874378
3282 -0.08841017340254011
3283 -0.004832603414189425
3284 0.04192823161306205
3285 -0.027979525300207416
3286 0.0003819415364988015
3287 0.0445967576464308
3288 0.01363133822740959
3289 0.005177557333002017
3290 0.009749687775009386
3291 0.03168198510889676
3292 0.09024670775496078
3293 0.06947558519640339
3294 -0.034431888264395104
3295 0.0065993495431614455
3296 -0.020838549114319784
3297 0.03187321320718479
3298 0.07376481167642042
3299 -0.07938536889227148
3300 0.021187301379458727
3301 -0.008778682900867066
3302 0.006691208830037549
3303 -0.04543744953245039
3304 -0.014194745161690425
3305 -0.07823617464821707
3306 -0.042436836778517374
3307 0.0076319805955816665
3308 0.0068309070911256355
3309 -0.06295495822243057
3310 0.026448183960080848
3311 0.020152610512359247
3312 0.004350808233866538
3313 -0.028897431951445843
3314 0.004518204074949286
3315 0.019446420657204883
3316 0.022852630086826354
3317 -0.031064813502362357
3318 0.003338045047371837
3319 0.08821613619360912
3320 0.03271518607483821
3321 0.039192053576529676
3322 -0.013923704083258564
3323 0.19566449425724391
3324 0.42723577539339724
3325 0.15937996847174668
3326 -0.035935857417487026
3327 0.049661037654275854
3328 -0.09221096964425146
3329 -0.043594968252965105
3330 -0.03581112422038302
3331 0.22750596626035807
3332 -0.1383310031163474
3333 -0.05147921526032502
3334 0.14978960871722938
3335 0.2883070864902498
3336 0.026971349030894855
3337 -0.23339961394771952
3338 0.03788125994824086
3339 -0.1277068889550608
3340 0.08523925824186314
3341 0.012186173419725934
3342 -0.011975031600118383
3343 -0.033195469720584
3344 -0.09006223363121267
3345 0.027038322757639587
3346 0.09797048129985848
3347 -0.01232746798740785
3348 -0.01962937381610525
3349 -0.008994605049648696
3350 -0.01746501907913881
3351 -0.08791335299273904
3352 0.06842769036680059
3353 0.006577699498788181
3354 0.030154696265725433
3355 0.011571635772582974
3356 -0.02833354016824463
3357 0.0721347748983993
3358 0.09306380090436644
3359 -0.00026387766176541567
3360 0.07804894128777466
3361 0.04038663658821695
3362 0.042215045360523444
3363 0.08635421801199522
3364 0.03781930626608493
3365 -0.18614350722186282
3366 0.18599836521741805
3367 0.1556610511270106
3368 0.07585996397192042
3369 0.15607943906791463
3370 0.18014753407155185
3371 -0.05472358652387456
3372 -0.0044603467829815585
3373 -0.04533057464645619
3374 0.012813123308258135
3375 -0.022236355420592453
3376 -0.04660312238543693
3377 0.008697432415821636
3378 -0.05612418975852482
3379 -0.041183530956410606
3380 -0.0060102268608752075
3381 -0.009011742560571951
3382 0.0321929308932419
3383 -0.012899042306282367
3384 0.05334990355126909
3385 0.08311320970772124
3386 -0.07426114977052085
3387 0.04148416773062171
3388 0.09557163312936556
3389 -0.1753784552524757
3390 0.020109557566049527
3391 -0.1873432945082671
3392 -0.06931861711864723
3393 -0.1834582509637165
3394 -0.02538724847240843
3395 0.02533395594329695
3396 0.05337205946471115
3397 -0.04509117564302416
3398 -0.009180106475000161
3399 -0.019636585711410574
3400 -0.01311309223572172
3401 0.14645251543854015
3402 0.12412297283402676
3403 -0.041105677601056226
3404 -0.06853699298873626
3405 -0.09274363869973928
3406 -0.001255302934387941
3407 -0.031232110057666705
3408 -0.13373783768610123
3409 -0.0206888705864245
3410 -0.026698412349383218
3411 -0.06271719514057757
3412 0.0733399295772223
3413 -0.053813627926322743
3414 -0.04253695584566139
3415 0.09321029683574525
3416 0.004729413256553081
3417 -0.045093538596377485
3418 0.09412159064479214
3419 0.022923208337984575
3420 0.04653968557636607
3421 -0.21744041298803926
3422 -0.0471565583006445
3423 0.06228910372796829
3424 0.038592891566384735
3425 0.1191032681122181
3426 0.08867868274188502
3427 0.20421118205270777
3428 -0.07940607736583949
3429 -0.06805270836473568
3430 -0.11314609463581321
3431 -0.047020261092084445
3432 0.18317769110764812
3433 0.08146019451905427
3434 0.12174414499773543
3435 -0.05299846503358563
3436 -0.01706875554911462
3437 0.14249982198906286
3438 -0.011509120156340749
