#Residue #correlation with tIC 2
2 -0.04258593142588672
3 0.04476775699849221
4 -0.04289162871205711
5 0.007111114248573207
6 0.04456521708760736
7 -0.11226859585595861
8 0.021362814717651012
9 -0.19997643657284198
10 -0.12303237180174983
11 -0.09866957765321493
12 0.14545138896908685
13 -0.0882980614170505
14 0.05540103422718705
15 -0.34324972508963775
16 0.2470500375701253
17 -0.11644965641338911
18 0.16300005832050116
19 -0.3053374115963905
20 -0.0048615542101204876
21 -0.2631103731721107
22 0.05966417305797461
23 -0.1107815055669877
24 -0.029821074988093638
25 0.09098801659202978
26 0.18952988295174722
27 -0.06837152368941689
28 -0.06557759938239453
29 -0.023224182258630346
30 -0.06836060252506805
31 -0.03709496917085521
32 -0.08103184770206938
33 0.0091905381496112
34 -0.2372280625922686
35 0.03503131770322764
36 -0.043242871081143414
37 -0.1599082220487129
38 -0.07590797246828813
39 -0.06677115937324159
40 -0.05091141959736646
41 0.04466232088521208
42 -0.04048441531194402
43 -0.09243459777706559
44 0.04072350664370006
45 -0.008163568165755471
46 -0.036920622377752205
47 -0.028163535212364317
48 -0.0342120933919806
49 -0.060446430708486
50 0.017551928902867827
51 -0.05322545217444442
52 -0.07501019775585782
53 -0.016135166831686455
54 0.020116718122564707
55 0.07049915120070196
56 0.048124240029598545
57 -0.06798254814455025
58 0.06059255724807757
59 -0.14135191749336687
60 0.16534356997436683
61 0.009534518776351569
62 0.046331297390967606
63 0.058711617219195676
64 0.16210022954954872
65 0.01750323901440403
66 -0.15033050416775687
67 -0.21738134160253705
68 -0.1824214235989348
69 0.07838140946898699
70 0.33800214102080617
71 -0.025408297243641353
72 -0.23467398701105707
73 0.004553892470908673
74 0.2199237402120299
75 0.046505361618906546
76 -0.14397752359002908
77 0.0061720858662418
78 0.23689992240713004
79 -0.33278704917772395
80 -0.01580582651569827
81 -0.1736018279969912
82 0.1252565960541857
83 0.1738158262733597
84 -0.06921037277178822
85 0.00396254248564356
86 0.004456214161252439
87 0.0003293372909726758
88 0.02121016944824626
89 0.004063438210589684
90 0.05145211886250418
91 -0.05635805221455312
92 -0.028612311940546788
93 0.19438987629109922
94 -0.05622181328756817
95 -0.38097313573728314
96 0.07092873209145871
97 0.366146876200748
98 0.11326135702754082
99 0.021151571877707016
100 -0.2783536706683377
101 -0.19899424684777126
102 -0.11543238070935931
103 -0.015168564447414115
104 0.03549373754560597
105 -0.03392002459071131
106 -0.045926958524257426
107 -0.028214161656335383
108 -0.038350449748332655
109 -0.0101618126092689
110 0.03642307616226064
111 0.021043440928998163
112 -0.06454993667498317
113 0.13565183784023832
114 -0.16958111578923435
115 0.02530010181012187
116 -0.027401424400333076
117 0.04874362731877844
118 -9.67796109212508e-06
119 0.03437692786708901
120 0.07843636180925831
121 0.007404244656879195
122 0.043073193755355295
123 0.1505882720073582
124 0.042782244802129735
125 -0.12131580083071904
126 0.027412419271881486
127 -0.055082670272323345
128 0.027876114468044635
129 -0.09369515897781806
130 -0.05287729983843538
131 0.019009744681929664
132 -0.05999365176311492
133 -0.10132362129845188
134 -0.027319428241073397
135 0.0030478743741470704
136 -0.02179546741686597
137 -0.0025812275971488
138 0.1428080467453064
139 -0.3981368638011498
140 -0.016089348585048048
141 -0.17844811551739692
142 0.2286715824927862
143 -0.367994860537982
144 -0.10657608738267568
145 -0.39391010081799566
146 -0.15201678297071783
147 0.013699801256017606
148 -0.04347841213871798
149 0.033336761165957296
150 0.02670839511586427
151 -0.17159269380663983
152 0.03553674929615291
153 0.13039213417142165
154 0.0823415205275981
155 0.12201416824442907
156 -0.005344590512742425
157 0.13811268587135972
158 -0.06585674568180315
159 -0.03733388133465005
160 0.008921975017649722
161 -0.0033011522969070765
162 -0.017870192629442647
163 -0.13684632855475123
164 -0.08946681726955785
165 0.16730622379171284
166 0.04223993785651796
167 -0.04021644436936743
168 -0.025546717837550324
169 -0.07772436810361863
170 0.09744256505388446
171 0.12127770836397272
172 0.022779090463869917
173 0.11441215578281613
174 -0.26846653076930277
175 0.012492139652002772
176 0.16136284989073185
177 0.11573886892291413
178 0.025361547064339914
179 0.15903824732297758
180 0.13911833604713936
181 -0.045157861379459645
182 0.23405883678731088
183 0.22581512854567357
184 0.20767316129593782
185 0.4047785957768626
186 -0.4993701833141484
187 0.5496498115604375
188 0.38254285995909976
189 0.255588803270558
190 0.04742168848875577
191 0.0696241333742498
192 0.08364407909984589
193 -0.00605197986726622
194 0.058132037914337534
195 0.05123921079213233
196 -0.014339523609850165
197 -0.07189412315280232
198 -0.042775514042174334
199 -0.06442969857596852
200 -0.03775407102062184
201 -0.09305957242618627
202 -0.09868220650409344
203 -0.034502051033084166
204 -0.02345785532814352
205 -0.033542222276966994
206 0.06377391403263265
207 0.057574511156230024
208 0.07533900780901093
209 0.030955230646994448
210 0.1639513409490436
211 -0.1346895801731838
212 -0.1251849054223067
213 0.008818435793358307
214 0.3661921305572656
215 0.2002318804261362
216 0.24856917464698505
217 -0.09045287032087522
218 0.33364262545133194
219 -0.3961285081624779
220 0.07776320874948467
221 0.2328602093388255
222 -0.04380253338702029
223 -0.1953510555045352
224 0.1396632708799745
225 -0.04689853272210004
226 -0.009755946973921022
227 -0.020171072862743347
228 -0.03601215381650134
229 -0.001751796654625586
230 0.028664569835781143
231 -0.10078284572688088
232 -0.058731802512322746
233 0.0143639226766595
234 0.08912610779766204
235 -0.07349172627452116
236 0.04966791173163834
237 -0.003949571356486922
238 0.037688207073500124
239 -0.031454848178077
240 0.06488012551577366
241 0.05996682358076811
242 0.25201394718107867
243 0.13724988512610395
244 -0.23619185833219594
245 -0.5771879217532618
246 0.1609362069239936
247 -0.12438757068577143
248 0.0835034675992152
249 0.16654413791072323
250 0.05053473680208384
251 0.03426340465836728
252 0.12047330023922728
253 -0.2295852454213688
254 -0.1362663605214503
255 -0.03489322008532936
256 -0.11650518617043612
257 -0.10774409738915355
258 0.02680375363339886
259 -0.13994795813702507
260 -0.542524849075604
261 0.1634691317772671
262 0.25787764588908285
263 -0.3104341575471351
264 -0.1396935292103253
265 0.095721575516697
266 -0.17984373877122045
267 0.11591672379336364
268 -0.01598111706827911
269 -0.0893554570853472
270 0.0005938181815644297
271 0.06640685499646724
272 -0.03804306535619076
273 0.027167292620818517
274 0.006334944013137624
275 -0.08590729828654528
276 0.03406875913733875
277 0.08601756590546365
278 0.09485699354774207
279 -0.02857392274144293
280 0.10815057574677815
281 0.12881374420039787
282 0.08187435982580081
283 -0.08367756648930397
284 0.3350042592003536
285 -0.21605662508043058
286 0.006920057281669895
287 0.04637665183155129
288 -0.04192492632765741
289 -0.02136463664570397
290 0.042430031273723495
291 -0.08784905581771563
292 -0.05363878443000591
293 -0.027861189521109678
294 0.06536395833909915
295 -0.05494708415935157
296 -0.17122043659659766
297 0.023775566512955863
298 -0.019631858423738175
299 0.002543664970364077
300 0.0317603108567182
301 0.037951329937523384
302 -0.04684525180032498
303 0.010912785934118747
304 0.0061461658030174966
305 -0.03484405063939905
306 0.08396104768011203
307 0.1483384013739997
308 0.055828191902442495
309 0.05685802245374103
310 0.15025827447594658
311 0.0596347007292855
312 -0.04513326867241729
313 -0.1937894746807646
314 0.16428100479877808
315 -0.40703856222373686
316 0.43900541763318685
317 0.3862329580731152
318 0.46083808681726296
319 -0.2877142981418503
320 -0.4453435344360846
321 -0.274282386445484
322 -0.16563064701881128
323 -0.4631090614232615
324 0.29383965556386504
325 -0.1985700584735825
326 0.07267468836639897
327 0.06262923007931712
328 -0.2533355944813405
329 0.04936853581146171
330 -0.07407772595728199
331 0.16035388553922755
332 0.00197789881476848
333 0.2600203734739654
334 -0.32401997200715693
335 -0.4340586317499744
336 -0.44377087317470587
337 0.2130676102093602
338 -0.29269412187341515
339 -0.07613079247571344
340 0.07853672270685415
341 0.1395906917802506
342 -0.21316646763765498
343 0.07077780237019134
344 -0.0387300550547051
345 -0.04193268204847209
346 0.1317899283355305
347 0.07735459620555762
348 -0.14545796627165666
349 0.004798286389595059
350 0.01416025489463414
351 -0.20226708386477127
352 -0.3748460690382633
353 -0.3595487051698674
354 0.17148744880188863
355 0.037722814763716354
356 -0.07201245755534078
357 -0.20129451961113995
358 0.12088756839650103
359 0.12723628841697657
360 -0.11132447657848174
361 0.1370238775068622
362 0.06165026594592361
363 -0.13139372330450952
364 0.26425596568987236
365 0.13950618069171658
366 -0.017033561820869833
367 0.01452479098711187
368 0.022552344843028108
369 -0.1575800999187845
370 -0.03813522504800889
371 -0.10993422664394507
372 -0.10567473113740343
373 -0.15914233716338066
374 0.04191283752163149
375 -0.049802118322450066
376 -0.07605404416511867
377 -0.12043788735179624
378 0.14515989992209066
379 0.03944750281630807
380 0.22778020795367082
381 -0.36320467287923436
382 0.0813569344119032
383 -0.033936285108199564
384 0.028310937493960072
385 0.0898365462128127
386 0.07228530458132608
387 -0.001569278384679169
388 -0.03535566999040407
389 0.09782779235057659
390 0.059359481958587944
391 -0.17469230927374682
392 -0.050258672878846486
393 -0.20533886153557243
394 0.2807080897401651
395 0.25866637046063606
396 0.03685349549194395
397 0.02858833189236198
398 0.0406663909378194
399 0.2129302101133776
400 0.22727000087872717
401 0.023633399085477957
402 -0.0623220730114312
403 -0.04412093071914334
404 0.036584765549743097
405 -0.08338312900800209
406 0.04952957017063276
407 0.008942637824702254
408 -0.011562108589368769
409 0.027530348379516775
410 -0.03783377955562998
411 -0.06543255615103337
412 -0.010256670227098016
413 0.034472950161932935
414 0.019706176216839767
415 0.010902948660808832
416 -0.1259192106752346
417 -0.03525621855322968
418 -0.022576790714205187
419 -0.089408516168139
420 -0.1327925226527216
421 -0.034254868366293205
422 -0.012971339335837847
423 0.2224395309986036
424 0.17625012643000434
425 0.035349807256262994
426 0.05509260065038173
427 -0.02727078045689338
428 -0.007404417388223133
429 -0.001654706432009956
430 0.1491630585509281
431 0.4193270724675919
432 0.057768160724192455
433 -0.06320802190780031
434 -0.002082078775766511
435 0.16545471898744177
436 0.12373031494027086
437 -0.014203570699583064
438 0.15542067208954763
439 0.0028477685243852783
440 -0.11754541033428899
441 0.012698384152062465
442 0.003693105051575399
443 -0.03901040362938669
444 -0.0027914001352998823
445 -0.019683195914700878
446 0.04282232275371442
447 0.12517459543987644
448 -0.23203984058946436
449 -0.22249624335447846
450 -0.016456634337331483
451 0.019690354123379408
452 0.11297025460923264
453 -0.09250745338118437
454 -0.003842413456110415
455 -0.02110631539820497
456 0.03369346666801163
457 -0.009431018594458256
458 -0.02626419600296902
459 0.02939352952917277
460 -0.038025830981428504
461 0.06590241098150194
462 -0.053668128136495005
463 -0.000979383282250952
464 -0.04769876342056447
465 0.1061842964923821
466 0.24679849690000116
467 0.05742747008089826
468 -0.01978219740055632
469 -0.11273294424767999
470 0.02850840021362461
471 -0.047193284190710366
472 0.03346945161496124
473 -0.1301896202524415
474 -0.2568649499806037
475 0.08362414235803081
476 0.24569735370917722
477 0.04940655131155326
478 -0.020082829312390332
479 -0.06822615547187247
480 0.0032536596266799665
481 -0.2972557816610166
482 0.011738555141030801
483 0.23170017959874584
484 0.06684093478975434
485 0.27980836866661213
486 -0.17611875917107933
487 0.014793345874731011
488 0.17817870826093782
489 -0.03376476282981461
490 -0.005670806197673076
491 0.06218134426193549
492 0.061484937408353584
493 -0.09777805017131337
494 0.21532301402276277
495 -0.3221989408497627
496 -0.1716187628364589
497 -0.40209570210986706
498 0.058975543161128324
499 0.05828264856197319
500 0.02068675302671128
501 -0.05681027978223957
502 0.0231821025164129
503 -0.02716048691094922
504 0.003933621269992974
505 0.026892278387173642
506 0.039861086826121016
507 0.03578105240415054
508 -0.0867186809453492
509 -0.017744901572277337
510 0.14761654685816253
511 0.04437481563363516
512 0.043902945879303906
513 -0.09356464322589825
514 -0.04779381016575001
515 -0.20840450658821386
516 -0.040726812639994364
517 -0.1428609184976474
518 0.030192762756780362
519 -0.07267555912364294
520 -0.2874388189261862
521 -0.17078617761517884
522 -0.12657979788309576
523 -0.0781008422974229
524 0.20192410960623675
525 0.30496679963656603
526 -0.30947409055441066
527 -0.03631706822385877
528 0.14430817121232262
529 0.19478714751128645
530 0.06526924211085142
531 0.0871024544492918
532 -0.0129325958039083
533 -0.15228918373274422
534 -0.03182876448242158
535 0.11710085513296521
536 0.009962878723481209
537 -0.007018211179926902
538 -0.008293148940246834
539 -0.004975785677075801
540 -0.07283285154039157
541 -0.008373168455229391
542 0.09273481713419812
543 -0.0629339518993549
544 0.03805856029460444
545 0.029324403740248785
546 -0.01843655485855391
547 0.1506085874259027
548 0.20617702033379
549 -0.05934397608705253
550 0.14964435768843706
551 -0.2067904496637157
552 -0.015292644748120508
553 0.040034293128677095
554 0.0040498720864883386
555 -0.14531544492567372
556 0.024932934314367137
557 -0.01588977103319662
558 -0.13996143414672627
559 -0.19383778851364666
560 0.18739838477398657
561 0.014607377819018476
562 0.10189263177167576
563 0.11468110836854208
564 -0.007190047379771484
565 0.169648262503131
566 -0.0719022382701229
567 -0.205243580212482
568 -0.22183469374884904
569 -0.36731924989337394
570 0.5587183750554006
571 0.121501270980183
572 -0.20878053071700026
573 -0.3655960469001995
574 0.14006289471305752
575 0.06690407716299744
576 -0.021444655590214034
577 0.15407419057415792
578 0.1558360665262452
579 0.07097077132033762
580 0.014887476626419805
581 0.0067904861137563855
582 -0.018939145144411786
583 0.014889130672084958
584 0.09031395512473102
585 0.07613402841331163
586 -0.014463039760000384
587 0.1423252832645508
588 0.1920516675619196
589 -0.09752014775133834
590 -0.34115871642364903
591 0.00323390664203614
592 -0.288036202517428
593 0.15064963222474248
594 0.6742828399801531
595 -0.2874289557494958
596 0.017234106305174867
597 -0.11646044235725375
598 -0.10684992145020575
599 0.06181438356925899
600 -0.40072016439112423
601 -0.5144691058272035
602 0.002698939109362388
603 0.31939430053225343
604 0.2887427484697078
605 -0.12126184823438314
606 0.38806305345697056
607 0.27365028269643665
608 -0.11181060713867354
609 0.1622365084825407
610 0.06377276992516047
611 -0.10796137570735698
612 -0.09384187230238929
613 0.02179991075213949
614 -0.6108310869572774
615 0.03282786050964157
616 -0.052577441887216615
617 -0.05007926735032586
618 -0.010781051972869554
619 -0.04186675515004043
620 -0.09870794566968127
621 -0.23971655438584785
622 -0.010248188657246565
623 0.15749051699192926
624 -0.20411292655843266
625 0.1330783626087211
626 0.27557742927730566
627 -0.22511255921694864
628 0.0728624165233303
629 0.16580202744009848
630 0.23095544683931313
631 0.28293292639653433
632 0.26521378100213067
633 -0.07202583850469432
634 -0.1381856357289598
635 0.006900203298217118
636 0.18364444986631917
637 0.07008449093353715
638 -0.03799881577457632
639 0.06335315864269242
640 -0.049195492216770685
641 -0.05541847271212744
642 -0.034181972364508074
643 0.03319532875116251
644 -0.006654632577415435
645 0.012041718509300726
646 -0.1468747300092325
647 -0.180757710732975
648 -0.03205258124733286
649 -0.10495972261563404
650 0.001953491222477738
651 0.0452531567589933
652 0.047615687561484085
653 0.026502281438343253
654 0.08359434848845458
655 0.03733383936585208
656 0.19128715289315873
657 -0.17670979637523299
658 -0.07427994073040034
659 -0.08596951579067352
660 0.09913594735813135
661 -0.01965946905437962
662 0.012861784366033194
663 0.020884108941899723
664 0.030401514484834555
665 0.025665926562409853
666 0.10604624613195522
667 -0.01710893186788318
668 0.04602590170311534
669 -0.021186420058734296
670 -0.09105301114268732
671 -0.020591221446331985
672 -0.003160842739091087
673 -0.008288269711848194
674 -0.02696412808975647
675 0.1364443072769201
676 -0.006020532041489448
677 -0.03840145981166145
678 0.10826709891168476
679 0.07048227081730711
680 0.14698579589646182
681 -0.1400733544492388
682 -0.404927837193763
683 0.16549769952993157
684 -0.06523202803533272
685 0.08885580999735457
686 -0.018395917106526563
687 0.07664941877847141
688 -0.08499577176749418
689 -0.09111043530597324
690 0.009892234830052273
691 0.1405016384194545
692 -0.1446341506642443
693 0.08936473366140885
694 -0.12193891713900033
695 0.04162207467456757
696 0.038175547176085164
697 0.0032049938602425475
698 0.025100801980842472
699 0.01915619325603099
700 -0.021740635755202114
701 -0.03103000249897743
702 -0.05371750074046195
703 0.05871194112819255
704 0.07869735056953003
705 -0.08696955268019109
706 -0.08675076891483764
707 0.2374487789788021
708 0.14790402486770976
709 -0.16615786460930393
710 0.07500182594866303
711 -0.0493860284503877
712 -0.05344428513123991
713 0.12175154545073795
714 -0.07744929447332287
715 0.14877310139686806
716 -0.13444736487487133
717 -0.32086060666700267
718 -0.2544821664253862
719 -0.18084223840494243
720 -0.187723924899062
721 0.08437511606792356
722 -0.01972383896789212
723 -0.24283892778724214
724 -0.16757962256054387
725 -0.20685923468727338
726 0.06387268647436103
727 0.05380689776523955
728 3.171030098058522e-05
729 0.08961152817188976
730 0.01305505887106482
731 0.04860983799121145
732 -0.018036141303122255
733 0.03843234905977416
734 -0.012151732121919468
735 -0.06416714620678024
736 -0.08030610758140655
737 0.07478112373561557
738 0.1150182880280662
739 -0.036201630828657134
740 -0.025699303532039756
741 -0.06416398219412278
742 0.0866800819794322
743 -0.06927553368021132
744 -0.034638144018820705
745 -0.024212422229433893
746 -0.12450695121478801
747 0.01923187126018503
748 0.020505799003963914
749 -0.018558843543548642
750 -0.011549911192317913
751 -0.03762968957656588
752 -0.05517416521427788
753 0.0390365448785337
754 0.03532148927054049
755 -0.0473026211165701
756 -0.2439683747322762
757 0.14802147470864507
758 0.050808735830798375
759 -0.028747739156670338
760 0.23251939710981934
761 0.04314976327997858
762 -0.025555888884967567
763 0.002714246588267677
764 0.019847467176530596
765 -0.012312048926156765
766 -0.007607235457112736
767 0.0062678092734864055
768 -0.027952430201977584
769 -0.0010836594995964855
770 -0.14011748457663498
771 -0.037629040758185475
772 -0.07315627763609142
773 -0.002268184510021602
774 0.017340594577609045
775 0.009897346622752176
776 0.019892411083834362
777 0.04566356317786081
778 -0.025581257748212054
779 0.047081116804512636
780 -0.06236147405609521
781 0.17187351439146592
782 -0.1620096545271293
783 0.03429776774555816
784 -0.04201193228801762
785 0.07810266226681
786 -0.005097745353737185
787 -0.03014097658347081
788 0.05768495929603034
789 0.011203255733561773
790 0.09913384180954747
791 0.09559348934928784
792 0.06696610779557437
793 -0.013674819801760576
794 -0.0012599065836929727
795 0.0732386961580188
796 0.13374076469655266
797 0.09178194758798258
798 -0.10579188836295358
799 -0.019056290764447804
800 0.09738251908951043
801 -0.09018503678815035
802 -0.026946766997875946
803 -0.05285390123194039
804 0.044118520247305046
805 -0.036318148019105094
806 0.04159252296865835
807 0.04052136646666842
808 -0.12623742693374965
809 0.07670083737951851
810 -0.018940400727735257
811 -0.036340321932511924
812 0.31146180158161163
813 0.2868587110121181
814 -0.014074152986370013
815 0.2988670549699799
816 -0.1254630063850299
817 -0.012629881645487732
818 -0.0440786696386085
819 0.033564071644470186
820 0.05169366149699746
821 -0.017162159634880297
822 -0.05396327661517874
823 -0.03793229599717707
824 0.09389380507904131
825 0.07389080905176836
826 -0.37140879037960994
827 -0.011592489858157123
828 0.19434734480024557
829 0.14646724265071764
830 0.08077369737427513
831 0.044064287977384466
832 -0.23095531391099253
833 0.05572495323403241
834 -0.30078394920933826
835 -0.13485144896417453
836 -0.3481821914364477
837 0.0004028722917525399
838 0.02635168831642633
839 0.005756619762875355
840 -0.02683188246206921
841 -0.02882438193003669
842 0.06013998885715947
843 -0.12174685277426203
844 0.21201302389550516
845 0.14711169877899954
846 0.15591567523989763
847 -0.010191016547940671
848 -0.05621182678491554
849 -0.09056256076766325
850 -0.08037445889602876
851 -0.0004993795889391195
852 -0.0215639574132244
853 0.0038349828534056545
854 0.09973574929496451
855 -0.10602275981371825
856 0.05956031609547414
857 -0.214980460628692
858 0.12269886086061631
859 -0.1582154936207096
860 -0.1327255151139387
861 -0.13597462970038224
862 0.025894425505277225
863 0.11519501480939832
864 0.007849398112612564
865 0.1289798909232762
866 -0.02239265041665698
867 0.003168837956668479
868 -0.026307252516868166
869 0.02095381518735078
870 0.04007813404872359
871 0.047962937677384486
872 0.008298299568393421
873 0.003614316731651578
874 0.0306610883321234
875 0.019930998154733433
876 0.001857006543281626
877 -0.037472326652928906
878 0.07886762133489295
879 -0.03847698136715579
880 -0.008203954622303581
881 -0.20822507427844583
882 0.22664225540172703
883 -0.03054847031387347
884 -0.21025346762582164
885 -0.1849689446909147
886 0.3862372318739932
887 0.23705173402207366
888 0.5466341028280763
889 0.22441435001538673
890 0.28769216372514117
891 -0.2654031070451764
892 -0.2649105316276339
893 -0.17441547404435928
894 0.3415485243452151
895 -0.40821483216577503
896 0.5443499704956326
897 0.1851372572472362
898 -0.06310678300126561
899 0.03689687430104735
900 0.08837798890652643
901 0.06147306662751618
902 0.07671009567643311
903 0.005460442694592843
904 -0.010454081743248456
905 -0.05797234042090127
906 -0.001341451775996676
907 0.006367564399444114
908 -0.011568342856078998
909 -0.1422568979632927
910 -0.003039565169241477
911 -0.0106624189686587
912 0.009980681315452551
913 -0.03549674132618164
914 0.024483048014751096
915 -0.024636472647830553
916 -0.04775968245262126
917 0.05264011532363406
918 0.021057063596626825
919 -0.01588574426809372
920 0.024380504473619346
921 -0.013338521398398348
922 -0.020270005978106954
923 -0.006416124867659322
924 0.013505454786647436
925 0.007628758363818244
926 0.009946482288161546
927 -0.026630726828422057
928 0.004839922073335781
929 0.009843881356798166
930 -0.021676479749935015
931 0.02310059110802628
932 -0.006196694977404003
933 -0.03526510437819898
934 -0.020560072798778847
935 0.0020538945357484956
936 0.007675657084757783
937 -0.0005938427044684495
938 0.01321822064594679
939 -0.04649340308298272
940 -0.15072273914407563
941 0.2906112447517689
942 0.09935723188984454
943 -0.11574871852191435
944 0.09441353593814063
945 0.05172376478048399
946 0.09462768654287418
947 0.18179388660241205
948 -0.14653201062822016
949 0.029385820094035692
950 -0.03177769945557767
951 -0.026422675477939972
952 0.08624485126134128
953 0.13937945205078112
954 0.02243304033049251
955 0.005029969079846749
956 0.04241407530282973
957 0.011949290733717064
958 -0.022445403699940615
959 -0.008938900075959738
960 0.014911035664333529
961 0.022263496243666355
962 0.0518509076554282
963 -0.18379514360179228
964 -0.009414647930430996
965 0.08124938999086816
966 0.06818731701484289
967 -0.04658905923327895
968 -0.044687995150842506
969 0.17719408188242505
970 0.05007123611608152
971 0.08191314366352398
972 -0.009079952879638614
973 -0.052912338093253734
974 -0.10552399948927209
975 -0.23067212711805385
976 0.03690840173067858
977 -0.04015770032902321
978 -0.046433113504539235
979 -0.012693204205347678
980 0.044355103484427075
981 0.012592283372057714
982 0.05659103008427812
983 0.15931055952823936
984 -0.10420150544370814
985 0.05656829643445958
986 -0.004447171995056501
987 0.0073900637846217795
988 0.020450445909061213
989 0.08757618733856064
990 -0.004837834766642828
991 0.00875848416071876
992 -0.029030461391439874
993 -0.01469518435667855
994 0.03403479338698583
995 0.024642052913944775
996 -0.014025577400934831
997 -0.0006764620112283981
998 -0.03200510365148881
999 0.011741499645839357
1000 0.14050242437028482
1001 0.07064780812362617
1002 0.024549154257676037
1003 0.007695506451609539
1004 -0.03840801621834482
1005 0.03692620092609349
1006 0.020625278278084625
1007 -0.06812525230142685
1008 -0.009214886003915715
1009 0.01446797768581638
1010 -0.009728073294423259
1011 -0.01637525451469373
1012 0.015662741809189164
1013 -0.011798031140218376
1014 -0.024702141121991556
1015 -0.011884937881676955
1016 0.006114841468902781
1017 -0.03732680283460686
1018 0.028159211163350076
1019 -0.033848413300380464
1020 0.04537578419775492
1021 0.0004919400686022958
1022 0.031029366915440004
1023 0.044332533185349264
1024 -0.02967509166292348
1025 0.0065876065856183596
1026 0.029624531377281944
1027 0.15004502977242742
1028 -0.037840171008212506
1029 0.08848947168233737
1030 -0.052432096973743576
1031 -0.30245047505120265
1032 -0.4764368035036504
1033 0.21053429205954616
1034 0.22751546710259538
1035 0.5091557762325901
1036 0.0490239653091324
1037 0.20437328940510557
1038 0.2484419543227003
1039 0.1390293873187003
1040 -0.23625766434640838
1041 -0.0811183293639897
1042 -0.14837359698386776
1043 -0.09616753445991004
1044 0.25931236428725335
1045 -0.1776147419033086
1046 0.35911864108518915
1047 0.2413840616220025
1048 -0.3165486631922289
1049 0.1560531433195851
1050 0.09334246757503525
1051 0.11632643536360583
1052 -0.05482044598931114
1053 0.01226860750847884
1054 -0.15087379128273706
1055 0.002364655404238168
1056 0.08011515759754978
1057 -0.04348984351996733
1058 -0.03283843902729948
1059 -0.0003700183737201395
1060 -0.060730365699364006
1061 0.12458714649149047
1062 -0.11365397594168154
1063 0.0872469492198117
1064 -0.17034604364139183
1065 -0.065536164152613
1066 0.10701625206318124
1067 0.05231920421872132
1068 0.02763469909857315
1069 -0.0006907847232407084
1070 -0.00990754150141111
1071 0.07384206945555674
1072 -0.14968759674460066
1073 0.14312709467944884
1074 -0.010645060474987833
1075 0.09045264717772013
1076 0.10456584964973852
1077 -0.05417879714789974
1078 -0.10256108931923158
1079 -0.0697895966159499
1080 -0.054920960460433016
1081 -0.12540768696664675
1082 0.14755282518885943
1083 -0.1194815266317223
1084 -0.03310939296111844
1085 0.10938386273990831
1086 -0.05420834652940577
1087 -0.1118792143231241
1088 0.130485349914087
1089 -0.03054880940266739
1090 0.07719578361785713
1091 -0.0719626196544397
1092 0.050547549089309966
1093 0.023957946503205044
1094 0.10553911917574439
1095 0.011488933783049451
1096 0.011416495516809372
1097 0.3009580765792055
1098 0.08402963744630845
1099 0.04332523169256112
1100 0.04677197890604213
1101 -0.15763948757952176
1102 -0.17346697923359458
1103 -0.023745773898198753
1104 -0.09697625018660767
1105 -0.13258074633339667
1106 -0.012326946364100309
1107 -0.02738472482673808
1108 -0.003142212594406352
1109 0.026258837897295186
1110 -0.11242258735318593
1111 0.051165554877639095
1112 -0.0009381253677735094
1113 0.024158394878707534
1114 -0.0424649018301893
1115 -0.046314935545616234
1116 0.2682651070246977
1117 0.01317764944567739
1118 -0.11699011099193005
1119 0.11161938219809234
1120 0.06021401921355813
1121 0.27905793214201025
1122 -0.11829110660549634
1123 0.18638894176466753
1124 0.07953532895726687
1125 0.2615205236118993
1126 -0.17394083419923825
1127 0.056561573586996365
1128 0.048478896081480816
1129 0.040520579968246075
1130 -0.010395680648606982
1131 0.014354154710515661
1132 -0.004104222016545681
1133 -0.14226868065700587
1134 0.1756918564782061
1135 -0.0982861880846333
1136 -0.091284709824008
1137 0.06055241374066513
1138 -0.17471036337511814
1139 0.3937830179994544
1140 0.16442897593025468
1141 -0.007946396730313646
1142 -0.041469372317279
1143 0.0856539788998492
1144 -0.05740783454106974
1145 0.07021506042935484
1146 -0.03190577206344447
1147 -0.014853541898108344
1148 -0.0408456904177722
1149 0.012807441779244628
1150 -0.019763282389327
1151 0.01528219310333655
1152 0.06076362393617469
1153 0.05012036687954976
1154 0.21652213343689405
1155 0.04704129737632135
1156 0.21708959123533153
1157 0.14264416687204287
1158 0.09075326710798981
1159 -0.09033841520017702
1160 0.1567117088130068
1161 0.4082167497072973
1162 -0.031526283897341696
1163 0.2751768251525985
1164 -0.31219388466291603
1165 -0.05232130170670772
1166 -0.30802128782203886
1167 0.11826143120088238
1168 -0.22895747318642753
1169 0.1208655297909841
1170 -0.026084408714951702
1171 -0.09088065577577362
1172 -0.09214831323169269
1173 -0.09705778103325215
1174 0.02672393485446249
1175 -0.03517794383202113
1176 -0.012877124504761327
1177 0.030780632911042452
1178 -0.0008161359097169532
1179 -0.12444924057027551
1180 0.01925620688985093
1181 0.05746970471966401
1182 0.10279356060541661
1183 -0.1166923036846014
1184 -0.13072631138598156
1185 -0.10169518781668903
1186 0.02668596563059187
1187 -0.019511216902848152
1188 -0.11685523605602716
1189 -0.06551762376540562
1190 0.10506460595960102
1191 0.03564515688922189
1192 -0.042299514824757474
1193 -0.0159430228960051
1194 -0.0514330952626431
1195 -0.1161475885639498
1196 -0.01590380344955798
1197 0.01950323702272281
1198 0.029747964878559525
1199 -0.0197776729408101
1200 0.0008393129855641927
1201 0.014630352625767567
1202 -0.032979813655079536
1203 0.03616647192531286
1204 -0.09146818588037167
1205 0.07294201925829923
1206 -0.1290115409165294
1207 0.02335722486867413
1208 -0.017486156416673605
1209 -0.05897920491114484
1210 0.05020482895273564
1211 -0.010831764445885206
1212 -0.0008515750393099013
1213 -0.10007693870920499
1214 -0.0933538669795015
1215 -0.2909201726959514
1216 0.0930397658863643
1217 -0.2836041445113107
1218 0.16593471879646085
1219 0.10038764832653853
1220 -0.22734515555889354
1221 0.21481884027224327
1222 -0.04903245960530794
1223 -0.40926967677091947
1224 -0.19125036703191095
1225 0.3644339763860602
1226 -0.33631092696512077
1227 0.1473914276799895
1228 -0.11547601617661175
1229 -0.18594510810191014
1230 -0.010044700960190516
1231 -0.04745345476984873
1232 0.0036645355734711083
1233 0.005546338068475332
1234 0.00039240994538829974
1235 0.010911452637123408
1236 -0.037441977043292704
1237 0.0633667258631698
1238 0.043989416549535726
1239 0.03993631206424402
1240 0.01736454219763226
1241 0.07830141466785573
1242 -0.18884049697425587
1243 -0.13935320723321531
1244 -0.22701832375589376
1245 -0.05150215756696457
1246 0.013680954780148956
1247 0.038735786225615694
1248 -0.20068495229405903
1249 -0.2296270382855285
1250 -0.08994473137424172
1251 -0.048888792180023365
1252 -0.12898931161916757
1253 -0.06957260880888541
1254 0.3060086833970417
1255 -0.18738276589698255
1256 -0.14134019323395722
1257 -0.03029248003545152
1258 -0.06014115266977026
1259 -0.13186980317499386
1260 -0.08836833326018449
1261 0.03696201684861542
1262 -0.18601743891694797
1263 -0.06056961636099898
1264 -0.03110594295498024
1265 0.030180587005818525
1266 -0.11644755033346608
1267 0.23780817081794073
1268 0.4078997188100841
1269 -0.15230741600671552
1270 -0.021964601538147763
1271 -0.06756769502932451
1272 -0.14490256730440826
1273 -0.007433337277247061
1274 0.019142599628193903
1275 -0.08595367046935468
1276 -0.06927997122497191
1277 -0.1328465546871767
1278 0.1379394250276698
1279 0.25452496949230874
1280 0.0887273579044289
1281 0.21069556767870481
1282 0.38134533923871505
1283 0.32106551478434875
1284 -0.5131367486854028
1285 -0.14159258837560112
1286 0.29382282148814165
1287 -0.0016287908338781765
1288 0.22579336948556436
1289 0.16767700647245304
1290 0.26896107208212033
1291 0.0759727430414327
1292 -0.22597387124432297
1293 0.019878864982436753
1294 -0.24075617741336477
1295 -0.16028146333589952
1296 0.030028302802372824
1297 -0.17108904935357402
1298 -0.08052606683444298
1299 0.18765902088727665
1300 0.007737362880158008
1301 -0.04177433156853144
1302 0.1312809208694389
1303 -0.19430204723990832
1304 0.10301565956458832
1305 0.28127158598258734
1306 -0.05979923925443411
1307 0.07851725342236252
1308 -0.05003804308790581
1309 -0.05257941932189082
1310 -0.20226572711721202
1311 -0.057387262490632425
1312 0.21382623655164004
1313 -0.25303844580224216
1314 -0.028171284142770894
1315 -0.0266552771616205
1316 0.010950710652392764
1317 0.045120938265952856
1318 -0.01677766026111945
1319 0.012398702344825062
1320 -0.10881138447131977
1321 0.06827361321156993
1322 -0.23217460799657777
1323 0.05441904352213004
1324 0.13340570617334457
1325 -0.4910430191126672
1326 -0.01573721424085024
1327 -0.2698386031361678
1328 -0.08846049029307318
1329 0.31256249834034977
1330 -0.15669154820397566
1331 0.17436263212259606
1332 -0.08255417007604529
1333 -0.28274105275871175
1334 -0.16620986535929225
1335 -0.28386398363888193
1336 -0.02323644363401051
1337 -0.037460149101393565
1338 -0.0014445768003343875
1339 -0.021573729041266813
1340 -0.012005546315602368
1341 -0.021188915682774128
1342 -0.0182654497528818
1343 -0.09011117523899871
1344 0.03135276852648562
1345 0.03232358841926233
1346 0.07942038730343164
1347 0.00828003778375245
1348 0.02162876365038957
1349 0.04246705498215702
1350 0.04440224226098684
1351 -0.02363714792765483
1352 0.09514201512140091
1353 0.06592650588359869
1354 0.1495821712090821
1355 -0.3996394630272563
1356 -0.1515790651221277
1357 0.2765084585858718
1358 -0.4224080126168664
1359 -0.3329840937607555
1360 -0.1564008841793676
1361 -0.2027670660134148
1362 0.20464753468342198
1363 -0.1954432334401508
1364 0.15238958849215867
1365 -0.10969724567573316
1366 -0.009841332391866155
1367 0.06874064162090586
1368 0.018800539964285837
1369 -0.1140768087722931
1370 0.04218511747765382
1371 0.01579685583485582
1372 0.004546051006517957
1373 -0.057758480312430055
1374 0.0025184727316265947
1375 0.06920950695809554
1376 -0.1435598017471557
1377 0.11295729923714187
1378 0.0871390397239531
1379 -0.07328618412859146
1380 -0.016056517501680495
1381 -0.08935351422318967
1382 -0.11613049041258929
1383 0.16821610270765805
1384 0.02628368674696572
1385 0.057486736002808056
1386 -0.03441824185269064
1387 -0.26798423152549583
1388 0.09288957835716939
1389 0.26329181571735094
1390 0.07383277552704319
1391 0.04918858976937524
1392 0.32413996235790377
1393 0.04663333815790968
1394 -0.2719677890187275
1395 -0.0519996866457753
1396 -0.08649671343871392
1397 -0.15243854001028448
1398 0.17804598224254378
1399 0.19162517801798087
1400 -0.13990727009233345
1401 -0.20524012023759725
1402 -0.05454552244267141
1403 -0.02503858584107817
1404 0.003761570323448417
1405 -0.06419795391499086
1406 -0.23832798321093723
1407 -0.020949972683267294
1408 0.03235326772119257
1409 0.08777704400324773
1410 0.09703585859274334
1411 0.030456854201952165
1412 0.03228367970221999
1413 0.00020771637752532365
1414 0.01989272062287377
1415 0.06813786768625227
1416 0.012669925721077382
1417 0.041378334097576894
1418 -0.018558442977885337
1419 0.02099749396960473
1420 0.007268144498109972
1421 -0.0020537255074494433
1422 0.061959577417369884
1423 0.05216861534109406
1424 0.05718535489427894
1425 -0.0459271403711155
1426 0.11669553122580104
1427 0.08798934081665069
1428 -0.10379506986341376
1429 0.04190441918317817
1430 0.35334433180953856
1431 -0.20339522334035032
1432 -0.05274479177585055
1433 0.11350577020822543
1434 0.04712197608401589
1435 -0.00014003335093345078
1436 0.013992964567665333
1437 -0.04704879025436632
1438 -0.04788430392672375
1439 -0.018388080617254308
1440 0.05235282965902472
1441 0.10098266099678997
1442 -0.10427551187581145
1443 -0.0024979440189239585
1444 0.016094273159011095
1445 -0.04054124569878958
1446 0.00754166442333543
1447 0.011711931133247033
1448 0.015923967667809374
1449 -0.040656250738828205
1450 0.030173096259595366
1451 0.000296748324031473
1452 0.08817736726397994
1453 0.11241303456435611
1454 0.16789172170490035
1455 0.04767097238355538
1456 0.1295971181981538
1457 0.08544639352602884
1458 0.03699555158304952
1459 -0.03190498719387764
1460 0.07437171885008385
1461 -0.1691061714585962
1462 0.16079670138807323
1463 0.13290024858925542
1464 -0.18509112156384544
1465 -0.09767525286199907
1466 0.03321034322668045
1467 -0.037622161351918156
1468 -0.03366769452104989
1469 -0.3305040945142457
1470 0.05589869433047793
1471 -0.0909284627674048
1472 0.057046983026560964
1473 0.023345609178065913
1474 0.1067616776487886
1475 -0.22183409121081774
1476 0.16434436864313082
1477 0.4650697854554304
1478 0.40381348488254104
1479 -0.26878177424694716
1480 0.37805686588868076
1481 0.2516692266796018
1482 0.10694704986725231
1483 -0.032377938409850246
1484 0.1274407901829827
1485 -0.13451471199020584
1486 -0.020287707153848703
1487 0.12380544561431536
1488 -0.039808869552778625
1489 0.21988957273161122
1490 0.09098995374310817
1491 -0.11771210497553791
1492 0.17883624878509533
1493 0.0929678086832428
1494 -0.20713551341285355
1495 0.006587995009174296
1496 0.014186486465391973
1497 -0.27442322317247264
1498 -0.3414737072513961
1499 -0.3951400048212998
1500 0.08949842603697873
1501 0.08802818925737782
1502 -0.10961984158273735
1503 -0.07342756059952586
1504 0.08472362158129088
1505 0.018664634003068625
1506 -0.05613473834614397
1507 0.05195455192499637
1508 0.09329973351515919
1509 0.32974270180963094
1510 0.07233032677977169
1511 -0.08628412761178487
1512 0.06772111122452229
1513 -0.012871556320167498
1514 0.052561192057895945
1515 -0.017149730024623257
1516 -0.014251117757661476
1517 -0.038176506581781705
1518 0.030193172699653187
1519 0.009134589144057017
1520 0.06632420014132318
1521 -0.06685227881112968
1522 -0.05642132404926546
1523 -0.05587369250808283
1524 0.0047294351078755285
1525 -0.030015406137107646
1526 -0.039922599340750674
1527 -0.005602633293050422
1528 0.09069714416068722
1529 0.23258602347539614
1530 -0.045029172111214426
1531 -0.09256681105500823
1532 -0.0944868634810906
1533 0.0878492337453493
1534 -0.09069397305371109
1535 -0.07337709246236418
1536 0.14013997308894427
1537 0.08826682115468606
1538 -0.17289999935199477
1539 0.05389531140818633
1540 -0.10119516572300921
1541 -0.027598965062862274
1542 0.06487450943031417
1543 -0.015887040452906395
1544 -0.03102558716501242
1545 0.042119374902581525
1546 0.17194128528147093
1547 0.0312510199565879
1548 -0.009898625820605137
1549 0.022320197489228196
1550 -0.021725860097086526
1551 -0.17517392253653533
1552 0.026126506998572746
1553 -0.004164942936732445
1554 0.1359989390084495
1555 0.03661521141310143
1556 0.03284064304332153
1557 -0.15451932920691122
1558 0.03199774158297906
1559 0.08557971464213078
1560 0.0008925986959070645
1561 0.019896737394350848
1562 -0.06353983726582453
1563 -0.0018823426220710348
1564 0.007110634378395455
1565 -0.10450522976959487
1566 -0.1028167530454252
1567 0.06786352400739165
1568 0.053407532542802685
1569 0.2128608064124769
1570 0.062477944676793136
1571 0.06906682283880611
1572 0.02573138049400519
1573 -0.07439592229927522
1574 -0.10499498625652598
1575 0.013252571724092976
1576 0.019912554629304642
1577 -0.0006787320354387015
1578 0.02482239327197397
1579 0.020833796111196
1580 -0.13456263187375597
1581 0.2063493361277245
1582 0.121142420949168
1583 -0.0920024559415161
1584 0.10353770847750327
1585 0.00013721185025573137
1586 -0.06605080235078843
1587 0.055554645648596856
1588 -0.012594606243714852
1589 0.026836449254430437
1590 -0.0020494331988718775
1591 -0.02347373476640158
1592 0.004955131039418946
1593 0.05191115685496274
1594 -0.030175708642773594
1595 -0.036617234414062644
1596 0.06581623027379846
1597 0.027041636954792614
1598 0.11245066171007673
1599 0.028653236974470624
1600 0.09547278382751134
1601 0.15206526722246672
1602 0.04699679037636414
1603 0.10394906893665727
1604 0.0014827473186786165
1605 -0.037491946086282875
1606 -0.017997553039128287
1607 -0.06933581257708425
1608 -0.10199040098592653
1609 0.00022218940662576355
1610 0.019295195478779045
1611 0.06537325001543937
1612 0.2510094146712595
1613 0.12208229654198899
1614 0.06765818101403007
1615 -0.11355756641129396
1616 -0.041121809636098614
1617 -0.09485639912714863
1618 -0.0343997304333926
1619 -0.16473538275399227
1620 -0.33182056746474126
1621 0.1899166445917569
1622 0.42855217581235816
1623 0.08456194543300903
1624 -0.058015359691369575
1625 -0.1441140316910243
1626 0.12668683899779476
1627 -0.32511389614244196
1628 0.11449074328831692
1629 0.39070815675768744
1630 -0.10315497762470187
1631 0.43993308230054007
1632 -0.1822321332614041
1633 -0.00034682060360881074
1634 0.22846264671538816
1635 -0.12004717078055624
1636 -0.1540492611117628
1637 0.020827071232296934
1638 0.0034931163938175308
1639 -0.22025222050482837
1640 -0.07260514720944124
1641 -0.10989803868075469
1642 -0.11705300715162156
1643 -0.09438560342906917
1644 -0.015817675715830357
1645 0.03262309238270962
1646 -0.013654277280200936
1647 -0.03923180746863472
1648 -0.03008900034154911
1649 -0.00791348140538836
1650 0.007762485699710656
1651 -0.030573403881783753
1652 -0.010756763405038876
1653 -0.016228155345637894
1654 -0.013031322533022508
1655 -0.012455740549297633
1656 0.16493808189834896
1657 0.046971358590165546
1658 0.0028790152336975296
1659 0.020528293170518002
1660 -0.1698439918026803
1661 -0.17761439781534047
1662 -0.27228040731570463
1663 -0.2569784642336486
1664 -0.15827482063362278
1665 0.0001710462055760581
1666 0.15797055734949647
1667 -0.05436771415084169
1668 -0.11679814323239632
1669 0.3077770562516597
1670 -0.1881482409039617
1671 -0.2659238231138242
1672 -0.015955007998532687
1673 0.018503357157532166
1674 0.07305384497149166
1675 0.22438365938676288
1676 -0.1947395024737582
1677 -0.2022012291207187
1678 -0.18670212791875548
1679 0.11378394235909234
1680 0.024468600240326727
1681 -0.005220499657503346
1682 -0.012057938660969178
1683 -0.0010937020266972271
1684 -0.043475973238284525
1685 -0.015290412247471184
1686 -0.022679181907694433
1687 0.014087250796714095
1688 0.07254143988037184
1689 -0.012249784743198024
1690 0.040959246290631066
1691 0.13187494833310417
1692 -0.08487098529160629
1693 -0.09723022511278215
1694 0.10717184250499213
1695 -0.05430838035165189
1696 0.12655824486320352
1697 -0.13850428798450362
1698 -0.007034244025687682
1699 -0.09853970361202086
1700 -0.13632003169293805
1701 0.05505845724704551
1702 -0.22745787366796316
1703 -0.21036336100008818
1704 0.5171059041162551
1705 -0.5259176694405406
1706 -0.24620850935777824
1707 -0.17545029746414703
1708 0.1268619400902756
1709 0.19603276069752545
1710 0.3209405710902393
1711 0.034270649906949655
1712 0.1596986430752068
1713 -0.05645194063818129
1714 -0.42176639172066555
1715 0.25496401274550784
1716 0.4449450476512623
1717 0.18795976832195654
1718 -0.07934117700918579
1719 -0.04298871320031751
1720 -0.01735790217059169
1721 0.07598964239299803
1722 0.06859918931431887
1723 -0.10778218963350536
1724 0.09700317280558678
1725 0.10925178679573797
1726 0.11294289326086532
1727 0.08160710342401656
1728 0.034685857470526146
1729 0.12998325641602124
1730 0.03959639751351172
1731 0.09670528147929743
1732 -0.2919200084587516
1733 0.049618517687323824
1734 0.02885074821676017
1735 -0.03649720460552815
1736 -0.13681669901385396
1737 -0.11351651869844692
1738 -0.06323158265540377
1739 -0.18614525040963176
1740 0.10555930414131526
1741 -0.18985688200756015
1742 -0.1256961511414574
1743 -0.10626865638149215
1744 -0.18478315384712013
1745 0.046928563080438856
1746 -0.38091926585933494
1747 -0.4900352500707059
1748 -0.08281770779464444
1749 0.2174112880379986
1750 0.24859148574816517
1751 -0.07524832059759684
1752 0.3021313257453718
1753 0.3106707761834979
1754 -0.20000688768626895
1755 0.17018288082975333
1756 -0.028533157131488494
1757 -0.00896509999733371
1758 0.025178055964788386
1759 0.16493892132268329
1760 -0.603678140766901
1761 -0.18950211497116093
1762 0.11099861984864387
1763 0.05785513915180435
1764 0.03872085041084215
1765 -0.134222155416292
1766 0.11476541717235186
1767 0.35377659935657496
1768 0.16796244682317207
1769 0.2695563154716406
1770 0.07660402863650641
1771 0.211657091075983
1772 0.14772657249548202
1773 -0.22024010710820227
1774 0.10607710485850888
1775 0.07917481976951352
1776 0.14239383394077776
1777 -0.11793033313990403
1778 0.265789845371619
1779 0.36850098160275496
1780 -0.2904546874006172
1781 0.013689546391021202
1782 0.22267651777503356
1783 0.33784824066873287
1784 0.1135511831835031
1785 -0.1381643348573035
1786 -0.059572851133264375
1787 0.0870541947888918
1788 0.03876894598117056
1789 0.06826184293165262
1790 -0.06769806168273816
1791 0.05033524015346166
1792 0.0021265458527924296
1793 -0.08977630990706285
1794 0.08314141961464509
1795 -0.0800562328276183
1796 0.037337475047899575
1797 0.11673078966084718
1798 0.09711435220614519
1799 -0.007107241358398585
1800 -0.04727809195935907
1801 0.032461644232902924
1802 0.08673683180425155
1803 0.05844882374803211
1804 -0.026899860524009906
1805 0.01611041611778665
1806 -0.004725133715801026
1807 0.014666537487673964
1808 0.002325686089122819
1809 0.027766918342315573
1810 0.008883078916403248
1811 -0.020155764649033632
1812 0.08790848709385041
1813 -0.043422937257638364
1814 0.08315422002153312
1815 0.022632981704161743
1816 -0.039303604956819845
1817 0.0313613547264755
1818 -0.03632396810010662
1819 0.042839891358320566
1820 0.01887399374702544
1821 0.340609705916915
1822 -0.1886041843951819
1823 0.12589699897228357
1824 -0.11235882574916013
1825 0.029507980337031673
1826 0.2333086117313692
1827 -0.0237565525610158
1828 0.11377589810267305
1829 0.23999365546340243
1830 0.06011723727349238
1831 0.04854075507578792
1832 0.03178667841131152
1833 0.007333999571579881
1834 0.007210605560970105
1835 0.04696728213887423
1836 0.06689576285430125
1837 0.2729047035410246
1838 0.007096453629263126
1839 0.1688832583186234
1840 -0.004915589502275587
1841 0.009241648595536028
1842 0.07045360939109989
1843 -0.0257888574861132
1844 -0.01826208629767313
1845 -0.0022237377435298847
1846 -0.019231021914499463
1847 0.07715144089813544
1848 -0.009856383746298526
1849 -0.05168255190618493
1850 0.0495718324187879
1851 -0.001925516737193139
1852 -0.04113805360226649
1853 -0.01881888636353271
1854 0.024354404777966666
1855 -0.014774666368263195
1856 -0.1941381709655209
1857 0.10972258033311126
1858 -0.16633000530632577
1859 -0.14343291262656901
1860 0.07939372832853576
1861 0.24822791310197342
1862 -0.059906662304439647
1863 0.03974506736408255
1864 -0.042045963590270886
1865 -0.147522793939507
1866 -0.01756926995455087
1867 -0.050082096025650454
1868 -0.13467939542539506
1869 -0.2676721169183621
1870 -0.015772358633535016
1871 -0.13253385667497902
1872 -0.021679837129643064
1873 -0.02618212235633559
1874 -0.2406208796994921
1875 -0.09809783139234206
1876 -0.19511760898448194
1877 -0.13941848610453428
1878 0.07346562050425226
1879 0.14369007925383975
1880 0.2739632022089744
1881 -0.11775771773517776
1882 0.06636076414346707
1883 0.07749652766821416
1884 0.08234237146191353
1885 -0.058972046852832416
1886 0.10791060524647289
1887 -0.017261149038944185
1888 0.00527487754630752
1889 -0.07945824753127226
1890 -0.03288377133700201
1891 0.021102496290331764
1892 -0.06381028589990186
1893 -0.017200548292287985
1894 0.0007259922755772313
1895 -0.01670162947929463
1896 0.0027452581276957476
1897 -0.016530206723716724
1898 -0.0171935634290103
1899 0.0044223887966300095
1900 0.039308413438321164
1901 0.0668715557693913
1902 -0.08637174089850974
1903 -0.06844743219155208
1904 -0.011621409030414235
1905 -0.024075406589620846
1906 0.23901059101729027
1907 0.011387747923770885
1908 -0.03157977231082086
1909 0.03663380845081317
1910 0.027117050381393896
1911 -0.003322486644356566
1912 -0.01671674715369698
1913 -0.04174328405803427
1914 0.013331239908445805
1915 0.0036108742376398583
1916 -0.015362312316092419
1917 -0.015998208120428178
1918 0.03721487374885748
1919 0.018678750478034245
1920 -0.014358287056092921
1921 0.03642701423979428
1922 -0.0007542224276630171
1923 -0.021101430270707544
1924 0.0006181999649484364
1925 0.0047542246883127285
1926 -0.05191002436827078
1927 0.06738558445068901
1928 -0.08412377936448515
1929 0.008738093757570868
1930 0.018028307164906623
1931 -0.023985276688081668
1932 0.008678299987889871
1933 0.07995528542980022
1934 -0.02418610583394375
1935 -0.04012365911287856
1936 0.11252434904746614
1937 0.15819850904120678
1938 0.023788314865840234
1939 -0.09928581187947785
1940 0.05588235561879658
1941 0.07246424201499325
1942 -0.1039089522930804
1943 0.09128338074751284
1944 0.11507053011766359
1945 0.08850959937744726
1946 -0.08976087084556482
1947 0.0732910136412214
1948 0.10882324365976495
1949 0.02568195070745083
1950 0.1005768890217474
1951 -0.06882351277848765
1952 0.30212855824318163
1953 0.18423105308500323
1954 -0.36392864426608657
1955 -0.11325828335172813
1956 -0.07391677346105041
1957 0.05341318201875587
1958 0.3770679769917385
1959 0.23836735899020908
1960 0.33110482577761124
1961 0.44383224515069514
1962 -0.26162283543101883
1963 0.05458683296968297
1964 -0.027233008314490183
1965 -0.0018660336197012682
1966 -0.04586291878503199
1967 -0.01048168252789782
1968 -0.04520796123388234
1969 0.05614591808175281
1970 -0.004060594244821076
1971 0.04156041264549552
1972 0.16883980820422778
1973 0.0945100213553504
1974 0.11091130965904895
1975 -0.07867042433068261
1976 0.3011173283579489
1977 -0.4527604229461657
1978 0.45368374520862575
1979 0.029069301136097635
1980 -0.21727089337286082
1981 -0.3882604170559887
1982 -0.2975549197170264
1983 -0.051081939180907705
1984 0.3522599803408428
1985 -0.0494744825218917
1986 -0.09267126453441035
1987 -0.08684806608081255
1988 -0.10665556852675427
1989 0.10250618372505782
1990 0.023536537365997912
1991 -0.16188758862632827
1992 0.009758674032790115
1993 0.03438777641624029
1994 -0.09894028572755623
1995 0.1393856232161059
1996 -0.0985329602385275
1997 0.18191455208325175
1998 0.2538469122137679
1999 -0.41277487809259655
2000 -0.2354958092005292
2001 -0.18793148096996176
2002 0.0751391226589385
2003 -0.19695150591146293
2004 0.16267615153209106
2005 -0.19214545918767575
2006 -0.15382229871740183
2007 0.06375064032288
2008 0.08475980780811851
2009 -0.05167103042056814
2010 -0.01797761218319174
2011 -0.008843112259027449
2012 -0.054521221247371084
2013 -0.01162640027634775
2014 0.044988839769011656
2015 -0.0009199174221212223
2016 0.09763000523817174
2017 0.07289303509506061
2018 -0.002864501419463826
2019 0.008375250079868508
2020 -0.011839094027057283
2021 0.04934765064926115
2022 -0.01891998149367606
2023 -0.029449649550765074
2024 0.03501698419238312
2025 -0.009657142334496722
2026 -0.00024510653357324514
2027 -0.036729854125275435
2028 -0.03658348732248351
2029 -0.05308022645358269
2030 0.1759546249384448
2031 -0.056837977167853694
2032 -0.137784024063655
2033 -0.16120678174298736
2034 -0.21189007754499325
2035 -0.41221487296225984
2036 -0.05867989223103554
2037 0.2568747523849357
2038 0.09162524955457811
2039 -0.09660139597308942
2040 0.12448986710030055
2041 -0.14680903493488862
2042 0.10225898006633836
2043 0.08332359760089847
2044 0.027992009323770984
2045 -0.016285101439691457
2046 0.007472659034627512
2047 -0.03251065793283231
2048 -0.009037406052176454
2049 0.010597579883332582
2050 -0.027124451089582315
2051 0.03155428308951657
2052 0.0028221864078264635
2053 -0.035530942444596404
2054 0.008124580014698665
2055 -0.001192645204437464
2056 -0.04754309115780799
2057 -0.05910836345940407
2058 -0.09224827418167657
2059 -0.01940524149087573
2060 -0.024748660936510566
2061 0.02316047780517658
2062 -0.06560110310843272
2063 0.02301340352058119
2064 -0.08435356194979106
2065 -0.07535270207454597
2066 -0.02831926496317383
2067 -0.01455575404975409
2068 0.015722816496653365
2069 -0.018368531189447975
2070 0.009874764847550243
2071 0.018561715292901414
2072 0.012831143748005971
2073 0.008945619255181388
2074 0.0015660837246017818
2075 0.017411240646434813
2076 -0.019400607414666277
2077 0.017565598070017792
2078 -0.014633481418463932
2079 -0.05129385650992143
2080 0.026659657881846082
2081 -0.018672592941996892
2082 0.014383959039794935
2083 -0.030811275099144976
2084 0.08064648315359865
2085 0.09383681336100955
2086 0.05733238422230234
2087 0.413190316256256
2088 0.19154147858257425
2089 -0.2365516124830437
2090 -0.0490274024034285
2091 0.10846556509405575
2092 0.12372880539544484
2093 -0.05277353002388849
2094 0.040008395850598295
2095 -0.15176335685640732
2096 -0.014904600801376284
2097 -0.07113052486645728
2098 -0.002728646357759568
2099 0.016318101507514986
2100 -0.009582166068582533
2101 0.05456657790245005
2102 0.04587525078997134
2103 0.012728583727004281
2104 -0.05373869577425882
2105 0.0700196129142552
2106 0.01977390199762831
2107 0.03287892740641967
2108 -0.033209737648750064
2109 -0.01644959056146981
2110 0.011256801019133005
2111 0.05110787733428629
2112 0.0163141378776643
2113 -0.10741452928214681
2114 -0.04886394434208697
2115 -0.12089627327380668
2116 -0.07133059706619047
2117 -0.030407731910524535
2118 0.07291548975738316
2119 0.07738608890959119
2120 0.02855847818752839
2121 0.021107617697257313
2122 0.0009243909881817856
2123 0.011453827974321285
2124 0.012993058352278692
2125 -0.010579116197067804
2126 0.011131711907013878
2127 0.06052436447605671
2128 0.12257177935855909
2129 0.06307817768437608
2130 0.003299465873929618
2131 -0.010690373704132469
2132 0.012525935040856211
2133 -0.01878120851423476
2134 0.02271700657267665
2135 -0.026744707202531356
2136 0.009171798276941515
2137 -0.009025422508664777
2138 -0.044416138768798616
2139 -0.030757963159686912
2140 -0.004829289408232745
2141 -0.009421840916051047
2142 0.01164216978295437
2143 0.006437775320944987
2144 -0.04681536895163274
2145 0.028363355747379537
2146 0.021092487331547585
2147 0.05229585434633709
2148 -0.006214237823946246
2149 -0.0443821135460303
2150 -0.0597991299363187
2151 0.024048968577128824
2152 0.05264945880793838
2153 -0.07642930014842401
2154 -0.016651348674613212
2155 -0.03986194674798193
2156 0.08870158654077
2157 -0.05791849354917906
2158 -0.008705481802175114
2159 -0.037687549486742675
2160 -0.03675579670203575
2161 0.012341603717846638
2162 0.029962902631984773
2163 0.010954901563196413
2164 -0.01712069801957809
2165 -0.0027235096935375337
2166 0.012535088128883631
2167 -0.04995279759574967
2168 0.03676679860430112
2169 0.020506072428591208
2170 -0.02931363053452415
2171 -0.03002601334732288
2172 0.004194124477504921
2173 0.08594936247317565
2174 -0.03334115980735906
2175 0.111350162892924
2176 -0.06060834968452594
2177 0.21990047323032233
2178 -0.28375112844313943
2179 -0.34467708004488007
2180 0.14046198574219354
2181 0.35035422186431286
2182 -0.29118690625124083
2183 0.19918967525991832
2184 0.027088069527958458
2185 0.23483113117036672
2186 -0.2483715128402135
2187 0.22907141223357888
2188 -0.3068811881590567
2189 -0.10657939431188422
2190 0.22712986455879788
2191 -0.23304277552573077
2192 -0.09947151150267067
2193 0.10576887486914252
2194 -0.014789506367850423
2195 -0.04044780987276735
2196 0.0030303456297987993
2197 0.10457014969838842
2198 0.12741128687249043
2199 0.08324104942403295
2200 0.06675335332385283
2201 -0.04435779573667191
2202 -0.030937279310246445
2203 0.05905361489814807
2204 -0.06394840087511798
2205 0.00855050986667973
2206 0.018587576665161896
2207 0.013505602763214629
2208 0.017808920171414364
2209 -0.008729267276884351
2210 -0.03949396422711203
2211 -0.03903088825630547
2212 0.019056301211199462
2213 -0.05183907329248767
2214 0.038054169810331655
2215 -0.09083114042009209
2216 -0.011215520893669959
2217 0.018510409830871835
2218 -0.10027972468741977
2219 0.10240925489296325
2220 0.03789616076113435
2221 -0.10665361661384849
2222 -0.10216501192922146
2223 -0.041662506213588205
2224 -0.09177561692372133
2225 0.014797787772825212
2226 0.01789163971097714
2227 0.023760357954936133
2228 0.5361382387379507
2229 0.15192850701690902
2230 0.5857656626641196
2231 0.26667378761768656
2232 0.0019902960466166133
2233 -0.2741083993310913
2234 -0.2545482854550616
2235 -0.15109538243346574
2236 0.0051898591117614705
2237 -0.05371201142511645
2238 0.0015859391779527701
2239 -0.04714696158616135
2240 0.005893712963784245
2241 0.06450390392917081
2242 0.011997880882796174
2243 0.1580935559964526
2244 0.10702946445698355
2245 -0.018837531538623123
2246 0.038910366127558285
2247 -0.2941509917933619
2248 -0.0542936069224697
2249 -0.08688875099713401
2250 -0.06720055599935935
2251 -0.10389019025466133
2252 0.03721410092620154
2253 0.044651872934026865
2254 -0.04092900561502526
2255 0.14428108987449903
2256 -0.050430187482436835
2257 -0.01727155724494805
2258 0.026811703867948348
2259 0.003998268869552094
2260 -0.012668010235148377
2261 0.05379568607561046
2262 0.029735372568888186
2263 -0.06128848099866442
2264 -0.03254613903992055
2265 0.03575741134436843
2266 -0.08156734001452047
2267 0.12912978764844749
2268 0.053037463625344006
2269 0.057803997637460976
2270 0.031550692779990314
2271 0.06321199786429003
2272 -0.040410370094968506
2273 0.045178193681579146
2274 0.06940182021147921
2275 0.011183514997953892
2276 0.055240621353839545
2277 0.12165871224237511
2278 -0.1497753113214151
2279 -0.007910087213880474
2280 0.04820772944351894
2281 0.02041131506618934
2282 -0.041428098951434233
2283 -0.14536595907734354
2284 -0.20201641558684297
2285 0.33809305537909656
2286 0.10804636166976346
2287 -0.014492824119723354
2288 -0.03862794691912601
2289 0.04013521444420193
2290 -0.068305461866069
2291 0.01612451106688052
2292 -0.0177572263229049
2293 -0.13521039200555535
2294 -0.05111120912658599
2295 -0.11477724405933484
2296 0.09892183770750361
2297 0.03993969824894065
2298 -0.11055870472357161
2299 0.13299663753815355
2300 -0.19525617788556063
2301 0.06556845435163305
2302 0.06218068349827898
2303 0.21218417463107547
2304 0.18096296109231258
2305 -0.2669403420914024
2306 0.17618212080176138
2307 0.2509498146722229
2308 -0.27832539850329396
2309 -0.019066181350489018
2310 -0.11178411595071139
2311 0.06318838401365816
2312 -0.3622691630438913
2313 0.34091234455121816
2314 0.050754014739831314
2315 0.15514391694784596
2316 0.20394541701237284
2317 -0.008191394150296289
2318 0.02832707932025214
2319 -0.02928635423077143
2320 -0.01972068969949285
2321 -0.06565195332821668
2322 0.10367130046269628
2323 -0.00937415450743157
2324 -0.005741488955058772
2325 0.11142383878406714
2326 -0.21270896578734955
2327 0.059533812261546255
2328 0.04398383830105264
2329 -0.1580738670064914
2330 -0.1186597502568239
2331 -0.0967039813930961
2332 0.1582228828084173
2333 0.12225683154066248
2334 -0.11468011688682515
2335 -0.12750106456122828
2336 0.1202467330034824
2337 0.05560740542522666
2338 0.006442746564714393
2339 -0.0750098344476479
2340 0.027101070793073237
2341 -0.13959381367475127
2342 -0.07450409534941325
2343 -0.045018465208845
2344 -0.037998954137859524
2345 -0.00599441103537436
2346 0.023481503612066492
2347 0.0039337024356828725
2348 0.12879755485473324
2349 -0.15232088551402312
2350 0.010216217626195852
2351 -0.0666057150338555
2352 0.06764723272324104
2353 0.06987005700827546
2354 0.012347477315018285
2355 -0.011529694222528942
2356 -0.03544529159020399
2357 -0.08312255296700585
2358 0.07320333757013492
2359 -0.002722212722382952
2360 -0.028243135212934596
2361 -0.13386751816225995
2362 0.30866806599544444
2363 0.2741829504553732
2364 -0.27251080709245945
2365 -0.15605523661045284
2366 0.3171374709352192
2367 -0.16587540463155223
2368 0.3921675371836952
2369 0.03812924320794396
2370 -0.22685274334685487
2371 0.06046404526729882
2372 -0.0866495368228763
2373 0.22864330977413966
2374 0.0716550396668813
2375 -0.024449127758325213
2376 -0.06802646719025005
2377 0.0022662198105759517
2378 -0.001463133952138376
2379 -0.004832444277692053
2380 -0.03908631910511023
2381 -0.026254475608807278
2382 0.06088796475954375
2383 -0.010721036588964018
2384 0.06226316884161308
2385 0.20634885114310197
2386 -0.08487449655373856
2387 0.08098375367178998
2388 0.1609867936332969
2389 -0.18807652916145734
2390 -0.07974645259618111
2391 0.3852333942939658
2392 -0.0051514401735702955
2393 -0.044984603970526
2394 -0.12698403094788466
2395 -0.14195106553242565
2396 0.02128725953948223
2397 0.005601189428265079
2398 -0.03561238573678417
2399 0.022169631403314728
2400 -0.07882882801525021
2401 -0.019314286814128594
2402 0.07730486216335872
2403 -0.16508105960912992
2404 -0.4676680537751844
2405 0.5159120881139205
2406 -0.42553903576713875
2407 0.0634059403302244
2408 -0.1116682190039021
2409 -0.04799390893339183
2410 0.0031924588729318353
2411 0.05172364520617634
2412 -0.09062675038008859
2413 0.11225659737510149
2414 0.2592774318801972
2415 -0.16314249356106844
2416 0.06391490118968988
2417 0.05256106555913626
2418 -0.16403499049278902
2419 0.02371507840289053
2420 0.018598145292900055
2421 -0.043444357504912046
2422 -0.005861032534088174
2423 0.001574542917891829
2424 -0.00916290985185072
2425 -0.10094219564616437
2426 -0.09778582553952792
2427 -0.009656644739627549
2428 -0.3307019257909647
2429 -0.0420209079598671
2430 0.12123996862885882
2431 -0.28626063295873455
2432 0.010031584540666194
2433 -0.2839565566226123
2434 0.0649172684708398
2435 -0.16869344655006147
2436 -0.11002670947343689
2437 0.08310505410862185
2438 -0.17796206967280015
2439 -0.06554828062092927
2440 0.177724868968414
2441 -0.04057850206941481
2442 0.19117238073209716
2443 0.19853442846783007
2444 0.030482209984964093
2445 -0.18554586557634
2446 0.009907998695260597
2447 -0.3207510564145601
2448 -0.26508117950470383
2449 0.18392888057024787
2450 0.05286646256881795
2451 0.06974560147498533
2452 -0.0014550650065262285
2453 -0.16914602474532514
2454 0.04403654747370805
2455 -0.12693768797261687
2456 -0.17725603892493158
2457 -0.03421984839825131
2458 0.005212359439604221
2459 -0.08870318573314069
2460 0.06582988448172646
2461 -0.020761314531036898
2462 0.07363339647589733
2463 0.07713931615529739
2464 0.07128043117444675
2465 -0.14874024765366117
2466 0.2272734587600705
2467 -0.10309239979083884
2468 -0.07846844540304894
2469 -0.16669904400853028
2470 -0.26983739402990986
2471 -0.004861605061417498
2472 -0.08938903010918821
2473 -0.12104271806760965
2474 0.41776556277377375
2475 0.2777586385579706
2476 -0.1868340651460245
2477 0.23296721901008238
2478 -0.35367807872178075
2479 0.03314730403534437
2480 -0.4332960634010752
2481 0.10601602469092565
2482 0.04623253807989275
2483 0.13091951639278596
2484 0.0741046245894518
2485 0.024902213336458267
2486 0.07183278793800216
2487 0.047901961507006485
2488 -0.011956015246865901
2489 0.13443995533464376
2490 -0.1661360753463198
2491 0.02087471846423139
2492 0.10935578934352512
2493 -0.1450323806484022
2494 -0.06643078572117539
2495 -0.039982147618056
2496 0.01960523513922513
2497 -0.00669649897667788
2498 0.06745055318661565
2499 0.11557733622685265
2500 0.0739734342816761
2501 0.17921447084067862
2502 -0.06924742325706555
2503 -0.0792651529348443
2504 -0.004831806384442441
2505 0.019345205941408178
2506 0.10785217217415564
2507 0.030975737344599866
2508 -0.11327646478331524
2509 0.004453185173511254
2510 0.06745350084895464
2511 -0.2950848807883098
2512 0.14196967743679478
2513 0.04078798100519078
2514 -0.2657740399942699
2515 -0.2540797929342016
2516 0.12033429201170767
2517 -0.09110555604493752
2518 -0.017870677992340576
2519 -0.0016443400437510926
2520 -0.03929988464103618
2521 -0.10697316067479937
2522 0.04402857896913508
2523 -0.05225153716734996
2524 -0.020502563599636977
2525 -0.1520202695733952
2526 -0.10817906546006217
2527 -0.16202928668309932
2528 0.05633396496665712
2529 0.006054128028253321
2530 0.023421168482801076
2531 -0.018371452815419312
2532 -0.00020047315822962583
2533 0.015640702825771746
2534 0.17947255843273177
2535 -0.11616962964565675
2536 -0.03450337217374846
2537 0.011508100806965536
2538 -0.07143923506283667
2539 0.10335216907623167
2540 0.18759598746248987
2541 0.053567482752663056
2542 0.001289428654865316
2543 0.14141841377503994
2544 -0.08913265467031556
2545 -0.009573002562317013
2546 -0.09713240602460654
2547 -0.24454614959279986
2548 0.0982407744814452
2549 -0.005596131886870771
2550 -0.1625739057206218
2551 -0.04570396849365223
2552 -0.39438151546942657
2553 -0.0018542961196826016
2554 -0.12750659328834538
2555 0.002219885452745369
2556 -0.0120037125846696
2557 -0.024531457084995996
2558 -0.005043528265692533
2559 0.07867761713158548
2560 0.05925024910663918
2561 -0.0576247690734863
2562 0.015399848983211162
2563 0.018187332198525995
2564 -0.0022285234782542067
2565 0.06789956760454895
2566 0.06872867266058227
2567 -0.07360981750952392
2568 -0.02867422422436275
2569 -0.029611869397817292
2570 -0.04411623895046462
2571 -0.010892969095570604
2572 0.10432387319127447
2573 0.08764489832404398
2574 0.003935023420184237
2575 0.00021019088671569622
2576 0.3963959899243188
2577 -0.24301521498909592
2578 -0.00627585123640989
2579 0.050945029220554945
2580 0.02885607202390772
2581 0.08385003498285142
2582 0.0008216890050560167
2583 0.10447260693922181
2584 0.10228506002007322
2585 -0.02002497462694387
2586 -0.09981114364854884
2587 -0.010934664001757532
2588 0.11104728398777428
2589 -0.014398005819289494
2590 0.009803980654421776
2591 -0.016198362876723153
2592 0.009881245346013968
2593 -0.034361482757552554
2594 0.0500726167664376
2595 -0.06926947490468942
2596 -0.0007981504007063326
2597 -0.029101216113124384
2598 0.05563188118622927
2599 -0.09634302043766184
2600 -0.0020477183287302965
2601 0.13232319053674516
2602 0.05305579351100323
2603 0.06613437718207073
2604 -0.01641408255538177
2605 -0.011524312372030292
2606 0.02291708694862234
2607 -0.06773739100251659
2608 0.1077807328455246
2609 0.011734468804368977
2610 0.04965217869391245
2611 0.029433202505046642
2612 -0.18391637850545403
2613 -0.10109866413683405
2614 -0.029088111911219443
2615 -0.26851748352646987
2616 -0.0761427451167933
2617 -0.1347514350586465
2618 0.0025952480478384663
2619 -0.027568108480658795
2620 0.04827995095770573
2621 -0.0731798178700433
2622 -0.28402449836829147
2623 0.26342290180297984
2624 0.30328651112765737
2625 -0.3102224641630015
2626 0.17431333052559717
2627 0.2396236454776565
2628 0.035143159423430576
2629 -0.03391473136815176
2630 -0.023453403414300373
2631 -0.1537806370632539
2632 -0.014268016179427963
2633 0.00814888121125972
2634 -0.26806954235929537
2635 0.05165405629341067
2636 -0.13750571017655738
2637 -0.07993652281359843
2638 -0.10432663300773481
2639 0.032091743313420136
2640 -0.10870217229302392
2641 -0.02533487125879479
2642 0.009181271731305913
2643 -0.25055443953179374
2644 -0.38072802137347567
2645 -0.3285465614663089
2646 0.19764874136147773
2647 -0.02031564956651219
2648 -0.15569526389982913
2649 -0.21637179387052105
2650 -0.08249293868216202
2651 -0.04151600555824589
2652 0.0038537176602468416
2653 0.05010075732866864
2654 0.30839295710977743
2655 0.40158987882454017
2656 -0.22314072895209947
2657 -0.17154355812804598
2658 0.09929841621218022
2659 -0.06547660318818543
2660 0.01733345761303409
2661 -0.12924303520742156
2662 0.03731407972085734
2663 -0.2879837056168375
2664 0.0708795122757239
2665 -0.2254403505058885
2666 0.002392237086261884
2667 -0.0569380930898699
2668 -0.08738230767893788
2669 -0.1319913114676522
2670 -0.02976683545239838
2671 -0.10947144741309502
2672 0.012941690091120893
2673 -0.10420653272718909
2674 0.16347543668127362
2675 0.029872207599406772
2676 -0.004028175192621348
2677 0.05710500028854668
2678 -0.009034394129121295
2679 0.08305184838317796
2680 0.007532251940841908
2681 0.2487822737856792
2682 0.3839459016249795
2683 0.06692460057469751
2684 -0.24174777374602197
2685 -0.031740387812340023
2686 0.012581967654483963
2687 0.1618366075392366
2688 0.06977871699439522
2689 0.0058017977082349724
2690 -0.12351971283274159
2691 0.003645212281416912
2692 0.15746733311220207
2693 0.09188634459925174
2694 -0.032837806998578696
2695 0.1667957022432034
2696 -0.051783995295665415
2697 -0.2944200471223985
2698 -0.09067727442195506
2699 -0.01979894917753045
2700 0.1372086571512499
2701 0.10290069710790876
2702 -0.023707517366633027
2703 -0.20118315883039242
2704 -0.039893930496672704
2705 0.05652345154080096
2706 -0.012428330532158418
2707 0.02189846323729031
2708 0.07300469168850618
2709 -0.015155002411768188
2710 -0.026128375604583552
2711 -0.04039415303616382
2712 -0.1716909177833985
2713 0.04538283378331962
2714 0.10317772303182403
2715 0.2770213730139815
2716 -0.006989717886738557
2717 -0.08115487118856239
2718 0.024495700165860675
2719 -0.05721775413620788
2720 -0.0383126912609932
2721 0.02772711284007715
2722 0.040314165570711984
2723 0.10882634335762077
2724 -0.005594905633228867
2725 -0.086650361237443
2726 -0.05943261329920687
2727 0.24530456669388878
2728 0.11508418692623831
2729 -0.053316086878366566
2730 0.029871254303457
2731 -0.15850056863168108
2732 -0.04185049925195072
2733 -0.06866937195435015
2734 0.07270073871705326
2735 0.0706674020382254
2736 0.01573658691952336
2737 -0.04564653721448768
2738 0.011398007939684774
2739 0.06352544230545404
2740 -0.04096930369223044
2741 -0.0016257192681997893
2742 0.06013233810996065
2743 0.0368523056854873
2744 0.059394126847132495
2745 -0.024698962023653657
2746 0.1348746952256357
2747 0.07665355788235291
2748 -0.042835198072734545
2749 0.06549428556104056
2750 0.11809367300698725
2751 0.3935982082577458
2752 -0.12663085435085725
2753 -0.20293563442409962
2754 -0.08466228561572699
2755 -0.031833559543215734
2756 0.01929740769051414
2757 0.08802264876994446
2758 0.3269722489715867
2759 0.15588257956260587
2760 0.08124424126746031
2761 -0.03831192982344152
2762 0.02024770561307868
2763 -0.06414114280325697
2764 -0.02102579870772988
2765 -0.1267123859369306
2766 -0.2694564345439135
2767 -0.005862500533515056
2768 0.10149915165607476
2769 0.10031188119302754
2770 -0.16088652415991989
2771 0.04632122852884361
2772 -0.016255799285368196
2773 -0.2684449501601398
2774 -0.021866197424458743
2775 0.25267892432790107
2776 0.019953314122453186
2777 0.4120432406025896
2778 -0.03252048532713529
2779 0.014342627805666574
2780 0.1603314027111926
2781 0.03832826825601459
2782 -0.10688865945434599
2783 0.058156004031956886
2784 -0.014393676525382332
2785 -0.14413615013948214
2786 -0.023019980222815976
2787 -0.09745196804136728
2788 0.09646661233294453
2789 -0.043784143570195826
2790 0.049928221434130574
2791 0.009483056901813999
2792 -0.0033253146339386804
2793 -0.017692523601109535
2794 0.023011032920806276
2795 0.006826167271337896
2796 -0.005007345414542235
2797 0.09142414351237606
2798 0.027955279867973803
2799 -0.001378376385528335
2800 -0.031213993245411357
2801 -0.032497298405885985
2802 0.17861415574958017
2803 0.07235945627390278
2804 0.005224796758494362
2805 -0.034411142792153605
2806 -0.19253369096389736
2807 -0.06348347432586152
2808 -0.12186749376988565
2809 -0.1566484162489071
2810 -0.2475646773605116
2811 0.015933313657835166
2812 -0.028173799781859903
2813 -0.08762685653109155
2814 0.19984632508397956
2815 0.260131743688928
2816 0.1545845217790355
2817 -0.2606952040147075
2818 -0.12924756488619418
2819 0.23228835069871037
2820 -0.23482583016083067
2821 0.2881744054868126
2822 -0.20147303089997975
2823 -0.21644790183901155
2824 -0.3273841310573743
2825 0.09958745983530719
2826 0.1072460446912452
2827 0.2503690821692022
2828 0.05061325332296286
2829 0.04581509594406929
2830 0.10747651595604858
2831 0.06401356083213365
2832 -0.06948403364713356
2833 0.15119806351156903
2834 0.051062139728200825
2835 0.03275985196159219
2836 -0.1004214748713186
2837 -0.04451048868388481
2838 -0.4050394202050214
2839 -0.26459786021700615
2840 0.08979461573744454
2841 0.0769768119668815
2842 0.036132020322412736
2843 -0.28064045782999664
2844 -0.1858987142824938
2845 -0.09412243610184787
2846 -0.10090094378722468
2847 0.06266673012282573
2848 0.18489344066447033
2849 -0.2500388349453781
2850 -0.011247990762477211
2851 -0.13579689993034874
2852 0.28503665536735395
2853 -0.014070664457782723
2854 0.01729125169105367
2855 0.052602543452002715
2856 0.053411952000523885
2857 0.13612043162344886
2858 0.20415535071041224
2859 0.04661000739689345
2860 -0.40308781477400507
2861 0.34665464289414416
2862 0.469096226398228
2863 0.1717870407221676
2864 0.04163443011807014
2865 -0.1377747120833614
2866 0.11541002361119333
2867 0.0648544058833735
2868 0.0448760987425668
2869 0.16599239767898147
2870 0.06628920525171628
2871 0.059883598175886656
2872 -0.08705507181893658
2873 -0.08940715486857816
2874 -0.004354084623807869
2875 0.007901366584474002
2876 0.031281157279767276
2877 0.18792618282113302
2878 -0.16564428376249007
2879 0.16200608556622428
2880 0.08511288563363975
2881 -0.06300006250410049
2882 -0.21034203414530458
2883 0.011282863388683406
2884 -0.08695734422586417
2885 0.12181426018218496
2886 0.1496056204649167
2887 -0.14254466082003708
2888 0.030693512173783574
2889 -0.08950130974411656
2890 -0.018628518340258138
2891 0.12565693597023703
2892 -0.4080208990313262
2893 -0.5145919408049626
2894 -0.0957433297397575
2895 0.26836555794646916
2896 0.12146009365364988
2897 -0.020253782593371874
2898 0.2670586441325405
2899 0.1755773266289557
2900 -0.039602406482607606
2901 0.08336648954725878
2902 0.06936174030598175
2903 -0.046662421545920055
2904 0.007138325236361033
2905 0.05667316309299429
2906 -0.5605037080288783
2907 -0.10086616957142672
2908 -0.05407199434077252
2909 0.035297308765562814
2910 -0.031055581234871933
2911 -0.08996894343248221
2912 0.09869648948970224
2913 -0.03461945324043204
2914 -0.034073510368529625
2915 -0.033658480450140006
2916 -0.001961334730981816
2917 0.07465236953615609
2918 0.054558937593849284
2919 -0.1920320283368641
2920 0.13933516920249425
2921 -0.10262643663473571
2922 0.34201098097178434
2923 0.10684549461204919
2924 0.11479741926993174
2925 -0.014004760961250093
2926 0.0021030529608039006
2927 -0.008645496338319535
2928 -0.07571424835915293
2929 -0.04986072192146188
2930 -0.0440068497068855
2931 -0.01928473545333658
2932 0.05650320719841327
2933 0.06668703921125636
2934 0.04894898846243858
2935 0.08480231972027535
2936 -0.09184780250432256
2937 -0.0794454425640948
2938 0.0015146342669330173
2939 -0.02926298572886986
2940 0.04230235310933199
2941 -0.11214132251682522
2942 0.0328455249261257
2943 0.0580619481898744
2944 0.06178178324489686
2945 0.03740665551004821
2946 0.05687389871650638
2947 0.02710022222485888
2948 0.09543765670843603
2949 -0.08405220716196335
2950 -0.05709287658534079
2951 -0.03922139325123954
2952 -0.008276947417260788
2953 0.039686417445304815
2954 -0.010540998187429611
2955 0.0073223185627259825
2956 0.026957179740849723
2957 0.004009369397440302
2958 0.053638876027973965
2959 -0.10966318298528697
2960 0.09857377277281633
2961 0.0062656608378394135
2962 -0.0014026793945334844
2963 0.0009584807957157293
2964 -0.0006882578353074393
2965 -0.02474776345867268
2966 -0.010054666215805442
2967 0.20499615696492843
2968 -0.031370709647024694
2969 0.27359665091522245
2970 0.3078729674217093
2971 0.2051543996980999
2972 0.1550769817593069
2973 -0.039154692745992946
2974 -0.06241802498876901
2975 0.32042175353731195
2976 -0.0257360523197283
2977 0.11869718652796242
2978 0.04439790018052477
2979 0.06515463485699857
2980 0.07181607483797853
2981 0.3066651282384302
2982 0.1391670740997388
2983 0.1472747953464031
2984 -0.03183604991991674
2985 0.08282625695450464
2986 -0.10148906658382037
2987 0.022008335858873084
2988 0.02067400231390946
2989 -0.019386970512386786
2990 0.006917543885906388
2991 0.017969531134742707
2992 0.04424306750708238
2993 -0.07495523812545214
2994 -0.07071896887582253
2995 -0.019862350011684314
2996 -0.0431383096088549
2997 0.02942340814180527
2998 -0.1065915264350215
2999 0.1693965556867478
3000 -0.06038337348060851
3001 0.1353289987453479
3002 0.423508493247929
3003 -0.17830492294772404
3004 0.004414653239289248
3005 0.08196758008237329
3006 -0.028042625674229396
3007 -0.28697118379315106
3008 0.022031750699050532
3009 -0.03175709348177879
3010 0.12233212314537076
3011 0.17353163117480178
3012 0.14264374363785867
3013 0.15467579587362337
3014 -0.055068565346030454
3015 0.061054220186583505
3016 0.11052842083373364
3017 -0.02588405310137635
3018 0.07130196085824833
3019 0.009358891374926763
3020 -0.22935827871466105
3021 -0.09284179527800751
3022 -0.1715400046267229
3023 -0.06135816094400644
3024 0.011479123066569567
3025 -0.04805068693226362
3026 0.018780611091702988
3027 -0.0009996665280146326
3028 0.1117842452930066
3029 -0.07894494031452332
3030 0.02651742727902718
3031 -0.01593881403094161
3032 -0.10641153354379077
3033 -0.05599528438666088
3034 0.04257511999629571
3035 -0.004932863766278575
3036 -0.026709218968612863
3037 -0.004466288155866598
3038 -0.050144873110979316
3039 -0.048305273623845506
3040 -0.03692807785877228
3041 -0.04345840886351144
3042 -0.012763087812451722
3043 -0.039807024745827146
3044 0.002488618725670103
3045 0.11474223858538046
3046 0.0455261469482846
3047 0.0434037263528585
3048 0.01253544034085432
3049 -0.03937980697043102
3050 -0.025838781054208212
3051 -0.06068217538803819
3052 0.24121707203673648
3053 0.053829639515523754
3054 0.017286778322350222
3055 -0.008174243801449097
3056 0.038132678317086305
3057 -0.0017852482441992614
3058 0.009573060356603762
3059 -0.018039754462519708
3060 -0.013713197545782981
3061 0.0038093137542409544
3062 -0.19545510245936215
3063 -0.039483684057120855
3064 -0.05071475194755215
3065 -0.02887092376040713
3066 -0.024836486535002266
3067 0.03454573935683102
3068 -0.022064160940709163
3069 -0.032696238433180244
3070 0.001492346221327752
3071 -0.009025916325912086
3072 0.017252734717970647
3073 0.06360956997123388
3074 0.02585525919578333
3075 0.12117157795218021
3076 -0.024342592883271875
3077 -0.0812326677020936
3078 0.035423919172001286
3079 -0.11055656808013416
3080 0.026257626037356558
3081 -0.03702443569872564
3082 -0.09510877612038701
3083 -0.10494396873676222
3084 -0.023393582232311447
3085 0.1335413084466423
3086 -0.011644682512320958
3087 -0.03301502063770545
3088 0.09918788854250458
3089 -0.03426533052632682
3090 0.025454231266869014
3091 0.010600342065807107
3092 0.06387965448187002
3093 -0.03112429191524313
3094 0.08396290522110987
3095 0.06698172815050461
3096 -0.016438325016103525
3097 -0.014249243349813001
3098 0.3074769661170838
3099 -0.012394067885210538
3100 -0.18711439239924285
3101 -0.014457401323660081
3102 0.027872402240193772
3103 0.1209468800302098
3104 0.42705789599607485
3105 0.1161988893177899
3106 0.39408917019347944
3107 0.3560708511610185
3108 -0.21572483942664497
3109 -0.03338590671984319
3110 0.02810815867366193
3111 0.016687163361500147
3112 0.0035393504376950227
3113 -0.004532583786260233
3114 -0.055567927977091196
3115 -0.11053012244890868
3116 -0.01611086998547143
3117 -0.0660582736764254
3118 -0.038990204591765956
3119 -0.05962595245020347
3120 -0.019144289266303967
3121 0.28420225040615826
3122 -0.015804193581629263
3123 -0.07689153606743715
3124 0.07694388254468741
3125 0.12615418058076316
3126 -0.17338187091686794
3127 0.10254163521107142
3128 -0.24474202623266306
3129 0.14009529131667975
3130 0.12996585261858296
3131 0.14004223645238995
3132 0.17229306668412356
3133 0.23836034529955855
3134 -0.06536265022697885
3135 0.03621589985479443
3136 0.046677594512107366
3137 0.02361119986636326
3138 0.25619533857083016
3139 -0.12382816634991296
3140 -0.1288294163851839
3141 -0.3792772874943646
3142 0.31965093378953646
3143 -0.13317797505261186
3144 -0.055065073952945076
3145 0.011950217031004403
3146 0.005331558189027588
3147 -0.010593382885505867
3148 -0.006186348535801945
3149 0.01833855613293879
3150 -0.038383275117904125
3151 -0.01837328320577296
3152 0.030132661413797404
3153 0.01725734704542924
3154 -0.0015098492767592936
3155 0.03602229085193914
3156 -0.003825955100220058
3157 0.029394576118738632
3158 -0.05121471669793717
3159 -0.008022446237517824
3160 0.004006027032292819
3161 0.03020270834686286
3162 0.0029124866996991646
3163 0.030865606440552067
3164 -0.002458053678672979
3165 0.029069829398097807
3166 -0.04175197745232915
3167 -0.04295143159647565
3168 0.0025023029862788074
3169 -0.02062669201600802
3170 0.01640838156472465
3171 0.037708381987030436
3172 0.006513524467979988
3173 0.10249508851019629
3174 -0.08486159279841567
3175 -0.13031071843519848
3176 -0.06082927361497796
3177 -0.016108842023429756
3178 -0.11284954707794768
3179 0.07847483517224695
3180 0.007894212702742813
3181 -0.09810323319480167
3182 -0.05246043364817873
3183 -0.12932716876307063
3184 0.08486806690521537
3185 0.07582431501688745
3186 -0.060277350205757245
3187 0.021042661998441774
3188 -0.14044775601298612
3189 0.04710911233209606
3190 -0.04281005762359876
3191 -0.01669375886984463
3192 -0.0382316402702743
3193 -0.026933057853708843
3194 -0.016183540133762803
3195 -0.016394575751220657
3196 0.06819270916429039
3197 0.006488099027496645
3198 -0.010581868560174035
3199 0.01150100557026489
3200 -0.005398316689794876
3201 -0.033430394079302414
3202 0.092669602016549
3203 -0.04866351475699042
3204 0.06361691179157021
3205 -0.04226769589844664
3206 0.01926768290716695
3207 -0.03434669676190644
3208 -0.0495744400872713
3209 -0.06059506111042146
3210 -0.06996375009431248
3211 -0.03899210657180134
3212 -0.01857584069156704
3213 -0.011671519149735335
3214 -0.019531364556112638
3215 -0.040106503766031955
3216 -0.02933428646893577
3217 -0.007560028470933716
3218 0.024932631008940633
3219 -0.014159820432500324
3220 -0.015433827489113679
3221 0.03468564945207086
3222 -0.015195522090904134
3223 -0.029429961859291705
3224 -0.037438302656876726
3225 0.005344352274765107
3226 0.020963751501579555
3227 -0.014165790020981376
3228 0.0031403529257726264
3229 0.011185286017316312
3230 0.04028229393013756
3231 0.032627480941849134
3232 -0.08513065153471115
3233 0.19947978233991087
3234 0.07933800796166313
3235 -0.10979527309175104
3236 -0.10586441043184563
3237 0.11257238057980681
3238 0.13591352105726381
3239 -0.2243924495551707
3240 0.08218692332922754
3241 -0.13533624515772955
3242 -0.025709494246147827
3243 -0.05740156511197947
3244 0.07934271059336466
3245 0.007429417189924182
3246 -0.022138159376738843
3247 0.03192079613560007
3248 0.02978266789331584
3249 -0.009402133798271485
3250 -0.027755148093923484
3251 -0.02264189907538475
3252 -0.016145798761346128
3253 -0.025745515880907743
3254 0.07355402725387059
3255 -0.0472658147790091
3256 -0.06392738698624317
3257 0.025588156207526854
3258 -0.054564227481286476
3259 -0.01705373163116002
3260 -0.03798360946960025
3261 0.1847860510864913
3262 0.1460279612353747
3263 0.15679662312602052
3264 -0.08895441582229899
3265 -0.07689589441995463
3266 0.06368858398655297
3267 -0.1447086176015711
3268 0.004027654297548338
3269 0.008759541683149132
3270 -0.06075419505725733
3271 -0.010659041387090052
3272 0.049635133876878484
3273 0.033717798532054775
3274 0.022181344996341886
3275 -0.037480949014316936
3276 0.03687862189151635
3277 0.09012258209580463
3278 -0.05937342121251914
3279 0.012995024573296281
3280 0.012802172444537638
3281 0.032503271472301525
3282 -0.08762825598758556
3283 -0.006261409440434018
3284 0.03669434599168815
3285 -0.021384788123991083
3286 -0.0036074157735363913
3287 0.04223869329443666
3288 0.014154302907203677
3289 0.008622905354909047
3290 0.007861133890982934
3291 0.03513318293837455
3292 0.10279648309982516
3293 0.07381244885616038
3294 -0.0347254039276131
3295 0.005013791690835225
3296 -0.019285659845704614
3297 0.034242033970749666
3298 0.07695249127563945
3299 -0.08149473472347248
3300 0.018959410919905453
3301 -0.008271353036614363
3302 0.0070501600989464905
3303 -0.04651500779765843
3304 -0.016187566997261548
3305 -0.08506894054257687
3306 -0.04293956330076629
3307 0.00603682120457422
3308 0.005672133238583685
3309 -0.06472108550707205
3310 0.026797410025833836
3311 0.019784515996445297
3312 0.004553491573614975
3313 -0.03233672348679247
3314 0.003288657531756548
3315 0.02368835970478524
3316 0.022733810914180565
3317 -0.032702090144678515
3318 0.0012366841287627004
3319 0.09167669457169275
3320 0.03519934078795847
3321 0.03911568543221457
3322 -0.011928988976449296
3323 0.014799873063273836
3324 -0.4311969940660544
3325 -0.2597270573596185
3326 0.034285256999396545
3327 -0.02519999877430823
3328 -0.028395204438072974
3329 0.1655063483247438
3330 0.0601408132978746
3331 0.27887959704295423
3332 -0.15073883158374582
3333 0.043317658934456146
3334 0.11385157131762373
3335 -0.27074352027719734
3336 -0.06779255524948524
3337 -0.3528329440792238
3338 -0.2920529244184296
3339 -0.20220393641137688
3340 0.24399366292944147
3341 -0.017357455332950515
3342 0.013517926223786897
3343 0.03469978594343275
3344 0.09723793544562581
3345 0.036837528908025
3346 -0.08145313500154436
3347 -0.16657525255845962
3348 0.02219679132266397
3349 -0.014368651078997657
3350 0.006322266919571124
3351 0.07999526029278411
3352 -0.05724056401287036
3353 0.003228081894222577
3354 -0.02277157316830241
3355 -0.002573879993666854
3356 0.03239058643522762
3357 -0.2146519142906062
3358 -0.12594993836495735
3359 -0.037442156655309394
3360 -0.08108958196739227
3361 0.029689891836766742
3362 -0.040994251291569236
3363 -0.08104576907360525
3364 0.03399439911369387
3365 0.19036344198768243
3366 -0.20301982717284114
3367 -0.1545241237031743
3368 0.056470846405106384
3369 -0.16174407079822886
3370 -0.17645870880682943
3371 -0.054295736518173404
3372 0.003170732427396496
3373 0.034289758738926826
3374 -0.006935617974964668
3375 0.01195272772580962
3376 0.048898752879421234
3377 -0.030478189811649965
3378 0.05100203310185765
3379 -0.03262268825482501
3380 0.007909643278819078
3381 0.009992509231356117
3382 0.03299611262816435
3383 -0.02252049547597884
3384 -0.03396366380944968
3385 0.07487617757825683
3386 0.08049366805492915
3387 0.033543643225918816
3388 -0.07960872969736414
3389 0.1938634674996121
3390 0.11861045785000117
3391 -0.09205710096887633
3392 -0.004118278895041818
3393 -0.09741929393704775
3394 -0.04955292006024693
3395 -0.028655840218905847
3396 -0.06060047843372015
3397 0.048575591522541685
3398 -0.040149798188702186
3399 -0.04091440163597845
3400 -0.0014434326901902148
3401 -0.11511507858463302
3402 0.0662196291472864
3403 0.06260169740086116
3404 -0.08013058122590752
3405 0.12762789199121416
3406 0.0008484852247375714
3407 -0.032861185295134765
3408 0.14797700357698426
3409 -0.025278434233203747
3410 -0.03250233770733113
3411 0.09739384184231654
3412 -0.05875716190851696
3413 0.08029714599934916
3414 0.06362121314173491
3415 0.05703430341935516
3416 -0.020952730294369316
3417 0.022412392886685013
3418 0.161616782844069
3419 0.1028998268360019
3420 0.026746355424506606
3421 0.1787229429209524
3422 -0.014135554003743611
3423 -0.0826659234407377
3424 0.08092397436984944
3425 -0.3410051279453779
3426 0.06400316525784737
3427 -0.1423525297323222
3428 0.06909338628526185
3429 -0.07762610110333984
3430 -0.07060027488669392
3431 0.3799670902619952
3432 0.19578367051210896
3433 0.024579908769253322
3434 0.0806698917379587
3435 -0.06005773294918375
3436 -0.11985441088482378
3437 0.020417783261234668
3438 -0.005760949472892404
