#Residue #correlation with tIC 1
2 -0.03387462691672937
3 -0.07650988759619785
4 0.21976183454155615
5 0.1485173156380602
6 -0.021575869821163222
7 0.15646207583894098
8 -0.12794702920296402
9 -0.06601556008908989
10 0.09905602454066345
11 0.05483196478880678
12 0.09788600565146659
13 -0.2617112042684959
14 0.2372006967616325
15 -0.21551247832228843
16 -0.16471579122479893
17 0.05771858539134542
18 0.26689650752335176
19 0.09730436624561653
20 -0.12658793337261004
21 0.16503711601158333
22 0.07685456486890808
23 -0.07260983741937885
24 -0.23723614464313506
25 0.10132533390715674
26 0.04353923141623211
27 0.1302653500239302
28 0.1164435808836941
29 -0.0286059332023543
30 -0.11601729914774776
31 -0.015328803126851502
32 0.04437741286089093
33 0.028176788226623888
34 -0.21919857204562013
35 0.007755233181032631
36 -0.08606244395896757
37 0.10781975658651427
38 -0.145462034208591
39 -0.0390901712097228
40 0.004054882683311329
41 -0.034498023801999254
42 0.010401563154272759
43 -0.10912242465370531
44 -0.04546718206845088
45 -0.01475038293765326
46 0.035409861723010784
47 0.0469097386073486
48 -0.005237640725333341
49 0.04336211469122131
50 -0.0032534138453943367
51 -0.0012199629867381545
52 -0.020655201779564952
53 -0.008977444653894466
54 0.013996457029119636
55 -0.018656647512068778
56 0.004135879001246185
57 0.0016727484550557905
58 0.03665034058730917
59 0.1278772612965049
60 -0.0843305125636626
61 -0.21718426029599827
62 -0.18862556211172632
63 0.06364782530917205
64 -0.16842170586357827
65 0.01626566478374417
66 -0.061000436621361204
67 0.21234742861509098
68 -0.13649158319295518
69 0.06173835850956057
70 -0.13532442707013054
71 0.28004715151102183
72 -0.1274904058927498
73 0.05095701155795443
74 0.0489759085381601
75 -0.15774495004770347
76 0.03194677754091185
77 0.2676276084848772
78 -0.11717495852920681
79 -0.20265032517576434
80 0.1175725597459795
81 0.06416767144860167
82 -0.012960166312699296
83 -0.045647198100203804
84 0.012146145694128075
85 0.024838124290945427
86 0.0016681629680632315
87 -0.013086500619807324
88 -0.012651774905192455
89 -0.04735800104533085
90 -0.015790707362522576
91 0.00842137445012236
92 -0.06675051167404585
93 -0.25219721588010174
94 0.12566446099663967
95 0.35116427684087254
96 -0.15693887482281643
97 -0.1319062172793418
98 -0.14913087291500735
99 -0.05704384556976033
100 0.25032494966232455
101 -0.004844110664898146
102 0.14378404055569668
103 -0.001049767878021683
104 0.0034276107635269836
105 -0.039476464343279456
106 0.007685983272568996
107 -0.10466394938310482
108 0.05917410563299222
109 -0.0039306822196340544
110 -0.03025626028599019
111 0.022682408542731125
112 -0.2117852456693672
113 0.0316066499437593
114 -0.027371787557995204
115 0.018588725456383993
116 0.001287059970233783
117 0.04306879080970154
118 0.01843592388699156
119 0.05392469757635456
120 -0.15339653717538093
121 0.1720043745394826
122 -0.37689989622811926
123 -0.4811218572044669
124 0.0936326440972305
125 0.13332817816227285
126 0.13533028972419936
127 0.04979125559246897
128 0.07549163217280204
129 0.12625356395811885
130 0.09670090265425442
131 0.03660724550656455
132 -0.010311802395169415
133 -0.020501222142597596
134 -0.02956202400566707
135 -0.005378835826019923
136 0.004186053124422855
137 -0.003949854634780271
138 -0.05808056731842721
139 -0.2574486781834956
140 -0.024846347923251706
141 0.159093002690371
142 0.56088451204973
143 0.1157089249750353
144 -0.041897814579779785
145 0.32253130202287644
146 0.13029734302113807
147 0.08993738441050463
148 0.0600855112404112
149 0.041093687965169906
150 0.07677959512471468
151 0.12905951678748143
152 -0.06825006660080869
153 0.11013532941268847
154 0.14892184717733933
155 -0.2378486198643101
156 0.22650915760060014
157 -0.2617516585641421
158 0.010559576893469213
159 -0.046628110468997744
160 0.0647850379421809
161 0.0008885052255904485
162 0.010145491674279547
163 0.013500922837283257
164 -0.06512543085845653
165 -0.021327410073473396
166 -0.045743957819605045
167 0.04318797012485785
168 0.14023707478169814
169 0.03713754260196068
170 -0.04832074827314554
171 0.05011131564921309
172 0.16242875232494514
173 -0.028086228238633944
174 0.10968898343639187
175 0.05587376118768912
176 0.09156333615327479
177 0.29291996539094445
178 -0.021219565109257814
179 0.15287726885009081
180 0.22345301363141992
181 -0.06805690077710438
182 -0.29565948094133315
183 -0.025517271485303993
184 0.47549233743283315
185 -0.23975173542227018
186 -0.25843804003575
187 0.5242182785950744
188 0.10179835186055175
189 -0.07268960405166176
190 0.04377915708493747
191 -0.04337370265955423
192 -0.09413025309632345
193 -0.06019384815878305
194 -0.016005897684491958
195 0.05760581580004923
196 -0.04248073224707114
197 0.05488577773364968
198 -0.08933547192856385
199 -0.06414434469886222
200 0.12906932686061148
201 0.0911433662595701
202 -0.053996352164765775
203 0.17615352010201454
204 0.08713450054796845
205 -0.025004012398907264
206 -0.09057005974284543
207 -0.014076773100387411
208 -0.05141966924268777
209 0.04574223912944454
210 -0.28649892463064763
211 0.1361439465447179
212 0.09699732345980525
213 -0.11576260340354472
214 -0.16079433853085823
215 0.18149280422129338
216 0.30224523668904124
217 -0.03678804855269761
218 0.2541459021779948
219 0.36831292922453934
220 -0.02307598579845808
221 -0.2535533867488232
222 -0.15781270278773088
223 -0.1437074689086533
224 -0.062268799756085194
225 -0.08621365168173731
226 -0.045854432996290606
227 -0.12371102308611877
228 -0.1301676586630528
229 -0.06207376715892547
230 -0.0034684181049671834
231 0.017474166359659715
232 -0.1784718336049216
233 0.04386156131016438
234 0.04881691397543585
235 -0.07459618007773135
236 0.005914690500561778
237 0.0897538150919979
238 0.09483429408630159
239 0.08103554862407969
240 -0.16157084837435068
241 -0.10607181059946678
242 -0.17643927344599936
243 -0.18761647014844335
244 0.12329698933562928
245 0.2716846475470716
246 -0.05151903692398743
247 -0.05459025626594071
248 0.10285103384130848
249 0.06878579141180961
250 0.10803419411221842
251 0.10278767171990968
252 0.22973010029111607
253 -0.22021475313753316
254 -0.1393948350687096
255 -0.3422993646436403
256 -0.2734627270631334
257 0.24445114731709613
258 0.2905842213517004
259 0.21698829964368457
260 0.11733653846570818
261 -0.38523934201103344
262 -0.23065188442419488
263 0.3038849503432297
264 -0.23703014810010514
265 -0.13953662330925706
266 -0.014210596700640114
267 -0.14539803151275243
268 -0.059449007339589965
269 0.05626572217892683
270 0.022828975882935337
271 -0.06749133356021418
272 -0.02832053059630186
273 0.016779374867184043
274 -0.022226826392489022
275 -0.005539088647509876
276 -0.02887726387165338
277 -0.08855549876393558
278 -0.11064311115273107
279 0.0009962119293898126
280 0.09282055934459443
281 0.032535946723794375
282 -0.045372416411385307
283 0.006648392700776933
284 -0.1367381505306808
285 -0.11008876344531837
286 -0.037219794835513284
287 0.056341098603007574
288 0.029451955441076837
289 0.02278173120865233
290 -0.0105844408844595
291 0.00012034877788764055
292 -0.033904405387050515
293 -0.02303953566696069
294 0.032232147863141575
295 -0.031950700762322204
296 -0.031055000413467374
297 -0.011596901352740344
298 0.003004306046156529
299 -0.008626686843264293
300 0.023423400745970723
301 -0.019883432430829805
302 -0.01015917274706963
303 -0.023871831385429896
304 -0.04418060951973181
305 0.007750673741254629
306 -0.020574496069643393
307 -0.04588965467993924
308 -0.12610203154371674
309 0.009396415715460751
310 0.1527553312599208
311 0.059703835196445544
312 0.019230746897123643
313 0.0920511900319967
314 0.055277128862681844
315 0.19673929197013512
316 -0.05801057474278136
317 0.07823456856626296
318 -0.03578727281245149
319 -0.043870870911321656
320 -0.02693046998424455
321 -0.007998858383950206
322 -0.09317508104570985
323 -0.10254849246808455
324 -0.021589571172992986
325 0.06961582729305897
326 -0.2229378612393878
327 -0.07690409483777828
328 -0.01323306120641155
329 -0.1361393714131498
330 0.17412356450443245
331 0.0856746347412298
332 -0.3580004717356143
333 -0.2844714078814271
334 -0.03879501657380917
335 0.15597939404781067
336 0.022928423513191222
337 0.263559056929004
338 -0.07928963129395865
339 -0.05770163277111825
340 0.08720891521812188
341 0.11522457348482958
342 -0.23553401158556597
343 0.09191467402887814
344 0.12305087161594991
345 0.0744885747145848
346 0.0014022674601010055
347 -0.005926286018523686
348 0.02630438788094965
349 -0.06129117166844231
350 0.05633773267509289
351 -0.14902275078037755
352 0.39063195784451504
353 -0.3122280779387779
354 -0.03592250754305665
355 -0.005224265903132104
356 0.10790045087387594
357 0.17369474215093983
358 -0.05161260244791735
359 -0.010506132397353691
360 -0.09053978203572945
361 -0.03142754855638267
362 -0.35599659093700126
363 -0.3742997714483318
364 -0.08780153840304564
365 0.16517391471875909
366 0.10628713665706982
367 0.10798616878765042
368 0.09033162469553643
369 -0.2509629092438675
370 0.21237081880680297
371 -0.01469268217411894
372 0.11833183990579753
373 0.029768188195232036
374 0.08814287244238321
375 -0.06692168303145145
376 0.048866379316034034
377 0.16197781122050994
378 0.08044883354178807
379 0.07398723835748887
380 -0.29987316175693024
381 -0.32628019740732106
382 -0.4897673737156005
383 0.04782563541681431
384 0.0008649584870056355
385 -0.018859016754547268
386 0.07944166043106318
387 0.10214535763454693
388 0.08795023617643707
389 0.17938984885401218
390 -0.28051180544058224
391 -0.0517479232663593
392 0.2726305647864403
393 0.05727511767112205
394 -0.09375584887231223
395 -0.18045722028550104
396 0.021958441752033406
397 0.035908266269175086
398 0.019036349137053522
399 -0.07479552633740931
400 -0.18563105445703854
401 -0.03893526126051028
402 0.030124224244416388
403 -0.0847428841103263
404 -0.004081297250194219
405 -0.0655836826068782
406 -0.020365246830563063
407 0.022003085587977148
408 0.07928873008056701
409 -0.006578736533771634
410 0.021531360723520594
411 -0.03805843701596255
412 0.04701950347401416
413 -0.05775072275713227
414 0.08273421448734163
415 -0.08019973831308046
416 -0.09346480547816538
417 -0.145741452939081
418 -0.050008406794966945
419 -0.036387897152348865
420 -0.08239862201263591
421 -0.15523542283067052
422 -0.04458696139211695
423 -0.17071102777428784
424 -0.10599098108901002
425 0.028419691749670854
426 0.0499769973760062
427 0.012351863536746277
428 0.06727318933613798
429 -0.012189657710248486
430 -0.18134690004142195
431 -0.3105033129799754
432 -0.044946377271102386
433 0.12654460098812403
434 0.16086022849306789
435 -0.150175211390257
436 -0.0683198113011075
437 -0.02571970773086105
438 -0.09900185189714737
439 0.01377392172575088
440 -0.18841970208616016
441 -0.03478651157883328
442 -0.027636836833484637
443 -0.16802872365101593
444 -0.03231064782765411
445 0.012966342218760793
446 -0.15274165902280343
447 0.10415779366427773
448 0.0802380599760543
449 0.16986389252394554
450 -0.09666488356011795
451 -0.13651080191746554
452 -0.03859912223857959
453 0.13146188588804322
454 -0.1219679765434628
455 -0.024022446863457444
456 -0.10691606741550914
457 -0.0013978023969937548
458 -0.017636040941366917
459 0.03817899101250464
460 0.0047048517500934235
461 0.08290241391870744
462 -0.04939882445540274
463 -0.04453905582295095
464 0.07597527959910272
465 0.06188817295394533
466 -0.29179307187783055
467 0.006606241898687843
468 0.042314553218950085
469 -0.022763130697088622
470 0.040618705491810736
471 -0.05855184946566213
472 0.05150332054924611
473 0.009400449643312362
474 0.12240384012922019
475 0.1468212063799378
476 0.07414741454243161
477 0.09064536131151288
478 0.04997887082182604
479 -0.0014233961042403637
480 -0.18283114106006937
481 -0.11155497519167007
482 -0.008051011782843618
483 0.0334412291489485
484 0.08877396176857069
485 -0.15064107704974827
486 -0.11045700645170192
487 0.11417947226173286
488 -0.05064982072617148
489 0.011086088548956081
490 -0.03248360427764815
491 0.04085997007362498
492 -0.004312898026764101
493 0.049608621273998545
494 0.04823237383141028
495 -0.016040831848166785
496 -0.4615100846303012
497 -0.03549673210404964
498 0.02028813489692896
499 0.10006079676176209
500 0.12200567832088144
501 0.06633489963833061
502 -0.00937906913231986
503 -9.466629691005766e-05
504 -0.008933106625958817
505 0.0365509493032085
506 0.11073321867321054
507 0.05224973686623003
508 0.09399533792544901
509 -0.011224570154845449
510 -0.10460951571269583
511 -0.022576477745097884
512 0.07130918189614814
513 0.09419771906180115
514 0.26916196499894884
515 0.148918207415625
516 0.2253671282769006
517 0.24946978247888862
518 0.27278503103115875
519 0.16698520956512933
520 0.011057360836649507
521 -0.09715377853518783
522 0.08726382418452935
523 -0.2565687503665001
524 -0.14107261380597347
525 0.1751650449222094
526 -0.19119760286259269
527 0.27036925437231357
528 0.014724117641318077
529 0.12544146914672882
530 0.055173024441607064
531 0.03448410786316748
532 -0.07797759359420972
533 -0.06822299942968423
534 -0.008518634518037896
535 -0.04318217245191273
536 -0.05912655902358038
537 -0.0674286941503806
538 -0.04395210390803636
539 -0.008235455433432666
540 0.019997542668035304
541 0.07590628445809335
542 0.11867795996264721
543 0.24440133910762674
544 -0.1672691022489629
545 -0.03746245647117832
546 0.3897280883006283
547 0.2721181935339795
548 0.024921444259554653
549 -0.02943886659269787
550 0.01673432307722472
551 0.03115463847158333
552 0.041492050144862166
553 -0.030683413621095095
554 -0.012709565294822554
555 0.24124266491179716
556 0.05823316108055609
557 0.0713222177091594
558 0.2191336849166299
559 -0.20848178208612478
560 0.17512396061040456
561 0.060629778323775856
562 -0.05492062451941779
563 -0.08875882720759616
564 0.05454499500978386
565 -0.24675155206584282
566 0.09494561010904701
567 0.38145170453421545
568 0.267726021555646
569 0.08934281464748245
570 0.2492182717527356
571 -0.1784008542290002
572 0.26968747260741255
573 -0.0883547804754462
574 -0.006957802556890897
575 -0.04372162928741825
576 -0.08891233458669084
577 -0.016835261900979313
578 0.009307806263200998
579 0.07361868321440304
580 -0.024245394986303136
581 -0.12115367987829619
582 -0.011802597983868688
583 -0.047837495029551896
584 0.05491596498398086
585 -0.05142545518105066
586 -0.029559881785632514
587 -0.05322730673633611
588 -0.13305569668072387
589 -0.0739365592653356
590 -0.1354536040500439
591 -0.07072686142579866
592 0.23217310350309725
593 0.13661986643040125
594 0.05362543390535434
595 0.17524578840189642
596 0.053274603750042684
597 0.09191007289039459
598 0.010374871391987733
599 -0.15515299439727626
600 -0.49331815067770624
601 0.6869011343604979
602 -0.09409980867179243
603 0.004521743436642183
604 -0.16445324559560465
605 -0.03633295879257408
606 -0.2516638812134787
607 -0.010593956489297429
608 0.02609165091737426
609 -0.11932781346231257
610 -0.05862347467291012
611 0.026637606340510295
612 0.006954509271455741
613 0.16780381958296958
614 -0.6865573251826547
615 -0.08326957483701533
616 -0.032269345656176555
617 -0.042536490223303955
618 0.03368557458070595
619 0.04127578108560917
620 0.1494920779703973
621 0.010312764801079054
622 -0.0159835041842875
623 -0.016712723354462184
624 0.053705919081466234
625 0.3742125538629723
626 -0.20564161919692184
627 0.11513488112701636
628 0.005739295773793196
629 0.1541836157293781
630 -0.05078495993694311
631 -0.050510421277012364
632 0.13426768949652407
633 -0.0005980542816186628
634 -0.05983830201880754
635 0.06913421527299857
636 -0.0035107810534678635
637 -0.18919444986565126
638 -0.21407482096815666
639 -0.07383938504887017
640 0.11566361019150798
641 0.2147983310186369
642 -0.0595992447230234
643 0.0600685629191035
644 0.03210552735339351
645 -0.07228403502008834
646 -0.16646034824781486
647 -0.08643817255891048
648 0.04957782575047055
649 -0.10546621211425593
650 -0.03643878559882678
651 -0.13461795421422448
652 0.07811547567284276
653 -0.053315377753256926
654 -0.020527334437456576
655 -0.037166652757860304
656 -0.11765146784589045
657 0.0049215383941749865
658 -0.05718004525350054
659 -0.04181133683093394
660 -0.14570975764728353
661 -9.464843505026019e-05
662 0.009566224463587621
663 -0.051226669099183476
664 -0.016295082786872465
665 -0.0018036068161890574
666 0.0005157553363421247
667 0.024862326296729124
668 -0.009267562269796806
669 0.015025496571681356
670 0.004977598515291219
671 -0.012694875832038365
672 -0.01841241722545165
673 0.03192512237345469
674 0.10555624562746846
675 -0.1937299227077479
676 0.07766164028030755
677 0.09072996603850601
678 -0.212060995736374
679 0.1502537245780142
680 -0.08737225599885746
681 0.03420844065419687
682 -0.08521383067484174
683 -0.03625374477338143
684 -0.044132546852238774
685 -0.3970910156623642
686 -0.009105908653236388
687 -0.08379750007851444
688 -0.053792021368143664
689 0.13229813486865455
690 0.12452208129659138
691 -0.10415825376154561
692 0.09630190055654278
693 -0.185719531454846
694 0.13149259987485412
695 -0.012469410385657683
696 -0.012536855208660238
697 -0.014599065714178811
698 0.013162038468960396
699 -0.006534955584885137
700 -0.0015010391290208181
701 -0.05680178667809158
702 -0.016430561533835743
703 -0.10341144039538774
704 -0.0697133699385357
705 0.04097606858833666
706 0.09390065300161154
707 0.25920029531845834
708 -0.1797321708558703
709 -0.05908634539074724
710 -0.021107560083170093
711 0.07889455764873636
712 0.09496666789984021
713 -0.11973290529465852
714 0.0583662777057361
715 0.23750571015839783
716 0.08833385706893161
717 0.3729480817176992
718 0.27240466039342454
719 0.271620612366094
720 0.14336763389828186
721 -0.054248122157160426
722 0.06498656241403199
723 0.2147201184519991
724 0.1488512402573584
725 0.21133313389542754
726 0.000324585977726501
727 -0.051319978296820196
728 -0.07356790055351753
729 -0.026336243174083028
730 0.045682809195203
731 -0.03159129390770302
732 -0.02092578707528025
733 0.04671952790235148
734 -0.03864442603210203
735 0.13129303886319155
736 0.01998452353001463
737 0.030766008838457648
738 0.027270854166241424
739 -0.04115373487021342
740 0.017120340975551884
741 0.06883907624477732
742 -0.02324811220683307
743 0.03899296749362466
744 -0.032956789165943835
745 -0.05611741062164826
746 -0.13533022716581422
747 -0.024172045320161633
748 -3.350701166524406e-05
749 0.01881562920963064
750 -0.006703295612772348
751 -0.04750584103315345
752 -0.07186741905533357
753 0.015935744053903078
754 -0.004679757698774714
755 -0.11186775440278415
756 -0.09405609683013799
757 0.27671486784300336
758 -0.47461246505927723
759 0.22371868626982475
760 -0.038170518971914945
761 0.020384795778994887
762 0.06695707739785987
763 -0.03917097085964218
764 -0.02972074319796556
765 0.01697106520046766
766 -0.008882854269126467
767 -0.014307373369750532
768 0.0786300577393437
769 0.024216566734119736
770 0.013040946479660897
771 -0.024223289537622594
772 -0.03224705393804283
773 -0.021250082176670085
774 -0.01852987846497792
775 0.006022570476021615
776 -0.0019583771114418933
777 0.04439851591897899
778 -0.0398890991291956
779 0.01617697830834339
780 -0.05869483851941012
781 0.18133210539947126
782 0.03889333293470174
783 0.1137389811077169
784 -0.0988853460117207
785 0.060026736788448824
786 0.10062599251709291
787 -0.05794101670433365
788 -0.007686272387537144
789 0.034508511646917574
790 0.09847889606642868
791 0.06434853186783565
792 0.1674327747137277
793 0.08608637873342077
794 0.04209205298350018
795 -0.10590950837277709
796 0.1004368785970177
797 -0.03847801091061686
798 0.028059974043057608
799 -0.13140889898642366
800 0.07364305110427287
801 0.04948570376782881
802 -0.04824814888239067
803 -0.035739402622224414
804 0.052449215663735914
805 -0.09654223608298237
806 0.005221355051441882
807 0.09021540314176485
808 0.08168023268308225
809 -0.007341454401400877
810 -0.03978562415049958
811 -0.13260330934660575
812 0.3980768675133222
813 0.5027243678666711
814 0.643091124074508
815 -0.37450315586169564
816 -0.28015700472046434
817 -0.036441491315404806
818 0.0022410615598029856
819 0.047517176404178595
820 0.05822682681675094
821 -0.040400916987052574
822 -0.05001125770073971
823 -0.14787525452372446
824 0.11707086657535735
825 0.0407823645269761
826 0.07148418438742725
827 0.07402874876698948
828 0.26632090051368734
829 0.1133096318778893
830 0.26042295276061994
831 0.03463079753422881
832 -0.2780768380012185
833 -0.0013544637903950842
834 -0.004412088776303973
835 0.08161762205379396
836 0.0890372180654139
837 -0.025297781305233552
838 0.07150631526506955
839 0.3190786023957471
840 0.831063346987426
841 0.44713141617825686
842 0.13285998230577384
843 0.467512805992738
844 -0.0455088386067359
845 -0.39544189884006037
846 -0.039525751014505776
847 0.04040834718912868
848 -0.35004979308161316
849 0.05149091304867245
850 0.09084760099359189
851 -0.38550713270164966
852 -0.01359724724527652
853 0.10365568076791279
854 -0.019266697577132605
855 0.06820620103049789
856 0.04407653735993868
857 -0.041707838080959646
858 0.03357098487419579
859 0.021831345897749932
860 0.021889262967322288
861 -0.053629327014158706
862 0.022674515337055896
863 0.016031436562340236
864 -0.008856004954759356
865 -0.01761711739478805
866 0.009618977123923008
867 0.025243143147221574
868 0.0164384341050676
869 0.0035279875772931627
870 0.021739582359576726
871 0.06568296387675447
872 0.005285099455250549
873 -0.004394949323118025
874 0.04568523656765052
875 -0.10843047794248778
876 -0.015206758844549615
877 -0.06391800268395241
878 0.08069181422084075
879 -0.00026989728548698535
880 0.02399238231094282
881 -0.10137868417245403
882 0.04696832274149651
883 0.03127600838450968
884 0.3513209875633594
885 0.12395314174671945
886 0.2993858796976364
887 0.28621173418907014
888 -0.305476353080002
889 -0.29585440800973684
890 -0.30155499141964603
891 -0.005565370217437506
892 0.06453578387572208
893 -0.008061095197768462
894 0.16742777653425037
895 0.07335350038565736
896 -0.4335964488668185
897 0.14633505585529444
898 -0.015400128093532136
899 0.03277898269925823
900 0.07709219538788814
901 -0.06815981332133263
902 0.047664570668436275
903 -0.02175492431277625
904 0.11100992400109382
905 -0.09587054450603019
906 0.03450096916530696
907 0.03907234688559697
908 0.0013106985773826535
909 -0.006034797826896109
910 -0.0956562638893677
911 -0.06991432712204718
912 -0.014306675305493476
913 0.07333373750256138
914 0.10795503805220857
915 -0.039852645305239055
916 -0.06803886991414153
917 0.05224014833415396
918 0.02958430961341175
919 -0.014867850286991146
920 0.03800279239120869
921 0.01427236442424166
922 0.008900675897302814
923 -0.02535686347841566
924 0.026439624625605635
925 -0.0076870766750216065
926 0.001522561950658368
927 0.002634523044342112
928 -0.01419456753119863
929 -0.00710519557180997
930 0.003033405328123765
931 0.037851529872167534
932 0.06115206575830294
933 -0.03390487478060604
934 0.028692299982423643
935 0.01808123423506403
936 -0.0051138360982632075
937 -0.019847478413569708
938 -0.03584995003018342
939 -0.0419951758418991
940 0.02403937227712012
941 -0.25307194959891066
942 0.06706317356722384
943 0.05656656750071074
944 -0.01613055755019129
945 0.03521166726331132
946 0.20983965492781756
947 -0.008434239629417523
948 -0.030987809930730196
949 0.12512662212675957
950 -0.03570129983183116
951 -0.025964656066469124
952 -0.040870070639209354
953 0.014014223191395444
954 0.022173380236083045
955 0.016699124641287057
956 -0.0001335148130125506
957 0.004229746421152592
958 0.009234901383867858
959 -0.01811470957411722
960 -0.0012318023962134602
961 0.03717052000961586
962 -0.05233892800983581
963 -0.006461929223763156
964 0.03086844323751382
965 0.05057070191595048
966 -0.02297574914353416
967 0.04703796557631657
968 0.039393061148161525
969 0.03387645182818786
970 -0.08856249593497141
971 -0.1898616527129172
972 0.00874976270252256
973 -0.04030853609250702
974 0.01633762362001946
975 0.0339360723359362
976 0.08705856083134628
977 0.005886700878687751
978 -0.025937590406665937
979 -0.046263445801326956
980 0.10166296942135537
981 0.060270685343752003
982 0.08719553196691082
983 -0.09401703158888108
984 0.14937121843440312
985 -0.11305975364021632
986 -0.09580975141295035
987 -0.010548141791789431
988 -0.048577380242993407
989 0.01297371971313449
990 0.02674152000572861
991 0.022424356813476504
992 -0.036973256750710046
993 0.015160435399053644
994 0.015237936713739884
995 0.00744477558585757
996 -0.019890369849722606
997 -0.03345076256216059
998 0.02979794283746423
999 0.03996343128907246
1000 0.06484567724602983
1001 0.022979744194454504
1002 -0.002523732729196337
1003 0.012978105201987177
1004 -0.04250284850341552
1005 -0.023331087089586394
1006 0.023746870586337804
1007 -0.02388361079940422
1008 0.001147382712597939
1009 0.011298853222466215
1010 0.0075664408599541285
1011 0.03948014201962734
1012 0.03531984918422933
1013 0.022093982323459473
1014 0.02076569607255312
1015 -0.03550023120655359
1016 0.015607210152426559
1017 -0.015312758788943821
1018 0.003036942923746313
1019 -0.031680637220243314
1020 0.02809218808584729
1021 -0.005199876728663341
1022 0.033667826513602596
1023 0.030377550742435627
1024 -0.005368338783988953
1025 0.005890775781996312
1026 0.05478151363328337
1027 0.16146431733501135
1028 -0.007110528490860518
1029 0.0940710072184378
1030 -0.06107643970805842
1031 -0.11981197272232491
1032 0.5066258641563002
1033 -0.026615425116651218
1034 0.008002758306071635
1035 -0.3551839282599999
1036 0.0022090293555468827
1037 0.12165977880730278
1038 -0.11225576401131773
1039 0.24780972727004613
1040 -0.099733699025338
1041 0.006690411017273776
1042 0.1758545582950013
1043 0.13738559177722987
1044 -0.23728074226230964
1045 0.0905083704660213
1046 -0.004172252524626294
1047 0.20621067372443933
1048 -0.11436536917748996
1049 -0.1003169216335092
1050 -0.023459195007923872
1051 -0.053915908379871084
1052 -0.0069134847617317195
1053 -0.00017170353906573383
1054 0.2112671697220236
1055 0.0032040878826780825
1056 -0.01194943466998734
1057 -0.09637335587889416
1058 0.06696507381835179
1059 -0.060379643689648016
1060 0.06303482699710401
1061 -0.12571891701877555
1062 0.15394522468294758
1063 -0.013990294304648357
1064 0.11922770254921987
1065 0.0801198349691983
1066 -0.10471215658113392
1067 -0.016567177014215517
1068 0.019846520828737786
1069 0.0033044329111002213
1070 0.03181062286509146
1071 -0.025975005933619632
1072 -0.16237214055969845
1073 -0.0773907625836183
1074 -0.0922084509263981
1075 -0.11452253632092459
1076 0.1353942197401361
1077 0.13068935718169145
1078 0.15982318458517988
1079 -0.04746880613384644
1080 -0.054833498409840545
1081 0.05766302686682649
1082 -0.07309609068828109
1083 0.11298578527154764
1084 0.08626380924650498
1085 -0.007537703465297652
1086 0.09637193113817331
1087 -0.006571727044386235
1088 -0.03747844004377055
1089 0.0007695156034016745
1090 0.056250247575563427
1091 -0.06844562390429196
1092 -0.032190812597227496
1093 0.10773412275569334
1094 -0.18100882979899519
1095 -0.005949042548041838
1096 -0.07701051308181844
1097 -0.3786683498893119
1098 -0.13344692336790692
1099 -0.01585269032629672
1100 -0.09148286874160384
1101 -0.4022517438714318
1102 0.016598029028287678
1103 -0.014001424544371853
1104 0.05655908169880753
1105 0.13336104678108485
1106 -0.0711198656999592
1107 0.05330755533162993
1108 -0.02849260872247097
1109 0.00932063068835935
1110 0.00386118234101697
1111 -0.12001146240577837
1112 -0.04882925475236165
1113 -0.08983074917001001
1114 -0.00970555465144858
1115 -0.011892443929754524
1116 -0.35115424510025306
1117 0.015000905720009805
1118 -0.14087834314872713
1119 -0.13083416665155398
1120 -0.08523298422209073
1121 -0.21383652730954542
1122 0.1037401400582745
1123 -0.13229865300185975
1124 -0.338042352801126
1125 0.28212125131642113
1126 -0.11476270608074933
1127 0.008959133162332183
1128 -0.007071197415752883
1129 -0.12874610643657786
1130 -0.03735136831648989
1131 0.023321139497843146
1132 -0.052689011693040945
1133 0.10105955618455262
1134 -0.02497181497313671
1135 0.06035076195109218
1136 -0.0772546582198771
1137 -0.054641549768605156
1138 -0.18306119832743054
1139 -0.08841839985807574
1140 0.10784599996813307
1141 0.11587649257310917
1142 -0.0004773804284789443
1143 -0.003490768122928075
1144 -0.037883886839210706
1145 -0.011818922531910844
1146 0.021730378576436914
1147 0.05197261235006579
1148 0.00573072054078304
1149 -0.07418471060909049
1150 0.16976998379042213
1151 -0.10686661761309237
1152 0.046511043936180295
1153 -0.21189940613676536
1154 0.17846302240198778
1155 0.06101624328558294
1156 0.05502279306383842
1157 0.03292434019121944
1158 0.21979133137427026
1159 -0.16415430467195163
1160 0.2648020613288124
1161 -0.1967069838769598
1162 0.20158530341207834
1163 0.11798324531965601
1164 0.020159221891263655
1165 -0.16076090514016694
1166 -0.01839900712454431
1167 -0.0434331640303224
1168 0.0868863275951558
1169 0.2646095026483872
1170 0.021814223493657463
1171 -0.12928224994626916
1172 -0.05471944203333902
1173 0.06477371027804985
1174 -0.011741569973692615
1175 0.08328795489260814
1176 0.06716388881068527
1177 0.056687856389081505
1178 -0.007256284756697694
1179 0.01801417637679107
1180 0.07726601958288132
1181 0.026977692615211976
1182 -0.08312936745369914
1183 0.17077994948742717
1184 -0.17615714726824647
1185 -0.01737385922725536
1186 0.03488084286383257
1187 0.010196539025728167
1188 -0.09538214890174057
1189 -0.05665743587569114
1190 -0.13879163269133782
1191 0.015713825183559803
1192 -0.13313670944965378
1193 0.21317846240064864
1194 0.06618184577014698
1195 -0.004231777461412061
1196 -0.055712006961225996
1197 -0.012259015951311137
1198 -0.028724685305314072
1199 0.0025597618694522023
1200 -0.02240235278520462
1201 0.027901485000082386
1202 0.035106347987652727
1203 -0.056791388840495186
1204 -0.02313255300304519
1205 -0.013069469724795505
1206 0.020031541322646226
1207 0.048020513650608804
1208 0.026693906005730156
1209 -0.07093811139193
1210 -0.06593493915552615
1211 -0.036756189343802606
1212 0.1776247808130533
1213 0.1547086555194768
1214 -0.06092701276839756
1215 0.08299521395082984
1216 0.16825870494505737
1217 0.059019092368235285
1218 -0.15147857469739684
1219 0.47035791288822576
1220 0.37954417055439277
1221 0.4241298928129847
1222 -0.13975585398009008
1223 -0.32273812161566395
1224 0.1638364444178013
1225 0.00526782438242019
1226 0.045189841180757605
1227 0.0809982912390639
1228 -0.005330288890442259
1229 -0.010944121006330876
1230 0.027642241111095818
1231 -0.02027835844520257
1232 -0.021115507564394672
1233 0.010189735765857268
1234 0.0031014844648750263
1235 -0.032241451786149795
1236 0.012739531858216302
1237 -0.0308495040656094
1238 0.030291691669622846
1239 -0.026341893047998582
1240 0.13794345060297097
1241 0.1807363763480326
1242 -0.2052787744385791
1243 0.10388210135866462
1244 -0.20044136379421654
1245 0.14934156205982846
1246 0.06974499318929807
1247 0.12599198647663684
1248 0.11229917107191369
1249 0.0583917512783783
1250 0.02724902115092482
1251 0.018760351806518052
1252 0.025365345543141033
1253 0.0049445141730229455
1254 0.07886375759638654
1255 -0.04366313951322331
1256 -0.02223383558347429
1257 -0.07062282566136442
1258 0.05094800560190002
1259 -0.05996476757901638
1260 -0.1151799415840947
1261 0.046099571719648465
1262 -0.0029493982082358346
1263 -0.010353917358847674
1264 0.11185367316108233
1265 -0.011306709566119738
1266 -0.08111575380031556
1267 0.02048645248874147
1268 -0.4961197176325646
1269 -0.1682232431367504
1270 -0.261699201754818
1271 0.1061469683566482
1272 0.1302607933264846
1273 -0.11376329061696058
1274 0.04669085437079359
1275 0.14242077733248346
1276 0.06525055681657704
1277 0.05345426144538776
1278 -0.005548345093469458
1279 0.10688137367617595
1280 -0.1431500740969993
1281 -0.04525168777864773
1282 -0.42740848878969495
1283 -0.6892353309803815
1284 0.2151499025251688
1285 0.1832026501868472
1286 0.001919265293192064
1287 0.02892056881496049
1288 -0.25095605027949863
1289 -0.12481980723077175
1290 0.38257269421184076
1291 0.0937398625294273
1292 0.2021150453222821
1293 0.1679416734521015
1294 0.1478971261589149
1295 -0.07398080705702559
1296 0.08662777549769511
1297 -0.13957394129607087
1298 0.0453332064116592
1299 0.1372925116907916
1300 0.053482410291097286
1301 -0.15576593791745635
1302 -0.04235562612505991
1303 0.18921854732683827
1304 -0.10470824145249133
1305 -0.2986428271176828
1306 0.192081664380626
1307 -0.04088122011994012
1308 -0.04213951839062618
1309 -0.09276756056013287
1310 -0.06449108237673754
1311 -0.020959027946179935
1312 0.08258408940557219
1313 -0.06364718255887089
1314 -0.06375487135291562
1315 0.009231355864321522
1316 -0.04817747580773671
1317 -0.06496451107654969
1318 -0.1373322619297819
1319 -0.03424879856400542
1320 0.023054462673817618
1321 0.15384642982573762
1322 0.14829744432636216
1323 -0.06358013577367382
1324 0.08111829102112827
1325 -0.05374383779997795
1326 0.2871833340068656
1327 0.6566425598894646
1328 0.12965262861963178
1329 -0.16190752813772455
1330 0.42428920649676544
1331 -0.08624377633231464
1332 -0.010581104916875196
1333 0.025880267638582127
1334 0.2895721041275955
1335 0.04913706530944108
1336 -0.06242191767842623
1337 -0.0036390575020965104
1338 -0.023730412389225523
1339 -0.004771415615445876
1340 -0.015237097795798543
1341 0.06011747935615768
1342 0.03248962716829509
1343 0.020608367226291772
1344 -0.009251539396315482
1345 -0.005097005214625058
1346 -0.061250990095856876
1347 0.022353393016727275
1348 -0.05038257159673651
1349 0.038911915057309066
1350 -0.06339504176382343
1351 0.0014471844760840563
1352 -0.05976263716181535
1353 -0.060879320974686374
1354 -0.13197560065801997
1355 -0.23740944291277868
1356 0.198311753652614
1357 -0.008502915174441003
1358 0.2976928117897822
1359 -0.02197385683224869
1360 -0.02543310658945757
1361 -0.03775833793535957
1362 0.11108137755213499
1363 -0.20733735254701724
1364 -0.015584053844740672
1365 0.11223180171542312
1366 -0.1247460045849584
1367 -0.17887987397292843
1368 0.02142600141942069
1369 0.0008714486370916543
1370 0.03315423836504883
1371 -0.028376882273573552
1372 0.027028619215607383
1373 -0.07940805932749251
1374 -0.07018374000906741
1375 -0.039899936096342736
1376 0.0232263223831869
1377 -0.005032169524221825
1378 -0.013752126602915044
1379 0.07006542864141234
1380 0.062499870626657635
1381 0.008530191879224706
1382 0.03379687577073662
1383 -0.07914094059900705
1384 -0.015250465127803276
1385 -0.024260660086575615
1386 0.0052186642844049645
1387 0.13551106696100415
1388 0.0290262498500534
1389 0.014415479380572015
1390 0.22750772944696393
1391 0.18188638319088873
1392 0.034476603363780126
1393 -0.4073866122523508
1394 -0.009030765982292256
1395 0.1862250374627464
1396 0.04030310739603385
1397 -0.027599221249246256
1398 -0.02216350556819373
1399 -0.046178419532150745
1400 -0.09247660854372927
1401 -0.22906870752559855
1402 0.0901824240766767
1403 0.04973137722341083
1404 -0.058374476861017564
1405 0.07454441513431376
1406 0.30313863341765035
1407 -0.17047658573396188
1408 -0.11462444189403151
1409 -0.09651035501727602
1410 0.07323206442609437
1411 0.14713331167519828
1412 -0.1584463321961729
1413 -0.022546567137793152
1414 0.026650952422059532
1415 -0.04465409719165484
1416 0.007259222521127562
1417 -0.11467784431248275
1418 -0.03678578597171544
1419 -0.054061359611438216
1420 0.04850059579081593
1421 0.036735280447709594
1422 -0.007814923384646297
1423 -0.057320617751540355
1424 -0.10708890445194076
1425 0.03881788897325467
1426 0.13923555426636874
1427 0.03376835773836575
1428 -0.051818513007871575
1429 0.06071090352967488
1430 -0.1007893711746401
1431 -0.06101392921822234
1432 0.1328213661525101
1433 0.0214651797866548
1434 -0.05586709191020913
1435 0.02630534721835266
1436 0.038498215524937374
1437 -0.1354305906763523
1438 0.05808404815857229
1439 -0.024536615597240744
1440 -0.11360114095622983
1441 0.03263309456232991
1442 -0.19997731798418186
1443 0.034851818854362046
1444 -0.01798654080585503
1445 -0.03422804667666772
1446 0.02556487770258621
1447 0.04235119251233964
1448 0.030828054004881394
1449 -0.02209761548990653
1450 -0.08425544161729667
1451 0.043301063336481566
1452 -0.018630137532771127
1453 -0.1203830393587392
1454 -0.10770300855230493
1455 -0.044326888574803026
1456 0.1420958979219194
1457 0.08318228099294017
1458 -0.0669303736234835
1459 0.06561499796058574
1460 0.051033542193497726
1461 0.30868814807044653
1462 0.08899407368829984
1463 0.09061136970573726
1464 0.06769537275538076
1465 0.13764551914405326
1466 -0.05245249368522355
1467 -0.0013680422237233453
1468 0.01930144818948803
1469 -0.20795359735153207
1470 0.017077109313902338
1471 0.08211097021309595
1472 0.00298238725942175
1473 0.003597105043450392
1474 -0.27134977106863895
1475 0.4148789945350211
1476 0.20611859800281307
1477 0.45000412116709093
1478 -0.29777134888094886
1479 0.28622825705002913
1480 -0.2864011844157686
1481 0.1819530291550784
1482 0.036427780787991595
1483 -0.04526938039318783
1484 0.04245445666707969
1485 -0.07617770231128901
1486 -0.03221302628102003
1487 0.04510834513309869
1488 -0.11977665754423941
1489 0.048500845090806675
1490 0.003712783989127726
1491 0.11917418100439736
1492 0.28860474803077946
1493 -0.035751201146763376
1494 0.05230937850469116
1495 0.03275046903023818
1496 -0.041970119561419696
1497 -0.07730420903446832
1498 0.35603199753626086
1499 -0.36023405592827906
1500 0.05139525709438772
1501 -0.02341372776160174
1502 0.1706437309407947
1503 -0.03551096460975791
1504 -0.1450395904917253
1505 -0.10731620299593178
1506 -0.04767327421155837
1507 -0.017314936626554155
1508 -0.16504631238888925
1509 -0.2859379420642157
1510 -0.15553065998783977
1511 -0.010453760746381874
1512 0.05536242851849326
1513 -0.029294003485770718
1514 0.013631330731134463
1515 0.04707304790641216
1516 -0.01339739220234247
1517 -0.037092572142522866
1518 -0.040093603323208445
1519 0.002502335505832491
1520 -0.015665246181687863
1521 -0.031204624022944532
1522 0.09478614791354091
1523 -0.041995650057927075
1524 -0.03739676404969432
1525 -0.014996960199641047
1526 0.02018238772290495
1527 -0.0010706253982688226
1528 -0.03251073876206715
1529 0.03301703797408918
1530 -0.08255307333338961
1531 -0.07180284074545809
1532 0.043181590584484376
1533 0.05098534322257506
1534 -0.13196757361797576
1535 0.026524910676926486
1536 -0.11509875355559604
1537 -0.013501330243402304
1538 0.080678593907223
1539 -0.2690334456355476
1540 -0.14033350854191257
1541 0.2600740456267345
1542 -0.015551884163528136
1543 0.051041928300152424
1544 0.09122197292065139
1545 -0.038120136811888375
1546 -0.16998974831845315
1547 -0.03952933260632571
1548 0.029290243669267604
1549 0.01365350196312394
1550 0.0286700019545219
1551 -0.22415882773468762
1552 0.05663809863623422
1553 -0.02224563112154869
1554 0.0780377886361807
1555 0.03415231606016389
1556 0.053757908784128186
1557 0.0046865990852917585
1558 0.00040150847511803456
1559 -0.0044318095913434595
1560 0.13274021756305987
1561 -0.08487122473313412
1562 -0.09363722432912389
1563 0.020231040745315305
1564 0.001740381138875007
1565 0.019111783754093725
1566 -0.059020854234659095
1567 -0.1170858500854548
1568 0.00807341140397564
1569 -0.2245265979512605
1570 -0.22655502223024807
1571 0.01522116660166553
1572 0.012333160060011623
1573 -0.1009174957230587
1574 0.13153436336003044
1575 0.0852863539942393
1576 -0.02239146067130317
1577 -0.06190535937140942
1578 -0.023096297248520532
1579 -0.03758376388016008
1580 0.11311841747162482
1581 -0.19256727104499086
1582 -0.09359201612598078
1583 -0.053098809032595784
1584 -0.1206412816496083
1585 0.07000476637955318
1586 -0.2163556627995725
1587 -0.012031164812229198
1588 0.06797947848538406
1589 -0.09439768372616031
1590 -0.02697460460504438
1591 -0.010256776074626143
1592 -0.007967236051810368
1593 0.016423634150269886
1594 -0.0653756610585528
1595 0.002634734479555462
1596 0.06029709826183675
1597 0.25577552513406243
1598 -0.1384355717953879
1599 -0.07732707719353116
1600 -0.023056246284545657
1601 -0.05807277475202167
1602 -0.03863572888332541
1603 -0.05705806528307503
1604 0.02677485688591463
1605 0.010359068870946767
1606 -0.03523832410975924
1607 0.045209375165088314
1608 -0.016567872159783097
1609 -0.01573068944286368
1610 0.18498786163618314
1611 0.05855089484554388
1612 -0.039444783883563
1613 -0.03780728277314961
1614 -0.0493219540298481
1615 0.018949202484940895
1616 0.007066710941823099
1617 -0.00727343378229917
1618 0.019550264614518226
1619 0.004887085405327861
1620 0.29278384100105037
1621 0.12700333162239083
1622 0.21087740042151
1623 -0.05419692992788243
1624 -0.029126531642805223
1625 -0.01612679681617424
1626 0.207819451499296
1627 -0.5986431357100527
1628 -0.18084153195991623
1629 -0.24598992483864257
1630 0.5113648463108654
1631 -0.3405991993575664
1632 -0.0018336665753164471
1633 0.006177166038308499
1634 -0.11719592881928272
1635 0.051902740936154594
1636 -0.04800937094929258
1637 0.008423266894689868
1638 -0.026175666472726112
1639 0.16286194802626922
1640 0.04511354168609157
1641 -0.07909829017256662
1642 0.08575451167064481
1643 0.065968024426051
1644 0.0787005016755661
1645 0.08423271098364127
1646 0.15042162675250814
1647 0.06887544080143307
1648 -0.019175815709353113
1649 -0.021850089518784782
1650 -0.004139798567405984
1651 -0.007826814330010498
1652 -0.03439970230244656
1653 -0.022230529947286227
1654 0.005307793150718169
1655 -0.03556014203498646
1656 -0.17040039367292478
1657 -0.024323186957163553
1658 0.0545980373088986
1659 0.03967460721646646
1660 0.18089031236005867
1661 0.12459717899716934
1662 0.2550234109503213
1663 0.21964242058618946
1664 -0.03308143059067124
1665 -0.006780032383134302
1666 0.007789817737265569
1667 0.023290189458040924
1668 0.019786914913578504
1669 -0.2944059495695997
1670 0.14819057165823307
1671 0.0062014766693833006
1672 -0.017241993396689664
1673 0.05711480647507368
1674 0.18753049715232942
1675 0.0901184513980669
1676 -0.06316484358089497
1677 0.27268714474514383
1678 -0.2024179152040334
1679 -0.009265861028516866
1680 0.01728327483972642
1681 -0.02893365452404845
1682 0.001972246133202243
1683 -0.035202954093526556
1684 0.052695229427437006
1685 0.02036597384384327
1686 -0.0352249161509491
1687 -0.010172562614695128
1688 -0.017934355326805557
1689 -0.1085459821115536
1690 -0.11909801178532402
1691 -0.5418068866987232
1692 0.18187837457036088
1693 0.20245078641786618
1694 -0.03271052054185251
1695 -0.007503898779485535
1696 -0.05972679690396297
1697 0.0645112964843032
1698 0.08210762532871675
1699 0.10677764109349092
1700 -0.10674867272916785
1701 0.044545367713455596
1702 0.2365891130792199
1703 0.03206174277094505
1704 0.15978300045525212
1705 0.5629104282210875
1706 0.2495245336952972
1707 -0.18554952489272064
1708 -0.051327201046112374
1709 -0.14675851961372782
1710 -0.2896836715326994
1711 0.116289066707366
1712 -0.13429119817248167
1713 0.09349798398673535
1714 0.3893536040677225
1715 0.3195615627152438
1716 0.6778707379513955
1717 -0.11519734170295101
1718 -0.02503720553502645
1719 0.015842622861213865
1720 -0.016216422716437747
1721 -0.057698735350631004
1722 -0.02966597441218349
1723 -0.018584258305437713
1724 -0.03652408981960586
1725 0.02062444863867748
1726 -0.03651031951031301
1727 -0.04826024259384986
1728 -0.006560405454838714
1729 0.054013337622659634
1730 0.10255278124967288
1731 -0.13453714680580225
1732 -0.013278370319458372
1733 0.052366347662835044
1734 -0.0331831760040653
1735 0.04230157581567196
1736 -0.023183283776788053
1737 -0.24430186659865546
1738 0.19982497762837145
1739 0.1379525541391651
1740 -0.07324643940111605
1741 0.2722755652450984
1742 0.09682693005047127
1743 0.2107736138502285
1744 0.15306929520696966
1745 -0.06179596024964757
1746 -0.4718776540371344
1747 0.6746093831451186
1748 -0.09281688857305932
1749 0.214054295823947
1750 -0.13234404812435518
1751 0.2321895758004025
1752 -0.21731236012313238
1753 0.023933903178403954
1754 0.13765639673470392
1755 -0.2333155003361113
1756 -0.05202718626052604
1757 0.06087809253729231
1758 0.014864132054527896
1759 0.19494473567141637
1760 -0.6917599249580689
1761 -0.028768519337039045
1762 0.1398636283167494
1763 0.09985356038629276
1764 0.03898690554229052
1765 0.003837591605961175
1766 0.095159199634409
1767 0.17767873746114918
1768 0.13110648302428493
1769 0.07611226734657228
1770 -0.12475452861128562
1771 -0.07389298529605583
1772 -0.17308499390939863
1773 -0.10025875290754756
1774 0.048157741235262945
1775 0.16751468577769668
1776 -0.13266654168086003
1777 -0.07392388879393799
1778 0.2687710667422544
1779 0.11867944037743881
1780 -0.29989219676774725
1781 0.14460350596827629
1782 0.06393621841347558
1783 -0.2993563613699325
1784 -0.05531827860280207
1785 0.04950680831706093
1786 0.04449100660794663
1787 0.09753639209991442
1788 -0.010778845039479163
1789 -0.08127049006855996
1790 0.0013962676992640324
1791 0.06583360065259493
1792 -0.2336032824119251
1793 -0.016487505248764675
1794 0.06673951632488448
1795 -0.157063554440715
1796 -0.03450267132549948
1797 -0.1023522285458658
1798 0.050898956946318796
1799 0.04247832079635177
1800 -0.026043498489985537
1801 -0.025470653252877364
1802 -0.08714495549384593
1803 0.0250018145691569
1804 -0.05024547006419846
1805 -0.021441476182478224
1806 0.07710685972453303
1807 0.014488408656043445
1808 -0.004552321639082212
1809 0.0011875487148928544
1810 0.0068578523643833015
1811 -0.02876258633242295
1812 0.024808190268426643
1813 0.006012682984434896
1814 -0.0010773068098022538
1815 0.003189536656399431
1816 0.0016790831787274782
1817 -0.023326476286962185
1818 0.0036621088358648867
1819 0.017960574838115532
1820 0.035609272451159614
1821 -0.011762181362888223
1822 -0.10094978456170847
1823 0.04751813805758256
1824 0.23040972475677812
1825 0.022103800998557827
1826 -0.06331377795957187
1827 -0.08578450891791058
1828 0.015969603155034588
1829 -0.12555644758270293
1830 -0.09892497698669879
1831 -0.42810406637578824
1832 0.12812296380673385
1833 0.056608148064031215
1834 -0.037717863740781225
1835 -0.09527780088635723
1836 -0.03163644735024676
1837 -0.1398120203860486
1838 0.01956084701674135
1839 -0.09043109159606656
1840 0.06100648476297422
1841 0.011339720707958592
1842 0.0020392077166649027
1843 0.0022345970075639847
1844 -0.027700291980669804
1845 0.018256510116894806
1846 0.06541034199089511
1847 0.11392616187746328
1848 0.041718247366699095
1849 0.08031304136191976
1850 -0.16116133474106847
1851 0.0114569962724862
1852 0.0381573612466936
1853 0.04950489379574828
1854 -0.10420665601359128
1855 0.0029455372840123607
1856 0.280542930286417
1857 -0.134264802765498
1858 0.2143439967688634
1859 0.08527757101535423
1860 -0.07748684915062849
1861 0.258122037954026
1862 0.10754462262738373
1863 -0.03433914863582758
1864 0.09506101559993727
1865 0.3064248276622429
1866 0.15735526806528777
1867 -0.00600866351207306
1868 0.07570927858138188
1869 0.07875738809224345
1870 0.037439689580067124
1871 0.1435705946965505
1872 -0.008814864557158505
1873 -0.006042934977198832
1874 -0.2039358944508981
1875 0.14844973375565507
1876 0.22509540987712365
1877 0.1698164010238294
1878 0.09890241633919651
1879 -0.012163628157625159
1880 0.006804011106146345
1881 -0.06897825264725946
1882 -0.12004650343331419
1883 0.09151999753928218
1884 0.07115705892179902
1885 -0.049592778344282815
1886 -0.008461646580185186
1887 -0.0002888776770822316
1888 0.05926662736393404
1889 0.002762334874098567
1890 0.03735110508483604
1891 0.019367187535517034
1892 0.10766085383285502
1893 0.011545339569626056
1894 0.015323702374089504
1895 -0.002153775716660576
1896 -0.0015218991988931814
1897 -0.012134450509819665
1898 -0.008303665414937409
1899 -0.018574561049743744
1900 0.033627941638291796
1901 -0.031096313954530132
1902 0.08699650875309538
1903 -0.1629598642191553
1904 0.10817580814534007
1905 -0.06351089338325776
1906 0.31550929337866707
1907 0.007423383730868078
1908 -0.02618881827257572
1909 -0.026660664098658353
1910 0.04700763501152286
1911 0.016308506369204244
1912 0.00507251631408578
1913 -0.03849977776168108
1914 0.03237032372318139
1915 -0.0010161988875636127
1916 0.044112056221417235
1917 0.017330417265378463
1918 -0.010582881269643605
1919 -0.03874145650086897
1920 -0.039591779523717216
1921 0.05706497714941247
1922 0.007348861124061542
1923 0.013496004944855564
1924 -0.005688927944964791
1925 0.005924959933329641
1926 -0.08010179862863778
1927 0.014113684930699158
1928 0.0066557131131862535
1929 -0.01031886720403331
1930 0.007118601188176303
1931 0.012412169383622308
1932 -0.0038889246125623144
1933 -0.09544707813984712
1934 0.03061725217430967
1935 -0.033393657056515445
1936 -0.11457369575779042
1937 -0.01207933189339058
1938 -0.048737392920579485
1939 -0.10523563612478937
1940 -0.08947721940365924
1941 -0.06707026754444145
1942 -0.036235800082847255
1943 0.051972645541195475
1944 -0.15873519073326264
1945 0.0038945540812616525
1946 -0.013966103637199433
1947 -0.058590799500520534
1948 -0.07963142820854684
1949 -0.015972665370350848
1950 -0.021943310270095023
1951 0.0038223598167761758
1952 0.08188760953206696
1953 0.036303789686241116
1954 0.059020339358855194
1955 0.09887015867546108
1956 0.11759352844268242
1957 -0.02157667874461477
1958 0.3168509603476198
1959 0.48201372928772107
1960 0.11954764589012844
1961 -0.13545120902604044
1962 -0.11766801761821105
1963 0.03305657540367632
1964 -0.01514136790173927
1965 0.01819604333424977
1966 0.0054884675007905856
1967 -0.019698531323156524
1968 -0.0055684397363971625
1969 -0.005190196516274527
1970 -0.017690623341184073
1971 0.0548212550724804
1972 -0.07869430297381415
1973 0.07291631053378486
1974 0.07233170545349349
1975 -0.000995108369181701
1976 0.15645892256209565
1977 0.2613610412175153
1978 -0.4457643800164027
1979 0.27441960394162696
1980 -0.08092276525365852
1981 0.33088390995637784
1982 0.1121100392714598
1983 0.13347503834563246
1984 -0.13938198310053326
1985 0.18496271297522052
1986 0.13113514285072683
1987 0.2263303217898359
1988 0.2348994627128306
1989 0.10580946603996623
1990 -0.07091058612639872
1991 -0.20356235732389946
1992 -0.033637142628625175
1993 0.029905607831804043
1994 -0.34641858927261043
1995 0.03524320683175466
1996 0.056421193406811156
1997 -0.057295148075894135
1998 -0.21995541873309868
1999 -0.03161271135503648
2000 0.5740053411187223
2001 0.16315453684681722
2002 0.002782714774954921
2003 0.02262539289532222
2004 0.029508006895068543
2005 -0.0410101276001468
2006 -0.007132607883300864
2007 -0.05137846411044034
2008 0.0717176101642385
2009 -0.043744282394425196
2010 -0.02895570454893144
2011 0.013958386432580733
2012 -0.03370133752152704
2013 -0.02857432571823555
2014 0.002601334130715117
2015 0.0034526061279797375
2016 -0.0008415425610079425
2017 0.00032723034958180537
2018 -0.004737966721450298
2019 -0.005836310055697838
2020 -0.04568294390458845
2021 -0.03484447200096622
2022 -0.004074045603180541
2023 -0.017236797937752516
2024 0.01014109161425269
2025 -0.03506197165355675
2026 -0.012931816657951277
2027 -0.05080161326593492
2028 0.022478538283318087
2029 0.06640302061908615
2030 -0.19483952613777245
2031 0.014183718927144751
2032 0.12282409471561194
2033 0.13505213369915067
2034 0.03232331289595131
2035 0.46404340747489625
2036 0.11008628806445006
2037 0.010308748908638247
2038 0.08828243530183247
2039 0.33056018868109754
2040 -0.1166159348685122
2041 -0.01749296441166641
2042 -0.08780895481051357
2043 0.07365800798952614
2044 0.05510269544433662
2045 -0.03425968117533639
2046 0.03345288979429704
2047 0.006825848722939114
2048 0.02294820585970932
2049 -0.006851602845259699
2050 -0.10599759918055769
2051 0.053843615916558604
2052 -0.03991740651272661
2053 0.012904422786064487
2054 -0.011875529363863616
2055 0.07683905352626404
2056 -0.10203454311411671
2057 -0.07167460817959
2058 0.049350827648412185
2059 0.068116474618133
2060 -0.040691774641669766
2061 0.03495156457819769
2062 -0.017026842008275492
2063 0.04490513251317033
2064 0.0028810988465447344
2065 0.01227359088831476
2066 0.0012262938374079761
2067 0.007985623141077139
2068 0.004420908622330114
2069 -0.0035426683846153566
2070 0.0006583291841214336
2071 0.023236058181331995
2072 -0.028726115890305427
2073 0.0019182273104979349
2074 -0.0005026699274807495
2075 0.005221253435958754
2076 -0.005213261143504561
2077 -0.013962662955364873
2078 -0.028144697656020238
2079 -0.017692057625884133
2080 0.04188097178503384
2081 -0.026275480205562547
2082 -0.007825930627752727
2083 -0.01001198798446716
2084 0.07279054390153071
2085 -0.019753718101080057
2086 0.033096907990698504
2087 -0.41796023711374053
2088 -0.06397212612631241
2089 0.3206564432186047
2090 0.17043394417147545
2091 0.0862502553275242
2092 0.28990571301230156
2093 -0.025990718341460155
2094 0.020568359689397554
2095 -0.056791323433756424
2096 -0.014620452233518561
2097 -0.08152840916852393
2098 0.13348386541535084
2099 0.02631214050164291
2100 -0.000833125032290515
2101 0.08940350190364112
2102 0.0020900901269652454
2103 0.036567445545356625
2104 -0.02205623248686768
2105 -0.05919554979596871
2106 0.0018845674004963858
2107 -0.015681768388457987
2108 0.0346771480149301
2109 -0.08494856396983383
2110 0.000367884408667107
2111 0.11189701959769263
2112 0.032114216854590566
2113 0.012042744619383526
2114 -0.014546683477361542
2115 0.0021332884609614896
2116 0.0006360290887860418
2117 -0.06409493550748252
2118 0.03609588883118922
2119 -0.027669512212802776
2120 0.10583339759344502
2121 -0.011434492723420479
2122 0.008398213766976609
2123 0.008027046521703347
2124 -0.07215452014894529
2125 0.014752873049238549
2126 0.03809196032668965
2127 0.17931373710036252
2128 0.03982184507968614
2129 -0.056147639130230916
2130 0.1917671096730433
2131 -0.056925318488057076
2132 -0.2544277387847132
2133 0.010493151194762561
2134 -0.0002653896518298029
2135 0.1853344090512067
2136 -0.14686390167780466
2137 -0.04138340913723298
2138 0.016783796194590406
2139 0.06765977062538846
2140 -0.07883962462215335
2141 0.002488542251757206
2142 -0.004121777571138148
2143 0.032047035636579166
2144 0.018041822878882556
2145 0.08842385781236428
2146 0.1627534483408611
2147 0.019446379960785642
2148 -0.029574840270740543
2149 -0.017229233226292908
2150 -0.0065842857385640784
2151 -0.022838813747459292
2152 0.07675522950531535
2153 -0.06344192433969534
2154 0.017891449085279138
2155 -0.03605925897122272
2156 0.05633058156328302
2157 -0.0664289307885168
2158 -0.011781739470782836
2159 -0.011411832781728798
2160 -0.08064753477193944
2161 0.003505204698833807
2162 0.0018273230182852013
2163 0.006950593065961198
2164 -0.013806553744634109
2165 -0.0036817424046329834
2166 0.03712496361413301
2167 -0.020074269194894162
2168 0.04495505617505649
2169 0.030732666020913103
2170 -0.03468326679686641
2171 -0.02868386837548595
2172 0.016294146864874598
2173 0.12399132905494047
2174 -0.02863889465284214
2175 0.16441386191460208
2176 -0.019414221889021664
2177 0.1890279559007555
2178 0.31353800210459787
2179 0.023925508024608213
2180 0.07622775794266265
2181 -0.15607193388013185
2182 0.2021866870881507
2183 -0.28164309968069057
2184 -0.04496825866007921
2185 0.1799114006295661
2186 -0.18734689691462303
2187 -0.23222683573734054
2188 0.06618472086846403
2189 0.19025622211184565
2190 -0.1602530390107382
2191 -0.06994723429803483
2192 0.08786197096085539
2193 0.11510447664932238
2194 0.00878965768041306
2195 0.08946295751313407
2196 0.06141500259976186
2197 -0.05956634367947488
2198 -0.14360599107389477
2199 -0.02207252009438132
2200 -0.11091221989214116
2201 0.09426841506754356
2202 0.13979841509218338
2203 -0.018940873271957058
2204 0.0366542825117951
2205 0.02167489468490388
2206 0.06609306307264162
2207 -0.09220679144770037
2208 -0.007531419537132004
2209 0.0065428297827095265
2210 0.02920538704116652
2211 0.055344372673400526
2212 -0.08642428351940742
2213 -0.008192926001542169
2214 0.06993222911542611
2215 -0.12214650191754521
2216 0.03854428281560899
2217 -0.012096506946029517
2218 -0.13397719660953014
2219 -0.2062768121237046
2220 -0.11764391852036639
2221 0.10095150845021057
2222 -0.0445076859498226
2223 0.020729046084810583
2224 0.04573672291141114
2225 -0.01068526819554254
2226 0.03520100741110881
2227 -0.009785941767253201
2228 -0.5655898155718234
2229 -0.3740649935913753
2230 0.6669355375256135
2231 0.12681685383431343
2232 -0.20881032083837361
2233 -0.10497194970964244
2234 0.1784676085605737
2235 0.17624480579077928
2236 -0.017447502499544895
2237 -0.03840704968284142
2238 0.048446516752278304
2239 0.013841442088949737
2240 -0.03566287455207569
2241 0.10180933464543487
2242 0.0043564949842496556
2243 -0.10080107898857285
2244 -0.0031979037633438653
2245 -0.01271771106344569
2246 -0.06857617226022011
2247 -0.3778632533230452
2248 -0.0008649638347447483
2249 0.04526867970125649
2250 0.059422116879089944
2251 0.1336332616952871
2252 -0.046139972177581264
2253 0.04585002525163189
2254 0.03101080526417798
2255 -0.17792244922742237
2256 -0.011518923658805694
2257 0.05145423329127974
2258 0.009148289554342562
2259 -0.04811166799273144
2260 -0.0502281721672293
2261 0.1102278247126949
2262 0.15415979622033066
2263 -0.10228742029753789
2264 0.025140605939282117
2265 0.0690922740765581
2266 0.02118573083941453
2267 -0.06271945063000486
2268 0.04550331629071179
2269 -0.04637039642568674
2270 0.06758743794855807
2271 0.1351247856400421
2272 -0.02779206758709373
2273 0.03627337396091958
2274 -0.07146320434124061
2275 0.0013974595054136194
2276 -0.006520438396999941
2277 0.10807259833315465
2278 -0.1361196893567511
2279 0.07269929179400535
2280 0.11467987617586885
2281 0.020724333368766827
2282 0.0959501286766349
2283 0.050800359261334915
2284 -0.013795447214662547
2285 0.05538825775542891
2286 0.14603582397116285
2287 0.18517411258210253
2288 -0.00698965800798059
2289 0.0962765016984262
2290 -0.21365932827824674
2291 0.11681874711107278
2292 -0.0016147252763209384
2293 0.014087464926816352
2294 -0.04583792701810375
2295 0.13705151373614674
2296 -0.07352780200816578
2297 -0.19069151361059863
2298 -0.0168098949890727
2299 0.10429883172937597
2300 -0.246882938391755
2301 -0.009722772267789172
2302 -0.05534429057667641
2303 0.06437334449448906
2304 0.3755665656499413
2305 0.11291197676002279
2306 0.12349563724602591
2307 -0.11887012224833413
2308 0.1548378389334883
2309 0.03687301179792975
2310 0.00860781788783418
2311 0.01701033670609529
2312 -0.2286252018399265
2313 -0.19767295932154258
2314 0.134126441974412
2315 0.04485082366538417
2316 -0.08575280529632634
2317 0.022866063885459146
2318 0.016927807595651392
2319 0.04808464639762128
2320 0.02586061822550106
2321 0.020548508574892283
2322 0.0026070778700799445
2323 -0.00759007550894948
2324 -0.007943867929824978
2325 -0.07333021423729522
2326 -0.011127639667866033
2327 0.05123077288142477
2328 -0.1159869083633867
2329 0.23853707592647874
2330 -0.07808606871393489
2331 -0.007321280348854679
2332 -0.07996152513230637
2333 -0.15957700761741853
2334 0.10981360222914917
2335 -0.06455677514881694
2336 -0.005646864775697343
2337 0.039643226041416395
2338 -0.021175384011989155
2339 0.09481022504646905
2340 0.016023993066009785
2341 0.08273790613941374
2342 0.0027810764446822875
2343 0.0426184887096225
2344 -0.001233414591377405
2345 -0.04300625004577848
2346 -0.0013505967249126363
2347 -0.053041806622131385
2348 0.0773585336984748
2349 -0.15807244470064016
2350 0.02908643217660307
2351 0.0582139818520152
2352 -0.06810341727222695
2353 -0.020236080418290513
2354 -0.0021364051544771646
2355 -0.012399918865478735
2356 0.12506740709132413
2357 0.08124219786867155
2358 -0.02544601783066863
2359 -0.006010087588596189
2360 -0.02592689533868452
2361 0.27188620536898156
2362 -0.07060874264358896
2363 -0.009871797581071992
2364 0.1871967500073233
2365 -0.08785754161991512
2366 -0.33165056742361304
2367 0.3888207160735571
2368 -0.13238244563447052
2369 0.36754251131199345
2370 -0.01615575343861724
2371 -0.10807318314412814
2372 0.11590850203253708
2373 -0.2241029227360725
2374 0.01931668202183004
2375 0.014666255207116586
2376 0.011330279610591994
2377 -0.014952720564392783
2378 -0.008473454908968905
2379 -0.009197668542524262
2380 0.005834977173084446
2381 0.008504563578168908
2382 -0.029909892745247645
2383 0.010660532984242542
2384 -0.053484782927686776
2385 -0.11201198024171034
2386 0.21001936407083113
2387 0.086211703971993
2388 -0.039892599922981206
2389 0.20389000222607778
2390 -0.2582702192491303
2391 0.3183122005191217
2392 0.09957079031490172
2393 -0.05228900750998536
2394 -0.0373839060490899
2395 0.006737143808435064
2396 -0.03727337506182307
2397 0.0009735064983840873
2398 -0.0016028495214936253
2399 -0.11986728192227916
2400 0.0876005855761277
2401 0.0020869195305681662
2402 -0.058544821442770734
2403 0.2519809049031469
2404 -0.660094632248272
2405 -0.026904185885723325
2406 -0.43404679737582474
2407 0.10587265884270484
2408 0.1699644042648147
2409 0.02797587811543317
2410 0.011141688881141826
2411 0.006751085353111652
2412 -0.017065219323675298
2413 -0.042287672263343117
2414 -0.138782687153406
2415 -0.06651285787529364
2416 0.09846479100104681
2417 0.08043793680521254
2418 0.03417784139101872
2419 0.014342677105460461
2420 -0.008839223369208246
2421 0.07075608568854058
2422 -0.003937293700993699
2423 0.011506438919648945
2424 0.011059713806208085
2425 -0.10812616465262334
2426 -0.027744409307812683
2427 0.08609529568372974
2428 -0.1692722141280526
2429 0.011703266312733796
2430 0.03589265987965367
2431 -0.08413198905684559
2432 0.08818559957446086
2433 0.16454047567433533
2434 0.4643871925211923
2435 0.08674859286203308
2436 0.1724164142201193
2437 -0.09897290874692818
2438 -0.06579215092896479
2439 -0.12668482892262814
2440 0.11780147986459065
2441 -0.36193625641936517
2442 0.4022793159581612
2443 -0.08109135859049427
2444 0.08039584334256114
2445 0.004832841719952393
2446 -0.05783200311181193
2447 -0.0746380048629645
2448 -0.013241202469739378
2449 0.058381621801750674
2450 0.009936935160358299
2451 0.08130414014778914
2452 0.017496418873469477
2453 -0.012220216965554939
2454 0.04857463600019901
2455 0.18771652020100277
2456 -0.13697896952275776
2457 0.22822811496199027
2458 -0.11647359123755863
2459 -0.0006485262562562322
2460 0.017745352339003224
2461 0.0017478745718517755
2462 -0.05568802905602283
2463 -0.0052016622323856135
2464 0.0661925574294171
2465 -0.013089039921198574
2466 0.11754405025914819
2467 -0.13724049575159356
2468 0.1030676551266436
2469 0.24220772861917403
2470 -0.017237765458663623
2471 -0.19985495762304664
2472 0.16347429764001295
2473 0.18966508045432068
2474 -0.25202053589761114
2475 0.03976946984136853
2476 0.08966811462008159
2477 0.5344999085187061
2478 -0.5304828966809093
2479 0.32215413233281853
2480 0.2842205311572119
2481 -0.14953266595354425
2482 -0.08381648504421081
2483 -0.026700273459549114
2484 -0.04341384528586074
2485 -0.0016681488159370347
2486 0.00043925574973847106
2487 -0.0254215049372853
2488 0.018470606248441223
2489 -0.21993090925324454
2490 0.040826784020386725
2491 -0.11366928326464638
2492 -0.1527148357372925
2493 0.20912472660391285
2494 0.04026213979786775
2495 0.011113238512007377
2496 0.010394353412201013
2497 -0.0289368266129943
2498 -0.03677165366317312
2499 0.043350972376333285
2500 -0.02705088060578093
2501 0.00926889593221149
2502 0.26322529163596364
2503 -0.027177218048718588
2504 0.1164252844243042
2505 0.044451876810523636
2506 0.07384096812620979
2507 0.19859025843359898
2508 -0.23678210800058813
2509 -0.11974261934578358
2510 0.050497818383163175
2511 -0.10247534497480103
2512 -0.19124529549729022
2513 -0.0391507236912105
2514 0.002823419288549853
2515 -0.10651448224758168
2516 -0.01576577518720037
2517 -0.040479861855547195
2518 0.049559350237175136
2519 0.03727386780514467
2520 -0.01305807319257423
2521 0.09058768838360806
2522 0.0078090448096639325
2523 0.006217064337818253
2524 0.07359219469503694
2525 0.21171513820046858
2526 0.021731276606945973
2527 -0.10820580700899222
2528 -0.01719841537342457
2529 -0.05005641857020037
2530 -0.009551694426004287
2531 -0.023607555611900092
2532 -0.02312973419489981
2533 -0.12252345561030645
2534 -0.12711875295343902
2535 -0.01956145420919842
2536 -0.01714019406157475
2537 0.18737879059885912
2538 0.0639652082875461
2539 -0.2485941037229145
2540 -0.05012421257879741
2541 0.017419970257556282
2542 -0.06234590820267988
2543 0.11349978499424905
2544 0.0734782409751424
2545 -0.10004103017318322
2546 0.08988694170466074
2547 -0.006331880181238331
2548 -0.17207826529308115
2549 0.2589422845364475
2550 0.06878868525254586
2551 -0.03822765993516303
2552 0.3352425535279935
2553 -0.07101267495190655
2554 0.054521711713394226
2555 0.126117140562871
2556 -0.003558732236083087
2557 0.02995284653631109
2558 0.016066278322125295
2559 -0.009057936143016915
2560 -0.04501560595329506
2561 0.0409046618051921
2562 0.007384607755188053
2563 0.035663383929567534
2564 0.00838110845995318
2565 -0.08476173709124357
2566 0.013684809812619778
2567 0.05627494053139969
2568 -0.022169190047835116
2569 0.008476978395767483
2570 -0.03902412024988909
2571 -0.00892789580056339
2572 0.17936858606612088
2573 0.11562363304927391
2574 -0.09115888710586482
2575 0.07405855337293707
2576 -0.17954461348586503
2577 -0.1151957394647262
2578 0.0544148821554826
2579 0.0007094928509304199
2580 -0.007909490251884161
2581 -0.055367657140749975
2582 0.0015620465125001956
2583 -0.011905937089405468
2584 -0.003093583744787369
2585 -0.019351743156817567
2586 0.013701687174528786
2587 -0.06126529643017672
2588 -0.04512005037089035
2589 -0.010770436506794415
2590 0.005490198385532449
2591 0.030823749905593837
2592 -0.004808961933125497
2593 0.014627289954357482
2594 -0.033640392433263375
2595 0.017294551546992627
2596 -0.023742925158745074
2597 -0.024006125088565897
2598 -0.008481046366403306
2599 0.20492868488050206
2600 0.048447760073272894
2601 -0.011600362487590703
2602 0.07771401292045398
2603 0.048292420734558195
2604 -0.006344986543180769
2605 -0.026293554413020233
2606 0.058389490147528304
2607 0.01756216218807205
2608 -0.15088553914269384
2609 -0.1189046393577598
2610 0.11868332120265951
2611 0.1455862784623744
2612 0.02723729520427043
2613 -0.05355702894674707
2614 -0.045369385469524445
2615 -0.06781551869020616
2616 0.06374921446628203
2617 0.04707943348577945
2618 -0.10501379362432826
2619 0.05674666838706874
2620 0.1451864307737924
2621 0.15786790341105783
2622 -0.17248175594608792
2623 0.4573090650593144
2624 -0.23923445384886027
2625 0.21987321300506932
2626 -0.2373612640836041
2627 0.1948869805116093
2628 0.057257926984815126
2629 -0.0020018708012548426
2630 0.08953239436824677
2631 -0.18162999911081337
2632 -0.011108676943173733
2633 0.10051736177713472
2634 -0.17960911326468018
2635 0.054596098335465346
2636 0.04388265671163708
2637 0.09322010918278055
2638 -0.04834025778264756
2639 0.2241022533882402
2640 0.08624175180738353
2641 0.04113481417193878
2642 0.040867080806364496
2643 -0.09107524974299759
2644 0.4192990644987924
2645 -0.30036657994441385
2646 -0.001966455093908064
2647 -0.05083758748834799
2648 0.12841897622522905
2649 0.13794007819221893
2650 -0.013110110417462875
2651 0.053335556116527176
2652 0.014157319145025363
2653 -0.05383036276398428
2654 -0.3519300990716921
2655 -0.4786628658289436
2656 0.21259149215414053
2657 0.14513268937808943
2658 0.1666742275695648
2659 -0.13405385319493146
2660 -0.03358439428039507
2661 0.10732872258291043
2662 0.25161539514186504
2663 0.12352249673692424
2664 0.24706003535397247
2665 0.09934887124097093
2666 0.23212205838104635
2667 -0.04246498951385118
2668 -0.023509178074425343
2669 0.18751241559620602
2670 -0.005501987660736809
2671 0.092546001702166
2672 0.06132964896761225
2673 -0.07392044688991732
2674 -0.17089578989512372
2675 0.018952374755028253
2676 -0.02336335105472477
2677 0.08470598253850406
2678 0.037313991514861984
2679 0.1110006237854575
2680 0.0885088924855944
2681 0.08086025044895724
2682 -0.25411128397347
2683 -0.1339863322751424
2684 0.19887505006979314
2685 -0.05212964893647646
2686 -0.0929646719593264
2687 -0.18081882317226303
2688 -0.26224400109280227
2689 -0.05665649179731705
2690 0.08112334757108014
2691 -0.03728335746004943
2692 -0.20682631653218406
2693 -0.06458023533050326
2694 -0.0014454508288990243
2695 0.06287101852188182
2696 -0.05049179133045454
2697 -0.17278532052241843
2698 0.05357708527234088
2699 -0.02837435471237178
2700 0.21257359578718213
2701 0.036711869938616075
2702 0.0026738519725486914
2703 0.05431114511272876
2704 0.0195968882101839
2705 0.029451768336973324
2706 0.018259034932649198
2707 -0.09201757216979398
2708 -0.24521007666478703
2709 -0.07900808326115093
2710 -0.03196833110195097
2711 0.04802937946073328
2712 -0.10131709275762565
2713 -0.04750260284094025
2714 -0.036558463150576294
2715 -0.22937705224024307
2716 0.017823394962115654
2717 0.030582019014351765
2718 -0.02821422462424196
2719 -0.047824649498449945
2720 0.014049960715698912
2721 0.09563624701668291
2722 -0.029509470672193623
2723 -0.07980303070726477
2724 -0.02696747807501477
2725 0.011473387243240214
2726 0.16734381444641103
2727 -0.17911309449558763
2728 0.0848405943743381
2729 -0.06927137823704374
2730 -0.0349237192519445
2731 0.06660214404273024
2732 0.049634364718212955
2733 0.06020726903704046
2734 0.07441088072675663
2735 -0.03416610018275596
2736 0.011291720499268276
2737 -0.027626536868521425
2738 0.0022645575740555496
2739 -0.008069113238873889
2740 -0.05589640048157541
2741 -0.037267497237402566
2742 0.0018347028459874068
2743 -0.0010339449491811288
2744 -0.06175444855349666
2745 0.11567854558053445
2746 0.10361829063804755
2747 -0.03672236409950023
2748 0.10682596675490752
2749 -0.048467467578526414
2750 0.2845965374171699
2751 -0.05502416046597083
2752 0.4363028188512119
2753 -0.018186170297880822
2754 0.041145446195183386
2755 -0.05539889945491477
2756 -0.06848485338047729
2757 0.1147303464000893
2758 -0.25132264818247335
2759 -0.15331988746753572
2760 0.04391818239848582
2761 0.1973461134774581
2762 0.08607637057645999
2763 0.038239199525453675
2764 0.04153056368451467
2765 0.09991556156098272
2766 0.22575344944692596
2767 0.11913431427440364
2768 -0.026828151555827403
2769 -0.02729126285327621
2770 0.010161384699176977
2771 -0.002416587117656008
2772 0.05708069225656026
2773 -0.6394498734174051
2774 -0.20733763624113127
2775 -0.3085381134500659
2776 0.45561515905083366
2777 -0.3334380300124644
2778 -0.018024590740235633
2779 0.0024548670495831023
2780 -0.14663266839188285
2781 0.11170447189119184
2782 -0.004211401807313564
2783 0.05426982471891513
2784 0.025448928497743398
2785 0.05226666862555625
2786 0.10146065118642554
2787 0.02649770218328122
2788 0.08409509832228317
2789 0.030952932356097487
2790 0.02027421580616809
2791 0.0007425036313126776
2792 -0.0521415545716821
2793 0.026637052358016344
2794 -0.061847142934959805
2795 -0.015222537726546498
2796 0.25864888512181156
2797 0.2920849344215537
2798 0.05931125598665642
2799 -0.02256493319514657
2800 0.1511155496340177
2801 0.003315702866282499
2802 -0.21537053112050059
2803 0.0037008818415500875
2804 0.07264449532862505
2805 0.013626131206385972
2806 0.1373098613020126
2807 -0.161106233044647
2808 0.15742345401181174
2809 0.15834361398739022
2810 0.16149061673273718
2811 0.1237146051056677
2812 0.05434697437758154
2813 -0.09848677576084207
2814 -0.03028844684534787
2815 -0.2932888850721199
2816 -0.13485456340248217
2817 0.2570074849687879
2818 -0.13704193882015336
2819 0.23856222301834115
2820 0.20539253708422667
2821 0.06816286219749229
2822 -0.14236698380157378
2823 0.2758386577022877
2824 -0.17642856346980584
2825 0.08463363387206524
2826 -0.13013257512097076
2827 -0.2808902634496173
2828 -0.05146221701973806
2829 -0.14440257505091153
2830 0.1118237378952398
2831 -0.018254953524284835
2832 0.000561669291266025
2833 -0.152526578863272
2834 -0.016675181756934214
2835 0.04028579985637058
2836 -0.050438042287734776
2837 -0.09011369619131163
2838 0.3130095386864491
2839 0.39158150205369413
2840 -0.13527853648114557
2841 -0.04793210204999777
2842 -0.011260031623517134
2843 0.07460921507631904
2844 0.1342476351316835
2845 0.09232398445350355
2846 -0.03189438261828629
2847 0.12145863320531734
2848 0.05162537169395983
2849 0.07902256159528633
2850 0.11958021647817337
2851 0.1342459913088949
2852 0.244363900945446
2853 -0.01323083606222929
2854 0.03789271125547082
2855 0.08795751590925614
2856 -0.004062454650343508
2857 -0.06567172013714405
2858 -0.20338045562613716
2859 -0.021923837756879023
2860 0.39510265179494314
2861 0.29070693622642035
2862 0.6265404129092406
2863 -0.163587272680423
2864 0.1229645487597184
2865 -0.11557433671235845
2866 0.010335677105339051
2867 -0.05164775320886869
2868 -0.0789558618475419
2869 -0.026918278491410888
2870 0.16105259977023687
2871 0.153542947426012
2872 -0.024601611977501252
2873 0.08477449813589186
2874 -0.02861110169884273
2875 0.05858793722178893
2876 0.04223824017698865
2877 -0.19668855118845682
2878 -0.02284825854210064
2879 -0.13403417229762885
2880 -0.039188069416524356
2881 -0.050642505253517274
2882 -0.0791113752545325
2883 -0.10368862853340972
2884 -0.09828718315193744
2885 0.0457229916755494
2886 0.2707207286222968
2887 0.17659461347913863
2888 0.01072341472882679
2889 0.033130204347827756
2890 0.03987626612037217
2891 0.06440078949062315
2892 -0.4851720171125261
2893 0.6766203219112508
2894 -0.21944124473884316
2895 -0.3411811289984603
2896 -0.3128685024469249
2897 -0.16975848193690363
2898 -0.7149041724399957
2899 -0.42688246418810083
2900 0.1528399474123158
2901 0.034499469346034005
2902 -0.03504648938179181
2903 0.01265756980753867
2904 0.09421218870850155
2905 0.15361898106920635
2906 -0.6863650004352502
2907 -0.04830136940443087
2908 0.06924750458713458
2909 0.09054787824735251
2910 -0.013612364843509518
2911 0.059864560244899015
2912 -0.0011151725494490726
2913 -0.26557019988405106
2914 -0.027736282640765463
2915 0.12947501366180367
2916 0.05619750741105513
2917 0.12340961942193487
2918 0.17551974023204792
2919 -0.152226160857766
2920 0.07728974667320748
2921 -0.13006131549793085
2922 0.16618738849599082
2923 0.05497722753136168
2924 -0.08986159727569443
2925 -0.08917152585226681
2926 0.026170293033606597
2927 -0.021813439880152566
2928 -0.1932848532096639
2929 0.21994055477508215
2930 0.20868298256385975
2931 0.28737120741915634
2932 0.01582307356537017
2933 -0.06517878218878297
2934 0.032009957361860485
2935 -0.04950632003595732
2936 0.03520721830005055
2937 0.11835719641877536
2938 0.030948777109474933
2939 0.0681865614630256
2940 0.028527609191495242
2941 0.13373417951026093
2942 -0.006640190652131903
2943 0.14079241326841987
2944 0.025900887468810984
2945 0.09029692268420769
2946 0.032370395236206016
2947 0.03012783180789378
2948 0.014189430153458573
2949 -0.04608690122517736
2950 -0.037632443314830545
2951 0.011734346491570897
2952 -0.025323813144479707
2953 -0.010945984399624964
2954 0.008027377102635591
2955 -0.03540124219125961
2956 -0.013918647820806368
2957 0.0041603751276772264
2958 0.032268144157170615
2959 -0.05325695721224374
2960 -0.038581172526429154
2961 -0.0004561942572832372
2962 0.027341994331154536
2963 -0.02248621786177618
2964 0.05497950984506362
2965 0.02789469695703177
2966 0.01912986200365317
2967 -0.027808575285896864
2968 0.10167946820583984
2969 -0.06040587054445796
2970 -0.041306949623970766
2971 0.19497442342786145
2972 0.015268748759320792
2973 -0.14677167023989063
2974 -0.10362315166731172
2975 0.014060819373121956
2976 -0.2601492465472349
2977 -0.04457327195809498
2978 -0.07305338214120286
2979 -0.04507480758824773
2980 0.07612018987494812
2981 -0.010782234989133069
2982 0.07490305831287783
2983 -0.01685498276115617
2984 0.016293978852660457
2985 -0.04502722491575854
2986 -0.06448685172641468
2987 0.03795703850077201
2988 0.019111463063525746
2989 -0.021560564519845615
2990 0.025908003235048323
2991 0.013730710569172645
2992 -0.07641619422773963
2993 0.10443810009335026
2994 -0.029300197280519715
2995 -0.10453522163023635
2996 0.11236259313470266
2997 -0.07151331855084044
2998 0.09486921363734623
2999 0.05273593232114247
3000 0.12761539888647463
3001 -0.07181129192583524
3002 -0.2145976527306603
3003 0.03146291905048481
3004 -0.05417796442371363
3005 0.0002792599508415536
3006 0.006471486989232234
3007 -0.13877057751171476
3008 0.0060906641331656824
3009 -0.01612264113128281
3010 -0.09794396605955098
3011 -0.11927307610242917
3012 -0.08359666244252022
3013 -0.09096765695714117
3014 0.05902023140964045
3015 -0.038701254821113515
3016 -0.034171085286485034
3017 0.047994820886500374
3018 -0.00703996058174972
3019 -0.013292697636720698
3020 -0.22317284532897683
3021 0.10341755679840706
3022 0.1992223957388374
3023 0.07199217536882908
3024 -0.051130151507951596
3025 -0.023226782035091605
3026 -0.018586222300557443
3027 0.15646307222990338
3028 -0.02744843319824458
3029 -0.06986526181263764
3030 0.09541604746776058
3031 -0.06919972965293736
3032 0.03734433073382865
3033 -0.04716739978036471
3034 0.07255476390999809
3035 0.11004060561581146
3036 -0.10470103198453996
3037 0.0071185695467078204
3038 -0.015023663308888486
3039 -0.0338103491396385
3040 -0.002300482844346385
3041 -0.02136681349979546
3042 -0.00912814880643588
3043 -0.06780121170321672
3044 -0.04862303325315583
3045 0.10677059926692077
3046 0.04756784667161063
3047 -0.04335827328407287
3048 0.05896741184821528
3049 -0.16244570432651
3050 0.05250261458287442
3051 -0.15266236498930505
3052 0.2216510358586121
3053 0.06241808226974024
3054 0.02464271722914925
3055 -0.0495005669842723
3056 -0.012907122833204986
3057 0.060603374086366374
3058 0.0019133285106629299
3059 0.0009999634282899508
3060 0.04016345734086899
3061 0.039584972144148696
3062 -0.19800200052913514
3063 -0.036805684173768144
3064 0.00454676666100902
3065 -9.663936218443855e-06
3066 -0.01701382173805997
3067 -0.0008777681083608727
3068 -0.018024240340890094
3069 -0.012285559025633589
3070 0.022973622868651615
3071 -0.010492944562148174
3072 0.025961424868210858
3073 0.02305531711272692
3074 -0.08288820877998122
3075 -0.15987747882689363
3076 0.04468979216379682
3077 0.0777160635324676
3078 -0.09038790884163947
3079 0.05661760602537533
3080 -0.09608457290063122
3081 -0.017572689411077716
3082 0.05628340922018169
3083 0.021452532545536144
3084 -0.04330751898991266
3085 0.08104198199473528
3086 0.06967185126819933
3087 0.025609313784968717
3088 0.04224715753187307
3089 0.04280621750171135
3090 -0.00010265264671841204
3091 0.13662140314924986
3092 -0.06839526017618176
3093 -0.10018961338711607
3094 -0.09222298888024044
3095 0.0369212796846721
3096 -0.11927120946085036
3097 -0.08060605027790926
3098 -0.0033026913036736934
3099 0.038021506027007414
3100 0.11171764593869529
3101 0.03267367004299293
3102 -0.004488383624726603
3103 -0.13863011267671072
3104 0.43240963878949595
3105 0.6071232853394879
3106 0.4948435241098745
3107 -0.33147691922245526
3108 -0.20378528849418637
3109 -0.05363444699925887
3110 0.044628832787927064
3111 0.019507291979807655
3112 -0.02563135103794369
3113 -0.020482419671651115
3114 -0.04155892702919078
3115 -0.005196765858291387
3116 0.015508004249607391
3117 -0.005211326133239781
3118 0.051132947321404415
3119 0.04558309783085182
3120 -0.3611523818304444
3121 -0.3571120001082103
3122 -0.3569691049171422
3123 0.1838296495097049
3124 0.3137531721313523
3125 0.11695670604494392
3126 0.04701451932747115
3127 0.006990101316039588
3128 -0.08660740612095012
3129 -0.3463397331598587
3130 0.2585476844762433
3131 0.2965095161326551
3132 0.2295570468765147
3133 0.4755303016639646
3134 0.342826691572448
3135 0.6029895818913042
3136 -0.2875673928843692
3137 -0.3802992199672223
3138 -0.2714491264364158
3139 -0.02254216218654135
3140 -0.26978662903320444
3141 0.25102970802298297
3142 0.11150426751053646
3143 -0.10909843195292201
3144 0.02561153434280036
3145 0.01029432386879401
3146 -0.06686836661378597
3147 0.04394355072731672
3148 0.05921172440407238
3149 0.10024806455393763
3150 0.119385398777571
3151 0.050027050261895634
3152 -0.05486927540736503
3153 -0.033873931789419436
3154 0.057165456608839975
3155 -0.028039615575443426
3156 -0.024010009649243484
3157 -0.04440609181606092
3158 -0.025849407455621205
3159 -0.016650869454524403
3160 -0.0059397473166468645
3161 0.022516446293072277
3162 0.01810041311383887
3163 0.030538173296863654
3164 0.030642182534887187
3165 -0.010892596963539962
3166 -0.04282142702070935
3167 0.008060136727940722
3168 -0.004296473800855229
3169 0.009186877755361878
3170 -0.01759469790813606
3171 0.005196921575661823
3172 0.014383294491630118
3173 0.13481383611599637
3174 -0.07617874920617342
3175 -0.05567596199760035
3176 -0.22192271513763281
3177 0.2729680692077487
3178 -0.24664761167622004
3179 -0.2530948170811349
3180 0.34086078880848864
3181 -0.13534822451123507
3182 0.2656924488875646
3183 -0.1856282648053936
3184 -0.15396796140738864
3185 -0.07768594108512428
3186 -0.20498303394278594
3187 -0.09141580990448532
3188 0.16553805933598545
3189 0.00476885800048097
3190 -0.05071884638602659
3191 -0.052277395962272016
3192 0.0011011657636516249
3193 -0.07648122211759213
3194 -0.01284246642037934
3195 -0.0011866156365681268
3196 0.021802110094130463
3197 0.025579988866614892
3198 -0.039777765719923634
3199 0.009759262965950123
3200 -0.008445542748801613
3201 0.006473428161244195
3202 0.05175479977757872
3203 0.02992523266186568
3204 0.13206145190030816
3205 -0.05546527461505304
3206 0.0008716900110237729
3207 -0.041523112771473136
3208 -0.041754289001346444
3209 -0.017299997478695782
3210 -0.06475735089075584
3211 0.08434301023838418
3212 -0.03755151590715159
3213 -0.0015437058738214304
3214 -0.0033355257199243144
3215 -0.02381703371130985
3216 0.011606459608452439
3217 0.021876924376086408
3218 0.08107465061103793
3219 -0.023049306114597996
3220 -0.021770429869930847
3221 0.05943548343909556
3222 -0.013215082956361049
3223 -0.013729319722409705
3224 -0.06399613995942999
3225 0.019949598185815827
3226 -0.004899788593474817
3227 -0.029421729885234962
3228 0.010598898979934341
3229 -0.01629809002198043
3230 0.017181926007066577
3231 -0.0035419911183806802
3232 0.09854824138026813
3233 -0.050981652932595246
3234 0.15537186281890192
3235 0.076954976302922
3236 0.12987317750985505
3237 0.13304719422319672
3238 0.17318981748407453
3239 -0.09226048818328361
3240 0.16845749816662164
3241 -0.05094684891793216
3242 0.005441244632875347
3243 0.03019861283839379
3244 0.016993525170726186
3245 -0.03367901622153098
3246 -0.021293438450647687
3247 0.054555216620477714
3248 -0.013123650535053865
3249 -0.006703063876148777
3250 0.0016103733714311192
3251 -0.017605228692181726
3252 -0.0509206591865583
3253 -0.048634751349350254
3254 0.05139224910765187
3255 -0.06903865408084627
3256 -0.048659003406473264
3257 0.15919696101582406
3258 0.008716251969348873
3259 -0.014751920111083172
3260 -0.0959204899970019
3261 -0.0018387025326377273
3262 -0.002500251093465079
3263 -0.2656109788797854
3264 -0.04059552912736763
3265 -0.08994369895119277
3266 -0.09605831981656825
3267 -0.1264052502724644
3268 -0.16090874644945874
3269 -0.02990885516771044
3270 -0.0616472111564675
3271 -0.03648636372096676
3272 0.018750968020025415
3273 -0.010446136142996786
3274 0.06502872570493969
3275 0.1740693315882813
3276 0.029610729839979172
3277 -0.032695207204589634
3278 -0.04925033210160223
3279 -0.0018051008394286913
3280 0.009168987212476064
3281 0.08583167321944647
3282 -0.0787765011616458
3283 0.014797386913185984
3284 0.0404066741880333
3285 -0.021619090252139726
3286 -0.0182181259634258
3287 0.027074670818947832
3288 -0.033144448565474785
3289 0.039224075235582065
3290 0.048810552868018185
3291 0.051297453493608015
3292 0.16139160207114286
3293 0.03620524912741601
3294 -0.021827202664242054
3295 0.02217113576779602
3296 0.00010765680262705004
3297 0.018252131678270514
3298 0.009529981972637292
3299 -0.02594371886072033
3300 0.008872216659182442
3301 -0.03957097934089462
3302 -0.014358317404657251
3303 -0.0025256706300375736
3304 -0.014241427272495104
3305 -0.09624762085657214
3306 0.00183977973503514
3307 0.0016512982652681718
3308 0.018425308329128275
3309 -0.03675513873012424
3310 0.022079624135158918
3311 0.011501638329030337
3312 0.0031272561160922844
3313 -0.02782675959035085
3314 -0.004024352648643985
3315 0.015434136816694007
3316 0.011163902614653939
3317 -0.029662670757248245
3318 0.001596370173523468
3319 0.09677393922259286
3320 0.02987531191576106
3321 0.10883112167811182
3322 0.08646778453330281
3323 0.13068912900463112
3324 0.4172037687029441
3325 0.12477213254281667
3326 -0.08799012145969606
3327 0.20436375283746094
3328 -0.07703734241745551
3329 0.13309913081555103
3330 -0.022712801303672092
3331 0.21601774487459083
3332 -0.08958931836886588
3333 -0.12885740302617132
3334 0.1235137695440155
3335 0.23366583778975342
3336 -0.061356470620506705
3337 -0.17369479936980728
3338 0.009050476412369468
3339 -0.04370553652269175
3340 0.04933189420352355
3341 -0.02398073890680391
3342 0.1010288808740086
3343 -0.013014970007525623
3344 -0.13343931784984236
3345 0.02358376708807423
3346 0.019044425605337686
3347 -0.016717692062207405
3348 -0.01575338589302656
3349 0.06439252653846285
3350 0.0781706475846337
3351 -0.1114155632287039
3352 -0.020800150744526503
3353 0.027159445878336824
3354 -0.0004057935948939894
3355 0.03019842571128508
3356 -0.0060891262233574725
3357 0.05043312915287449
3358 0.0523756723963788
3359 -0.002258656415406526
3360 0.04737494201392744
3361 0.03153995950885004
3362 -0.018057286540551637
3363 -0.0006181873891999997
3364 0.04567613034093164
3365 -0.09243044017448834
3366 0.07974413536901771
3367 0.19147703506190852
3368 -0.010619086913087085
3369 0.1210049607272538
3370 0.1805457661916188
3371 -0.03881029018519995
3372 -0.07534419044276082
3373 -0.04997349117943817
3374 0.03132435815133731
3375 0.013448207376824015
3376 -0.06151583790996009
3377 0.028501630058091518
3378 -0.06821075740008144
3379 -0.034244685734956766
3380 -0.039989858374129515
3381 0.020158060526049053
3382 -0.04801447531610792
3383 -0.0028418678874637983
3384 0.01050222504555105
3385 0.13043944676960298
3386 -0.07615215780921142
3387 0.10437707655026432
3388 0.18182703451948762
3389 -0.14414917325856283
3390 0.09261043601835253
3391 -0.07105759753513252
3392 0.19882191751151665
3393 -0.12360502754604469
3394 0.04931926353961146
3395 -0.02045136185200628
3396 0.11619158017512829
3397 0.0044961782330877045
3398 -0.043027248325437334
3399 -0.032300163409704985
3400 -0.05514756839846524
3401 0.10523798862167315
3402 0.13622542852955635
3403 -0.04485792643113008
3404 -0.08518409457539144
3405 -0.12208533075014247
3406 0.03831348558202522
3407 0.017447572420833554
3408 -0.020535630464540426
3409 -0.06184687592981799
3410 0.025815158642960113
3411 -0.06292606519794161
3412 0.013246173952309447
3413 -0.008517675052961873
3414 -0.0904298165338018
3415 -0.0896127131975979
3416 0.2894570620460784
3417 -0.21769505556629187
3418 0.0888806884220088
3419 0.0801728666847791
3420 0.09473832521458259
3421 -0.0847679067946906
3422 -0.07996512305965628
3423 0.07526294257246564
3424 -0.01386611711444153
3425 0.30546578513370715
3426 0.11111143943267089
3427 0.3438554001821091
3428 -0.08153233593572297
3429 0.004776397950588798
3430 -0.09383999719067042
3431 -0.09840022333092088
3432 0.10253999938474218
3433 0.21881677913110748
3434 -0.0020694260460084497
3435 -0.14882585617892974
3436 -0.008226521800874565
3437 0.043635633709172235
3438 -0.01099330307822371
