#dihedral index   #correlation
527 -0.678200255095225
2229 -0.6727039525704122
2404 -0.6591244987825592
624 -0.65322080231115
1979 -0.6361045164242524
2772 -0.6245213046081488
1626 -0.6141146035903277
1715 -0.610999389213924
2861 -0.6031767865241084
1690 -0.6024421704676014
1999 -0.5993394437544631
569 -0.5962409516697155
3104 -0.5880475535259355
1628 -0.5709417946693096
2189 -0.5656315994324146
884 -0.564389227127745
331 -0.5530926121506451
337 -0.5441137377477459
2478 -0.5329865412306506
3183 -0.5324435868307454
679 -0.5255654056145703
3120 -0.5227584059960116
1043 -0.516085307276253
1357 -0.515380310546387
2302 -0.5149109560638737
184 -0.513057108662139
3335 -0.5099620238987751
2625 -0.5093237666272621
2819 -0.5064820476216556
2664 -0.5051909060316582
187 -0.5002680800200073
2623 -0.499789614437797
214 -0.4996169061420554
886 -0.49802883251788577
2034 -0.49513404308465847
2773 -0.4877315507099197
1958 -0.484151511641662
2897 -0.48325046565196506
1477 -0.48217858952727893
570 -0.4811138619235574
1627 -0.4810694746271766
2836 -0.47908856617793
1978 -0.4789070797441039
812 -0.4772162011731374
2899 -0.4761031986446861
3122 -0.4729825074114522
2365 -0.4705772041758305
2774 -0.4680814239808233
3137 -0.46714942020396394
3426 -0.4596793704132745
2469 -0.4499891285889986
3185 -0.43794471046904615
1479 -0.4322404133043916
1213 -0.4276262101284245
2750 -0.4227447893684118
1163 -0.4214753077010714
759 -0.41490799667107364
1034 -0.4083361643804452
837 -0.4078862994290058
1499 -0.40675071353683234
218 -0.40321725579710627
1138 -0.40055173180568093
1139 -0.40032295805116896
2620 -0.3965215722477038
353 -0.3962100148399786
1356 -0.39350884040511647
544 -0.3908488149590412
1299 -0.3868949791861995
389 -0.3809123027713569
2474 -0.378696637730463
849 -0.37498796080488617
1160 -0.3744134384893113
2000 -0.3743486959231632
2306 -0.36886396310810055
1673 -0.36736707286573544
259 -0.36670431247584595
3142 -0.3650493027619407
177 -0.3635006562774778
2645 -0.36320555098720325
1408 -0.3589563978189455
3129 -0.35808173797147286
1995 -0.355973237521262
1220 -0.3531442840922813
1329 -0.352778778889297
1779 -0.3518995204784296
2970 -0.3512774306906748
1480 -0.3482369434721825
2180 -0.3473701628768398
2296 -0.34729567208653483
79 -0.347106785641451
495 -0.343609401126075
381 -0.3434019861554032
2455 -0.33827944764930556
388 -0.33460750023310604
847 -0.33219193313152867
496 -0.3313747916889236
1491 -0.3284306519965818
1906 -0.3282108719952257
1042 -0.3278896779159152
2286 -0.32535572017376135
142 -0.3246782721954925
2187 -0.3197559472949149
140 -0.31782756355911884
2644 -0.31722477678384614
1664 -0.3172237492360426
2328 -0.3149824430418993
1825 -0.31331973377132
1461 -0.311660933743353
2508 -0.3115947539699675
546 -0.31123606478572774
2177 -0.3108999386568389
3431 -0.3101299920193245
894 -0.31005558231562813
1741 -0.3099439616693697
1709 -0.30657629631480443
1778 -0.3054351480566694
2468 -0.3053069050771461
352 -0.3052881211438268
2759 -0.30509057477737334
2554 -0.3041308092223446
3182 -0.30227067651862755
2838 -0.29858562758760543
1498 -0.29790430507325544
2796 -0.29770713828818357
2130 -0.2940684297529488
1634 -0.2928886879463722
2681 -0.2925328132227459
1704 -0.29182273500342976
1865 -0.29179793086200434
719 -0.2909617328347515
3121 -0.28974388389583466
1749 -0.28971000640051187
1219 -0.28956416075747293
1607 -0.28878203349467435
1688 -0.2886468651295498
2661 -0.28806011646065005
2424 -0.2856321431421555
1620 -0.2846973624438238
1073 -0.2845595337115963
1596 -0.28414385978297374
1703 -0.28391055638388146
248 -0.28324766380375643
629 -0.283155883778932
1976 -0.28310745908551777
226 -0.28198549766285147
2548 -0.28108405408592935
2762 -0.28081134908756045
1775 -0.28077907494628124
2449 -0.2802388349509179
1768 -0.27954736970878225
2287 -0.27713852907617587
3052 -0.27583388069143
1781 -0.2741019638477173
1460 -0.27141171133600284
23 -0.2704028066976287
3430 -0.26974471301287417
2503 -0.2683055298756955
3235 -0.26790341348272656
263 -0.2674649916787413
3417 -0.2664242260323314
2851 -0.26640966680216543
2863 -0.265948154911309
2295 -0.26543615367496526
1153 -0.26525167002843336
2915 -0.2651397029512953
2092 -0.26478343697763995
1613 -0.26400926730488894
2795 -0.26250947011014475
1974 -0.2620928162683852
595 -0.2620830630479948
640 -0.2598190171223715
603 -0.2591273076526401
1751 -0.25878007874158726
2626 -0.2583559336611963
2234 -0.25811376123726243
3262 -0.25798763259905777
726 -0.25655459810958314
262 -0.2562613127797201
1227 -0.25590568271274167
833 -0.2532436191710025
447 -0.253199433840413
261 -0.25256127978230114
249 -0.2521947075126484
1391 -0.2520968936121883
2300 -0.2519459103092366
315 -0.24717958777934823
3391 -0.24589869011249604
1660 -0.2455902973318737
2599 -0.24554103323116983
2797 -0.24534190546332618
559 -0.24527545810633442
1150 -0.24388219791173105
1621 -0.24382357666900467
1670 -0.2429310184001776
314 -0.2428184125786472
1333 -0.2425075037986698
2367 -0.24221514598054997
2665 -0.24218531261400475
2179 -0.24059519476899321
3427 -0.23976972335215624
2433 -0.23972637890876858
3027 -0.2386054246178424
1436 -0.23859990055115357
513 -0.23841755167788695
1717 -0.23839146815542595
3150 -0.235635114365794
2680 -0.23417062785195494
571 -0.2336326448702992
723 -0.229760656258178
3075 -0.22735535040770438
1054 -0.22726643992115578
3424 -0.22600324074141145
1306 -0.2257342997790162
517 -0.2242864811021372
3346 -0.22406774255901807
970 -0.2236830730987936
154 -0.22358473583545657
2127 -0.223560322118136
1662 -0.22353872151795956
2662 -0.22282954411180475
3370 -0.22166594127355307
200 -0.22131247822367464
3077 -0.2205101210673041
1782 -0.21912586379231086
616 -0.21831446822298814
516 -0.21674341319024468
260 -0.21655532007570213
1053 -0.21622238770738822
2862 -0.21548372677924194
3108 -0.21527944705177587
2324 -0.2151789402760944
244 -0.21419018623733546
2850 -0.2130526517268009
2146 -0.21244130908521933
2627 -0.21243116295669504
1536 -0.21219548676583483
1977 -0.21162277767028564
1038 -0.21135645659760074
1267 -0.21069373935695943
2766 -0.21029594627682063
2607 -0.21027813480919097
2403 -0.2091548468360159
2089 -0.20851860521827545
233 -0.20771309014916994
1041 -0.20748099711847623
2848 -0.2073957587524356
1481 -0.20653906558024115
2456 -0.20645112327509957
816 -0.2056485941509756
1182 -0.20512126050732363
3321 -0.20511869308583455
467 -0.20468360591609144
313 -0.2044527303417595
946 -0.2039508333524838
3418 -0.203869463351022
1745 -0.20344140993912851
2714 -0.2027325650862531
2437 -0.20256045437267758
2308 -0.20206000205727734
1459 -0.20114900130281846
2966 -0.20057699081261302
2218 -0.2005274290167785
1568 -0.2002653201011264
2135 -0.19958131331332293
596 -0.19899384928686362
1791 -0.19820508150415042
1744 -0.19760462324808956
945 -0.1975888597512858
2809 -0.19684514326870847
3387 -0.19653186002081008
1667 -0.19638912426856478
3292 -0.19553815362048751
1787 -0.19487984242595616
762 -0.19397223715200596
2820 -0.19386002192031762
628 -0.19264535531064603
3234 -0.19262730839312237
3186 -0.19246901140007608
126 -0.19213985714109694
725 -0.19142394256721296
1742 -0.19138347690150734
2837 -0.19094463670495745
2843 -0.1906511813198173
982 -0.19024101830245504
2939 -0.18938162678414044
1824 -0.18932113898332087
24 -0.18930959647455217
3184 -0.18894446389656433
20 -0.18839024154138972
2280 -0.18836948722887176
392 -0.18734130918400502
2315 -0.1871855245809415
2290 -0.18714290587374008
2555 -0.18697951107733216
480 -0.18654600606723623
1303 -0.18572582641323504
2175 -0.1856917991807386
2929 -0.18514937390531727
3367 -0.1838889491552437
1767 -0.18357995792925894
1400 -0.1834190864828388
2760 -0.18301557438732294
209 -0.18291109475017056
2808 -0.18254222146305565
1275 -0.1816602354832896
3360 -0.18158646058460484
2032 -0.18128699744917984
1753 -0.18097843677671394
2035 -0.18093387369973216
514 -0.18038833309246638
724 -0.17946032006921608
121 -0.17867731264724362
3144 -0.17843388020020706
3334 -0.17831620702188655
3238 -0.17766002953266755
493 -0.1774575809695989
3425 -0.1767520333117051
178 -0.17672004920693765
3028 -0.17629823281224602
558 -0.1761240312885808
3236 -0.17556374347368614
36 -0.17510934473225412
1241 -0.17468018982179143
2535 -0.17422559320055436
1786 -0.17298054107271854
1540 -0.1728784495819043
904 -0.17265548436515593
2658 -0.17261046353085346
3339 -0.1725703277818795
13 -0.1725496754975093
370 -0.1722888929481379
1208 -0.17141340558977758
1078 -0.1713937163798199
648 -0.17100727625714032
1033 -0.17099723340009285
2890 -0.17021564146645257
515 -0.16990641227792497
1864 -0.16980200987490793
3261 -0.1695679088841338
2036 -0.16850583994973936
1661 -0.16814000035097704
397 -0.16798385364239082
1464 -0.16733509990667672
2219 -0.16674018962565706
3338 -0.16671163594992577
2900 -0.16662127729637585
2611 -0.16626019607055156
1165 -0.1659799645588378
944 -0.16562151859368096
2536 -0.16537692431006917
1342 -0.16511910691691112
3393 -0.165010471287475
2185 -0.16487457309529274
2417 -0.16486121796654735
540 -0.16432075073075983
3331 -0.1638212189777945
806 -0.16376752099747696
2573 -0.16374395324588048
1866 -0.16374050340537402
238 -0.163225166087507
2261 -0.16223271261483307
1734 -0.1622294373044367
2887 -0.16212689043532272
1710 -0.16131374108016672
2673 -0.16118870058184287
65 -0.16118777775587487
518 -0.16110744544414937
213 -0.16097580510916115
483 -0.16072635132814955
2630 -0.1606763726046225
2689 -0.15951547494432575
2917 -0.15948870565519602
3323 -0.15946871123795192
1612 -0.159050968669233
1962 -0.1589390556221535
2289 -0.1584605616394739
736 -0.1584580770651327
722 -0.158238595679717
607 -0.15799032525617368
3033 -0.15797364895936827
466 -0.15780873001349213
2916 -0.15724670616243291
761 -0.15683854057159383
2361 -0.15621421019147977
1207 -0.15615313154099433
3232 -0.1549973628444726
328 -0.15456655669636815
1945 -0.15452622482106862
794 -0.15443749385888353
1645 -0.15433090350842343
2432 -0.15382568437567376
1698 -0.15372456028617074
1872 -0.15349723541656027
2386 -0.15339611785516907
798 -0.15326632289124736
871 -0.1531765342116318
461 -0.15306688369235186
2969 -0.15303671574087407
22 -0.15291040553341662
1543 -0.15234034222651727
112 -0.1522094764187522
1240 -0.15123364821115698
243 -0.1508613003573506
128 -0.1506110187377458
2522 -0.14981390158318184
2755 -0.14977709033375894
3358 -0.14971320019930848
2805 -0.149560217975544
1743 -0.14906643541372136
2891 -0.14878238075844383
2996 -0.1486753310875199
1430 -0.14866191780010352
188 -0.14833707616113379
1674 -0.14824654284401012
1692 -0.14819929941867843
2764 -0.14814796494613722
1407 -0.14801074598773842
231 -0.147949040536095
635 -0.14663102731285793
2810 -0.14615215836006254
1132 -0.14615024615222477
1282 -0.14589916763700375
943 -0.14569739773616783
2730 -0.14550017195669998
3327 -0.145327354256711
152 -0.14528610314839377
2507 -0.14496293959527148
141 -0.1447832316596353
1123 -0.14461670876061802
345 -0.1440767526211947
2913 -0.14383979412755307
757 -0.14356583288233904
3175 -0.14311761689411634
2856 -0.1428490796632592
2356 -0.14247936418233656
965 -0.14243468390596736
2807 -0.14241849595425077
2120 -0.14229152013696247
2684 -0.14204168365410438
422 -0.14202902989240063
2091 -0.14192987236773666
488 -0.14176015652768645
2288 -0.14144796835812784
2188 -0.14105248915339386
2968 -0.14097709967549632
1401 -0.14063770028408934
3374 -0.1404409970346989
2096 -0.1403371008212322
786 -0.1401506471970278
256 -0.13972328317242147
1323 -0.13967257889138393
720 -0.1396541776752441
2551 -0.13954427559534904
111 -0.13952603433174973
3018 -0.13927204514184427
914 -0.13898875099071173
2448 -0.13894534110286166
174 -0.13867661152072883
3085 -0.13827428438637918
2909 -0.13812715870179632
1731 -0.13775749634465695
799 -0.13758847468066507
2914 -0.13746465812410094
1904 -0.13681059481369132
3026 -0.13634230075533904
3050 -0.13590502509682642
563 -0.13589044118705887
2279 -0.13584124711278334
1762 -0.13560455957535283
2413 -0.13557647276920046
47 -0.13531243883591423
1063 -0.13527253059005542
2221 -0.13523746098142686
2806 -0.13492232286185385
2866 -0.13442658304709598
2090 -0.1343759319298128
1363 -0.1341556961149545
2467 -0.13379506518634035
2552 -0.1335959681405319
2677 -0.133561022367049
2037 -0.13312961119577837
2686 -0.1328720788192957
521 -0.13235046471084333
2055 -0.1322633840209437
3240 -0.13218935419855588
1192 -0.1321494790091884
2488 -0.13211160043801962
3384 -0.13209778436724956
2971 -0.13167535881343226
1716 -0.13121268612871373
2800 -0.13119673462086448
2550 -0.13068903933570003
584 -0.13063342328081012
1298 -0.13012837943514374
1061 -0.1300362568933821
1857 -0.13002031299003494
2912 -0.12989698354990675
498 -0.12960926102224518
3403 -0.12926137914544472
2281 -0.12918409702117814
3173 -0.12912668927496102
677 -0.12873938153613548
1828 -0.12842649778376405
1140 -0.12838923547676356
2333 -0.12809853756138948
3025 -0.1280205716467396
3118 -0.12791971790961773
872 -0.1276087169753935
2476 -0.1274116421866217
1868 -0.12740038554218233
949 -0.12738745346507924
3437 -0.12732996476802302
1431 -0.1273074991099456
2600 -0.12709074392818204
941 -0.126570870846444
481 -0.1262300929020697
2844 -0.12608040890930533
482 -0.12604166210499443
1515 -0.12604152442304684
1027 -0.1259092682571967
1726 -0.12571625425469338
245 -0.12562707473907825
2006 -0.1255429054199842
1297 -0.1254856980509737
1640 -0.12527124758745303
1039 -0.12507059094901685
2011 -0.12500236878123872
2353 -0.12478209553645983
198 -0.12426765234056518
1465 -0.12385874950222982
1358 -0.1237835284927395
2527 -0.12378328280071768
451 -0.123754127934183
1542 -0.12370503794603765
3281 -0.12365159623302566
163 -0.12328138298978401
1230 -0.12319408412067885
1823 -0.12276264872304407
3347 -0.12268456214051643
196 -0.1226346235754343
3368 -0.12186480192808996
3098 -0.12170076025962094
2945 -0.12146763167259444
2641 -0.12093849012866387
3395 -0.11993006355411227
3333 -0.11981357678342805
241 -0.11925992397135034
499 -0.1192561181360869
1133 -0.11881428176380725
1955 -0.11881122987688933
692 -0.1185801048683283
1944 -0.11857325376193037
2780 -0.11830808169825281
1847 -0.11828918517856432
853 -0.11807971556923562
2183 -0.11803518774087561
3237 -0.11794290107656247
491 -0.1177463983312156
94 -0.11766174700688885
1092 -0.11723107076166905
2355 -0.11719316808610639
3084 -0.11717654536824622
2493 -0.1171433635669399
2215 -0.11689743899495658
1281 -0.11674468439610672
1902 -0.11664215482298462
1559 -0.11659188094319906
2606 -0.11649777621626249
689 -0.11611170087526222
632 -0.11528523236232716
793 -0.11527214911119188
3000 -0.11522579400274358
228 -0.11519575407064504
2123 -0.11509750528214854
554 -0.1150552890722632
1871 -0.11500386194596851
2400 -0.11477016906025371
545 -0.11468462705782076
1641 -0.11467662182584824
1364 -0.11442363723116546
2480 -0.11434182992646737
1891 -0.11431893036727801
760 -0.11421861704427486
3394 -0.11403869897684592
2329 -0.11371184954598151
2779 -0.11342011958343022
1475 -0.1133275306617029
2666 -0.11292883682707675
2679 -0.11290667265153342
1309 -0.11281311325911601
2732 -0.11241383776851119
1432 -0.11236891336181319
1372 -0.1122584196685219
641 -0.1118695166754877
2134 -0.11116099037000254
3429 -0.1110769881778195
201 -0.11100017647909104
350 -0.1108135269687121
2425 -0.11048073895292108
3079 -0.11046694500452645
851 -0.11041183967037911
3019 -0.11014755108358061
2357 -0.11011876540014659
3410 -0.10988340157420663
284 -0.10976704924063055
1858 -0.10969604723122878
242 -0.10935745525960723
1162 -0.10901864604383887
652 -0.1086590826404119
2322 -0.10833951566628125
3206 -0.10815824444854476
2821 -0.10806989508668369
2502 -0.10775208937155316
220 -0.10760379864075034
217 -0.10712864610485229
1691 -0.10667124129801044
964 -0.10651940553913697
2348 -0.10631678810960768
3057 -0.10618873924040315
1777 -0.10612904258747656
129 -0.10605268701258945
1179 -0.10565664090492961
2299 -0.10564230478697387
387 -0.10532684720972349
2504 -0.10530012682068912
2855 -0.10463014432951964
2232 -0.10445237247914696
3054 -0.10426837737801503
3006 -0.10392858180558286
413 -0.10373781762433269
2103 -0.10361417982198771
2173 -0.10350584788447709
500 -0.10330981620347142
3432 -0.10319952612298064
1907 -0.10305023860625775
125 -0.10298625437201041
2783 -0.10272187475029633
2211 -0.1024897574925605
1399 -0.10242409818308423
2874 -0.1021429742832288
1278 -0.10207444668388758
1285 -0.10174274494268891
1378 -0.10136827666813618
189 -0.1004691521506326
2475 -0.10039527546631581
2556 -0.10017532621963404
2332 -0.10012138394398072
2264 -0.10003666853941919
2387 -0.09992557387621717
288 -0.0998510959510201
1619 -0.09974197813257098
391 -0.0995679949142365
539 -0.09903842997743234
801 -0.09894861337216501
2479 -0.09869370370059881
67 -0.0986924158067297
2526 -0.09868745273925407
117 -0.09850143979958335
2051 -0.09796926599481308
900 -0.09783100182276251
3188 -0.09726129152821084
740 -0.09713857785070255
735 -0.0970991472215635
2541 -0.09678296807472063
3202 -0.09671058118816805
175 -0.0966138721924867
2088 -0.09659391563775581
855 -0.09651965823323937
1178 -0.09601988270881467
2473 -0.09594875662940097
349 -0.09587106471156809
2543 -0.0958176530595038
524 -0.09571814426302883
2528 -0.09550490379163126
2930 -0.0954244304608708
1258 -0.09531580817763008
608 -0.09504215717622
1379 -0.09494860363988407
2128 -0.09489540751146826
60 -0.09471087794745323
57 -0.09468833567244503
2619 -0.09434130509852014
1035 -0.09425518648413683
1624 -0.09420495447391247
1993 -0.0940108857407342
1097 -0.09382002155864667
2044 -0.09349611772708093
1702 -0.09349339133618392
653 -0.09337027037995091
1713 -0.09334316122302966
2247 -0.0932533072279897
28 -0.09299744041508659
40 -0.09288103782729527
1659 -0.09283840744423218
1271 -0.09273856408136275
2576 -0.09272138788935338
2241 -0.09271847821784508
768 -0.09261509361011604
1526 -0.09246284105794032
1774 -0.09231561294162344
1863 -0.0919746915261492
453 -0.09189199114643246
1000 -0.09180916344950145
2651 -0.091741319885876
3179 -0.09147094884032576
2700 -0.09139058375889696
1101 -0.09124137296651401
1040 -0.09110795616100363
2511 -0.09105110955814652
343 -0.0909722775391947
2133 -0.09092404734581698
18 -0.09081060807369623
2472 -0.0907443234533689
1494 -0.09036597111860933
95 -0.09023226446756823
598 -0.09022808273460198
3211 -0.09018442822279736
234 -0.09011058040380279
2152 -0.09009610663122218
1427 -0.09008340833331274
555 -0.09005721596633103
281 -0.08983489928683237
865 -0.08976925077103667
1014 -0.0897597152441609
1663 -0.0896884497611707
3402 -0.08954630250296344
99 -0.08952688621687051
711 -0.08950369763264916
1135 -0.08930160171309481
3218 -0.08920069128570432
76 -0.08902502059486009
742 -0.08900202439346093
824 -0.0888524290375745
2336 -0.08828355367116716
1029 -0.08801025076511461
475 -0.08764566115014201
2416 -0.08726878853181934
490 -0.0872130001357554
1925 -0.08695734782707797
599 -0.0867549976594595
2895 -0.08674978914128621
2982 -0.08673258689634054
2251 -0.08660177766390925
251 -0.08639506228601078
733 -0.08603765500232652
1910 -0.08568586727814069
1411 -0.08531795189588473
1102 -0.08504498723875231
797 -0.08456490900214789
2986 -0.08455089693377728
1729 -0.08450002178394424
1705 -0.0841270569755974
2061 -0.08407051275357806
777 -0.0839664073529257
1889 -0.08396299795084466
1684 -0.08383547476981973
3148 -0.08382926805717499
1225 -0.08375261750690137
3153 -0.08370818649420048
2137 -0.08363913297935774
2813 -0.08359823974345106
1406 -0.0834769970372782
818 -0.08347057652874289
2116 -0.08344650661503397
1594 -0.08322485628275593
2233 -0.08319939653383782
1908 -0.08299357756265567
1347 -0.08292033896389234
1106 -0.08276431439910396
1335 -0.08273430898063237
318 -0.08255956242630094
858 -0.08238526244318489
2182 -0.0823022883663116
1848 -0.08198796506564336
667 -0.08186502459901877
2343 -0.08178341709722711
479 -0.08162510073605833
2311 -0.08161690550830503
487 -0.0816066315268116
2292 -0.08148917192285338
48 -0.08138572136606835
425 -0.08130299464174917
3138 -0.08101907525055951
2946 -0.08095437410253213
1574 -0.08083246170227014
2385 -0.08076255185153808
915 -0.08063409436160163
1301 -0.08054391901541717
253 -0.0805248818719893
3005 -0.0803156945440394
1651 -0.08028405483110025
1457 -0.08002341426663337
172 -0.079814108750219
1086 -0.07946731571136469
1798 -0.07931896806116216
817 -0.07931245410772912
1916 -0.07914152907614326
1015 -0.07906734470089365
1395 -0.07886402966439389
1484 -0.07858595579199742
2339 -0.07849654509558493
1507 -0.07821555518261666
856 -0.07815040274139724
789 -0.07799336755147342
2110 -0.07779210631525331
2145 -0.07778548929756553
2340 -0.07760852769932053
1279 -0.07756476505257617
2983 -0.07724972113527151
164 -0.0769957260080706
2943 -0.07698850798083315
835 -0.0769796895282166
2111 -0.07676965790551407
580 -0.07666994880299138
1166 -0.07663156070225821
852 -0.07659486888850214
1708 -0.07654813649251954
3419 -0.07654123661427228
2405 -0.07654046100139571
2790 -0.07646525276281364
1052 -0.07633143288457542
619 -0.07617533104253582
2958 -0.07611538045865705
1374 -0.0761145071363047
1556 -0.07604038171601978
597 -0.07593686454336485
1601 -0.07591099186659388
2991 -0.07580194580545523
2889 -0.07568979294418134
3231 -0.07565972302609525
1527 -0.07555878019364791
1270 -0.07528380088771743
1045 -0.07509393605679969
2248 -0.075075167941993
627 -0.07481531899401049
1514 -0.07427523352204694
2464 -0.07426319592367074
1512 -0.07403864492290513
3157 -0.07371645427777349
2888 -0.07351336309257975
1794 -0.07345006047921367
1322 -0.07343454530549147
443 -0.07340429326884215
2781 -0.07321685017307339
977 -0.07305727240235972
1884 -0.07304287642310828
3369 -0.07288514150151532
605 -0.07258644391686692
1900 -0.07244034395129256
1606 -0.07241414811576981
1928 -0.07227522671112363
2257 -0.07191359933974477
899 -0.0718891537307394
2933 -0.07174940107901227
132 -0.07170315375698726
3030 -0.07159955287842157
1421 -0.0715542427984948
1506 -0.07152978130081149
287 -0.07131413211705782
2107 -0.07120503298401097
403 -0.07091516074749094
3073 -0.07069786351063193
109 -0.0706638868480371
561 -0.07054873647055572
2875 -0.07048920515000345
549 -0.07030356345312183
618 -0.07030074638324546
2374 -0.07027542290378931
393 -0.07018366769443238
1650 -0.07011723361800123
2922 -0.07008343539927574
2084 -0.0699533932925544
1070 -0.06983158822416552
2423 -0.06982701140844184
269 -0.06943032914494826
1012 -0.06934145727479428
2883 -0.06912711445297742
2420 -0.06908092854548074
2209 -0.06882419419611158
1081 -0.06869013231625987
2362 -0.0684385052860701
1616 -0.0684214283083369
346 -0.06837080904306107
1386 -0.0683382740083104
981 -0.06822227313544361
3197 -0.06815219794251832
2002 -0.06805370486919313
1341 -0.06786547500673165
3380 -0.06781762521620852
2713 -0.06769899618869794
2224 -0.06763419408288615
2186 -0.06748836752737654
2001 -0.06743124315636417
1202 -0.06741342937411113
1923 -0.06735887610742364
734 -0.06712115879899021
3276 -0.06708164867922599
1911 -0.06692406739760388
583 -0.06685277401969544
408 -0.06681377199789883
1563 -0.06675104924537069
874 -0.06646477146292663
590 -0.06633330402006442
2517 -0.06632271488975153
1644 -0.06628598555566705
1819 -0.06620201069155146
2553 -0.06613338945336505
3076 -0.06609724232642679
796 -0.06601390208266349
285 -0.06593475479204118
1490 -0.065919294380822
2605 -0.06586239409688505
2716 -0.06561586115795566
861 -0.06553030773098999
41 -0.06552617188346871
1186 -0.06541371980305488
153 -0.06524099331254422
1528 -0.06513976736671076
1699 -0.06511832065872876
378 -0.06511831252632631
1493 -0.06497922987766262
2870 -0.06488972652481705
996 -0.06438672983605911
335 -0.06426667011701653
2853 -0.06424617268402835
1404 -0.0639862708516479
3363 -0.06387021236106218
1697 -0.06376386429506226
2122 -0.06365714876580218
1622 -0.06356777249192486
2250 -0.06353908677358701
2249 -0.06341520934109061
2521 -0.06317682719180331
3047 -0.0625655524745935
1838 -0.062478402441658615
878 -0.062475524975015774
2418 -0.062435607866519346
3097 -0.062408561089949896
909 -0.0623371954464337
2099 -0.06230511972107566
562 -0.062222953374127095
3046 -0.06198308540180554
2363 -0.061979738533300355
2029 -0.06197554492655227
3243 -0.061950463698626966
1288 -0.06193836727544393
1639 -0.06181236990811105
2911 -0.06155520488109494
1467 -0.06149019069826876
1151 -0.06145201077200546
1503 -0.06136844669826561
3359 -0.06122404246175171
1869 -0.06117351095251187
686 -0.060893956120835396
356 -0.06075638958035824
441 -0.0602906710066347
2578 -0.060234850479190916
3119 -0.060095495680273885
820 -0.06002937397855185
1683 -0.05998700668324875
404 -0.05965884999692085
2260 -0.05944794226686042
2962 -0.05936416966463801
2854 -0.05932979710283123
1093 -0.05917911128120775
2101 -0.059077620583028644
1929 -0.05888586617183916
577 -0.05888501815552041
1856 -0.05887955848237563
2223 -0.05885437476545512
2799 -0.05874042977576814
102 -0.05861649112646066
2421 -0.05831974807199774
682 -0.05816641576666099
579 -0.05808146353343734
255 -0.057995798243885406
2213 -0.0579743112778848
2516 -0.05794406894941917
1764 -0.057895146016969906
2748 -0.05719311765647827
2168 -0.05717780787382686
2210 -0.05694634096832659
386 -0.056930589875014925
2268 -0.05681508479509759
2670 -0.05669543868029808
2100 -0.056506176042821876
3187 -0.056495588749393796
2994 -0.0563839136373728
3386 -0.0563351760916728
674 -0.05608024898551847
1784 -0.05601673117467173
1571 -0.05595038436707908
1117 -0.05593019684438247
2312 -0.05561261291207573
1963 -0.05530146904045038
1177 -0.055179289327579845
2569 -0.05501478578151851
1239 -0.05422775129444658
1435 -0.053988868884140374
658 -0.053978661208615955
1247 -0.053860706737531405
3035 -0.05371730553526462
633 -0.05365616881679404
1821 -0.05363842200716862
428 -0.05339403215135424
1380 -0.05320880141813042
74 -0.053098797656075156
2139 -0.0529375376152043
3280 -0.052889312827804756
1013 -0.05261088973268162
907 -0.052605579160936486
434 -0.052583205747023125
3416 -0.052359668411838416
2256 -0.052349546720699795
176 -0.052157553852344864
1719 -0.0521232917634873
2648 -0.052118928204234125
2005 -0.05207760938201384
2108 -0.051884254677402805
194 -0.05188356908993325
728 -0.0518491496248286
552 -0.05175460717979649
1091 -0.05168105283895335
2537 -0.051661567511441644
3190 -0.051635664933294134
3332 -0.05162465109430518
779 -0.05144583830010456
1447 -0.051140806001966535
2767 -0.05100637896640172
1312 -0.05093092113079781
3017 -0.05087474974033783
2262 -0.050633291749774
2770 -0.05054548244813356
1633 -0.05051641065191839
1085 -0.050515560103585246
1669 -0.05036910333511618
673 -0.05013918153594945
348 -0.049749444216034694
1119 -0.04971360386303369
1274 -0.0496027282380878
3162 -0.049463156236939886
2193 -0.04942872875441033
433 -0.04942537970157376
2785 -0.0489831304560363
857 -0.04894007001588142
1319 -0.04892381856664572
1022 -0.04887715526132015
2369 -0.04876974959056936
1156 -0.04872567257791523
3434 -0.04868894483225882
3399 -0.0486421905924934
474 -0.04851965354660686
551 -0.048472860996735895
3221 -0.04834056795947736
1069 -0.048284448330156535
643 -0.04823921933367062
2192 -0.04804044470825395
731 -0.0479897681941672
133 -0.04796354642734451
3070 -0.04796048468632693
1711 -0.04795149581700292
3061 -0.047829600736747545
2009 -0.04781561317434497
3060 -0.0477353013185052
195 -0.047692446535213755
3053 -0.047649386410996704
2065 -0.04764728586640643
2063 -0.04759756332099716
124 -0.04748931427290621
1956 -0.04732956466106605
190 -0.0472772020989225
2190 -0.04719438254189879
3059 -0.04687595392689948
3242 -0.04686880941151175
21 -0.04684072553659806
700 -0.04622728390559405
881 -0.04614452922783355
3356 -0.04606834502735488
2988 -0.04604687604743408
1453 -0.04603004946957085
2156 -0.045853345618377526
2325 -0.04583986740256571
974 -0.045703586152791
2087 -0.0456967244032523
2039 -0.04565563051410025
1805 -0.045619424858477295
1122 -0.04556808773269311
2466 -0.045512311159189876
1733 -0.045471455867993726
581 -0.045308478069495846
3095 -0.04514508502483328
3058 -0.04503866595989718
3086 -0.04497300680054589
1912 -0.044611407489515524
1965 -0.044557489420445746
2745 -0.04447906513341452
1552 -0.04441173710411326
73 -0.044356884120614004
2105 -0.04435224231254039
1010 -0.04424978662762998
8 -0.044225161181461546
2267 -0.04422491831789609
2901 -0.04420196586453277
3244 -0.04392419888428208
908 -0.043902424987279164
718 -0.043891673732274136
661 -0.04380825223810042
1930 -0.043694284363575316
306 -0.04354027027967456
867 -0.04338607252577077
225 -0.0432804922628146
3083 -0.043129556985230064
2226 -0.043099309317963894
3376 -0.04309516230606367
2733 -0.04299008755221625
1451 -0.04275918430492456
3102 -0.04249857834829507
2147 -0.04235637739842511
3141 -0.04235308270666991
1310 -0.042303157519773295
1390 -0.042261204262533686
51 -0.04217482576191238
3247 -0.04214157473501296
2846 -0.04213537984193498
3299 -0.041944119483980566
961 -0.04188344003096668
503 -0.04184366266404882
2305 -0.041553934588411195
307 -0.041536883451354235
2454 -0.04152135502608977
1193 -0.041347926354469766
2596 -0.041178414249087476
1646 -0.04110300025951137
3180 -0.04103336903528957
1483 -0.04095930782794547
672 -0.04089842144949798
3274 -0.040827651633417165
2208 -0.04082150757101879
2341 -0.0406803819814812
1006 -0.040625993888817276
455 -0.04044805222976363
2097 -0.040433941700015914
3248 -0.04040645920921982
2327 -0.040366225432500284
2058 -0.040363083780698084
2542 -0.040316473796463144
1398 -0.04030572596395453
913 -0.040245821251052416
1371 -0.040194949200170714
2046 -0.040024519613729714
459 -0.03992383320879288
771 -0.03978784660493079
1263 -0.039718690378778475
237 -0.039562498743006456
3303 -0.03949188707778389
2580 -0.0393432639377492
2422 -0.03922032266756934
1420 -0.03911580055121797
2484 -0.03896001765421387
916 -0.03884954211463664
1836 -0.038829852964641254
1737 -0.03881507169321776
1083 -0.0387336080390514
1235 -0.03868470452869355
585 -0.03868307087999434
920 -0.038557011818660704
510 -0.038407215029550336
863 -0.03836997093739545
202 -0.03836683959569134
2266 -0.038200865232288606
1051 -0.03804911180396486
97 -0.038034658008378255
1914 -0.0380013114113436
1050 -0.03794393726861017
3308 -0.03787896286837809
1516 -0.03782294557739352
3383 -0.03781475557670942
1618 -0.03770271396699209
1049 -0.03769115009506091
870 -0.03762010284375731
670 -0.03754813224197347
3245 -0.03749823940468294
537 -0.0374830228117591
2965 -0.037417151065139216
2786 -0.03739401159815231
1108 -0.03728322630181163
955 -0.03713322705355924
2525 -0.0370178863029601
2956 -0.03694352611126557
1016 -0.036882423407522805
2865 -0.03687097037388819
1565 -0.03676244529760623
1931 -0.036634706998776335
3110 -0.03661795226298112
631 -0.036601767657069545
536 -0.036590938780728666
2731 -0.03656403445389539
1971 -0.03655238068342262
2252 -0.03649678431998028
1724 -0.036443122551465916
432 -0.03643293487177736
2765 -0.036040030980920096
3351 -0.0357872022416896
1180 -0.03577600244687022
1577 -0.035735740613333275
3412 -0.035719391630462005
1700 -0.035619099557206
2567 -0.03545317985458824
854 -0.035373702517358094
1370 -0.035345755539198775
2254 -0.03531881154170737
319 -0.03524491561301579
1090 -0.03515434488841665
2500 -0.03509389465637765
2698 -0.03505379556701044
1331 -0.0350402637629147
52 -0.03492693724328383
770 -0.03486180038569401
1064 -0.03481311886881171
2652 -0.03478780569870668
2570 -0.034682409886059536
1176 -0.03463472075187121
486 -0.034547055667173525
578 -0.034307910157345786
2974 -0.03406915471980582
2872 -0.0340069890975421
162 -0.033998742959799086
3314 -0.03391048072007611
406 -0.033759923964913854
2577 -0.033731552300212554
2 -0.03370819396686113
1844 -0.03355483041410982
69 -0.0334338989781529
1888 -0.033427273202634826
795 -0.03317045103920803
1251 -0.03310069918672993
1631 -0.03309901933003215
3400 -0.03303724667277592
1943 -0.03297675717966001
2678 -0.03296974062358954
746 -0.03287686369891255
1149 -0.032866905948764576
804 -0.03284354018368468
2568 -0.03272964420006921
458 -0.03267951657886806
3300 -0.032637747437419276
773 -0.03261346739943468
1321 -0.032388850283796525
1067 -0.032132635881475545
3112 -0.03196383571372005
2270 -0.03194976147743171
2519 -0.03186817652404074
814 -0.031859270929438036
918 -0.03179477847376259
2282 -0.03170775666484723
822 -0.031683822154762585
3354 -0.03166746120938704
2845 -0.03166686443227154
892 -0.03163828811871843
3319 -0.03155445898667873
199 -0.03147697775621251
1458 -0.03138657399042351
3172 -0.03135142848248814
3385 -0.03134553072066322
87 -0.031306944974041684
3266 -0.031282575109149384
250 -0.03126143809986438
1652 -0.03123659336255073
1615 -0.03122777754231484
1134 -0.031205475205338753
2656 -0.03105954505586024
717 -0.030895673061213047
2316 -0.03085485954369923
37 -0.030760130101241838
1489 -0.030646965387859448
477 -0.03062677389702717
3390 -0.030491639266102846
2450 -0.030453129512286455
2375 -0.030395883968043762
3078 -0.030310668658210627
1495 -0.030270555341121656
1187 -0.03027027477944783
66 -0.0302605609150229
3275 -0.03021323173541853
3357 -0.030124916631579665
869 -0.030079138378996683
2285 -0.03007698582040233
2344 -0.030028765195757232
347 -0.030022240598752005
452 -0.02997347906228216
146 -0.02995177683941564
1200 -0.029828594805204275
1340 -0.029815565645628053
3007 -0.02976139198161947
2045 -0.029605113638698003
3320 -0.02939150731151304
3269 -0.029222951830988365
862 -0.02916600658156728
1496 -0.029138938298761834
922 -0.029116149054093893
727 -0.02910581687928743
1813 -0.02909498167245865
416 -0.02909063432075033
1513 -0.02906157820436221
49 -0.02902179796499252
1901 -0.02895271834905127
1953 -0.02882595865123603
2513 -0.0287376196260775
2165 -0.028633501244781808
1983 -0.028535778313612203
2704 -0.028469120436508982
2561 -0.028381776655421416
1276 -0.028339274237071475
1575 -0.028214816635730465
2910 -0.028142281000328912
3023 -0.028069404049944797
3349 -0.028019250121627606
1387 -0.02799297336443265
2763 -0.027931139203597743
512 -0.02789227173142487
1456 -0.02776984242669397
1520 -0.02772780879459035
3311 -0.02760869350466016
105 -0.02756404795269701
1336 -0.0274906040244943
994 -0.027412739296834625
1739 -0.02715763873474421
1654 -0.027053910363815274
300 -0.02682147703850914
1522 -0.02681584326783291
3071 -0.026706991879594383
2995 -0.026402369845942342
1617 -0.026364469466569108
2104 -0.02632826740061535
2253 -0.026210889779736058
2431 -0.02615013014544681
1264 -0.02612347586949082
1555 -0.026044356819526795
3155 -0.026021579763043118
419 -0.025962605066368525
2592 -0.025960740879992616
912 -0.025959628684224925
940 -0.025832670933279556
1295 -0.025828028200526577
489 -0.025749123850473656
1648 -0.02568704447969853
289 -0.025668806219010774
991 -0.025628878375984376
962 -0.02558770099152822
3381 -0.025512451296697172
993 -0.02543745845869024
1874 -0.025430648879891268
1966 -0.025424763424621702
1198 -0.0252694265947137
971 -0.025055027499079955
2158 -0.024859753496768635
3106 -0.024831893495192162
2320 -0.024715126886841448
3283 -0.02467627084328473
1441 -0.024622083129526514
2207 -0.02455913063240294
2593 -0.024536918794306525
2016 -0.024499933114192254
958 -0.02449729545869995
1763 -0.024406042375080574
931 -0.024290612587654983
2064 -0.024250698741210865
2490 -0.02423558895125226
821 -0.024196549181672997
1818 -0.024166325000845337
1206 -0.024137670652089785
1954 -0.024072970359667056
2194 -0.0238739879885506
3038 -0.023873437510504202
1533 -0.023823688644225235
3407 -0.023716921147043216
1482 -0.0237159518316702
2230 -0.023659465609391545
104 -0.023619335350938395
1964 -0.023593683098778073
1518 -0.023525477162329656
3415 -0.023490723090146298
2094 -0.023448731846836386
1330 -0.02342141677856931
1352 -0.02336535456969838
1452 -0.023243500996467305
2959 -0.023201777614377053
229 -0.02313172971336033
967 -0.02307559375952824
954 -0.023009574407159228
1694 -0.023007651235260915
3230 -0.02295558699761551
357 -0.02293094141148133
1048 -0.02272148221775879
2955 -0.022720204424573596
2859 -0.022671533942576327
90 -0.0226540634135472
2238 -0.022637964386178946
622 -0.022635011145012023
2496 -0.022482406772953493
3008 -0.022425857356953526
3408 -0.022386373509745715
864 -0.022264468065974676
511 -0.022184209854257574
3163 -0.02216209375685583
1686 -0.022140726792407812
2331 -0.02212729233610327
1191 -0.022092795726016835
291 -0.021970543994114158
2059 -0.021959086155789873
1550 -0.021893096307117894
1938 -0.021861713731754766
2768 -0.021861218078126233
2070 -0.02181872510259113
2726 -0.02180956637119926
2560 -0.021801752367753294
116 -0.021697487967795692
2149 -0.02168070182125071
135 -0.021607549807924384
2012 -0.021568480895051808
2049 -0.021472976674023682
2303 -0.02135886160584272
394 -0.021350579780945605
131 -0.02134659033072135
1841 -0.021307580479990904
1011 -0.02127826749776806
1934 -0.02120370344852709
2372 -0.02090326188254424
2118 -0.020898728265416507
934 -0.020523567600749443
790 -0.020416698907644453
3296 -0.020410113431601276
2591 -0.020060269099202267
2053 -0.020034032507987017
268 -0.019797009271772685
1255 -0.01967919287312679
2604 -0.019594317136518817
3203 -0.01952453845758817
1756 -0.019517545631542163
3143 -0.019504672090495286
2080 -0.019281562907717355
774 -0.0189402453553905
508 -0.018833437046446987
765 -0.018798513992292754
1155 -0.018736920728207818
1127 -0.01870981204398201
2028 -0.018685813160784652
2520 -0.01858071355576454
666 -0.018511853874907266
3171 -0.01847306654181657
2337 -0.018213672251466972
136 -0.01812154995529006
197 -0.017981840710945995
2452 -0.017924284928296487
2082 -0.017919211258381675
2347 -0.017751355804341187
1595 -0.01765548815453141
1608 -0.017648703880038835
409 -0.017623271784617006
668 -0.017609422582611563
2203 -0.017521337809261066
1141 -0.017439043248595208
258 -0.01723948851373203
2465 -0.01695031818966538
3279 -0.01690520782071036
1870 -0.016863006955646978
2297 -0.016822221379615695
1233 -0.016768907491367085
83 -0.016714731097419958
1314 -0.01665266924462702
1095 -0.016650371044068343
2429 -0.01663725403020274
34 -0.016298591792142148
2789 -0.016199406222143716
2048 -0.016195533281325787
697 -0.016132158148525248
1062 -0.016128220666706796
3317 -0.016021596998021012
113 -0.01590045961529747
298 -0.015813596369111938
800 -0.015669767383699088
1210 -0.015346026096797976
3295 -0.015339002026371073
3151 -0.015280712784278302
1893 -0.015272862704760509
2345 -0.015251428228143184
2007 -0.01521677064727408
3068 -0.01518582856098272
987 -0.015102719279240076
625 -0.015070293949716793
98 -0.014783313568716127
3225 -0.014746399474984432
130 -0.014534425129789835
1623 -0.014507638505330428
1237 -0.014372645797513597
1968 -0.014355966526199151
985 -0.014246414362942444
2030 -0.014197965133362186
1796 -0.01410406305737
2952 -0.014034781520066868
663 -0.013972982267470917
2054 -0.013803147474699493
3089 -0.013785294545783065
12 -0.013699368878831431
2705 -0.01369296900774133
138 -0.013686113804283227
860 -0.013656559871302945
810 -0.013601072939527671
290 -0.013598449999763285
2869 -0.013580203195503952
2017 -0.01332284721548557
3270 -0.013315087055576208
2964 -0.013181519812334327
1695 -0.013139430731652932
372 -0.013114683817055724
2676 -0.013041236396250183
882 -0.012914674064426401
1446 -0.012847501980931614
2323 -0.012846643059929497
819 -0.0127930630277666
2486 -0.012775192911900933
206 -0.012638404134525362
2742 -0.012622851208256779
780 -0.012620062446305562
637 -0.012445317212408448
2942 -0.012325796614563355
1471 -0.012279296691233418
1424 -0.012274231120685593
2162 -0.012229458002076019
414 -0.012229162169086304
504 -0.012224716234296154
664 -0.01216634619559418
3192 -0.012118401229885972
2919 -0.011851136600998076
769 -0.011838395954357964
610 -0.011780715259054973
2106 -0.011747776019889272
2597 -0.011659322995201424
1682 -0.011636474577224602
1158 -0.011566520721686674
591 -0.011552791409255123
1181 -0.01142439020860328
1638 -0.011418144872044194
1087 -0.011365026920533575
550 -0.011162514816189198
2026 -0.011060802321679837
3342 -0.010959967356839387
444 -0.010958802367344832
1098 -0.010754418329960469
286 -0.010689882025594684
1843 -0.010670620980459716
374 -0.010658420045237704
1250 -0.010654256357031093
3199 -0.010536678712403042
936 -0.010449830930233243
1984 -0.010427463077725999
2075 -0.010316696134357976
507 -0.010295176632013962
921 -0.010142539553634793
1842 -0.010134459143717647
2603 -0.010112966586568446
2373 -0.0100978361192238
763 -0.010090524137665301
1454 -0.010042738981967246
2024 -0.009624870533965517
1147 -0.009332742539890426
3382 -0.009194809300147976
1107 -0.009129029140037447
1814 -0.009128608010306462
3264 -0.009051754793118906
950 -0.00897233529845913
3069 -0.00895376395674189
2563 -0.00885845803124851
3042 -0.008765826362679117
3164 -0.008737253273060025
1286 -0.008603541558934145
2216 -0.008472472600931933
2161 -0.008354905842464445
2148 -0.008301267047374054
2566 -0.008250016942034314
660 -0.008240033788595533
2069 -0.008232891521252079
1001 -0.00822703944403943
471 -0.008184541242784003
1736 -0.00813803227870926
3371 -0.008049496205144006
1057 -0.008045813478943488
1094 -0.008024256326539178
1205 -0.007989586029013356
2590 -0.007948974263977867
2972 -0.007923302308265288
3271 -0.007910484256269347
1376 -0.007790222156913848
1554 -0.007787820875618729
1472 -0.007671427534904022
1799 -0.007671198055544328
2864 -0.007519722469621183
3298 -0.0074566187039649835
2963 -0.0074093024488118145
1845 -0.007150955986367615
166 -0.007147728776383594
2245 -0.007093086519706903
2163 -0.007061649952682169
1415 -0.007018397649956815
1922 -0.006998637149305394
1419 -0.006992555006289675
3158 -0.006970395798405037
305 -0.006909967669835749
2538 -0.006849025424503575
1614 -0.006847227885833478
2410 -0.0068287663078876746
582 -0.00682305051914582
2102 -0.006779843398393448
168 -0.006746739163031914
2033 -0.006636564255257161
1381 -0.006529595181148108
859 -0.0064909302325421685
71 -0.0064398831027704445
1657 -0.006330028022973828
3302 -0.006265545108185644
304 -0.006150449313996527
1248 -0.006110276310767516
1894 -0.006018264670000481
2481 -0.005985156610618789
1815 -0.005916506338131191
738 -0.005835338348003972
1862 -0.005802173079477796
470 -0.0057896155800799655
3293 -0.005632286021579636
1338 -0.005615734545668606
968 -0.005595801913337698
2068 -0.005580971548368213
651 -0.0055796487416880395
3219 -0.005563626895212445
1089 -0.005555570654607825
2902 -0.005255356824419811
2212 -0.005135232044927757
1369 -0.005116737846678372
3036 -0.004993187598930072
1253 -0.004918380660946005
2738 -0.004814926051248894
1950 -0.004763460604038133
2278 -0.004761073718563911
274 -0.004727817838994174
3249 -0.004723826693474266
3063 -0.004676858772334193
1558 -0.004673067589180939
145 -0.004640442045492465
333 -0.004640334884434845
2298 -0.00460701828563235
457 -0.004460987655306366
2380 -0.0042702695329463495
2771 -0.004077899340870898
1473 -0.003943634315882292
1002 -0.003922567869184025
2358 -0.003827274177533526
2409 -0.003772138180433705
927 -0.0037242425068444956
2066 -0.003556933523638001
1975 -0.003324025896888674
3072 -0.003318830143658943
1360 -0.003169936648622281
2741 -0.0031397534803418708
2950 -0.003051299546823218
775 -0.002965445774054375
2739 -0.0029570590356981586
1111 -0.0028432110467153998
1238 -0.002832158888291317
906 -0.00282703676295343
1854 -0.0027207240113588634
2125 -0.00270786082996658
1234 -0.0026983400678734196
3109 -0.0023419357930524578
2951 -0.002279414168160234
3420 -0.002259926997950712
165 -0.002230495400059473
2530 -0.0021805638904514564
1604 -0.002161232085500175
1812 -0.0021492145683170627
1450 -0.0020710840293638494
1896 -0.001996468279883605
54 -0.001979928642470417
377 -0.0017429743181857109
1254 -0.001735918586865422
1209 -0.0016892600162189805
3312 -0.0015737773637669362
573 -0.0014617112418651899
30 -0.0013309297468239037
2081 -0.0013138600790972425
2031 -0.0013065107960899963
2240 -0.001234480753458212
3099 -0.00122080756394199
2117 -0.0011779654314104967
2749 -0.001104840867504638
730 -0.0010877972180756282
2071 -0.0010637890785909776
2067 -0.0009648328831038071
1890 -0.0009472421371613344
3224 -0.000911018293402682
2736 -0.0007155965482116798
107 -0.0006965843432726894
2222 -0.0006403522020435099
160 -0.0006235728683180424
2321 -0.0005930193899788029
2728 -0.0005772180510153062
1079 -0.0005603628762677446
868 -0.0005542161243128269
3214 -0.00021601737536749397
1007 -6.588683231024278e-05
2938 4.637496161124698e-05
2706 0.00011367321428128672
623 0.0001165892982690428
203 0.00019152808006513836
2018 0.0002067493177643673
2166 0.00026620976839377065
2201 0.0002913058833371229
1957 0.000306737373323396
427 0.0003097736363179045
3032 0.00035734961556843414
2735 0.0004199086545759513
3189 0.00044872925853442686
2495 0.0004546469943359263
2702 0.0005754303114219764
3156 0.0006203133953989287
505 0.0006283261417821453
903 0.0006661180568455019
1216 0.0007707050898399959
2394 0.0008478117383803397
75 0.0009444922368492967
1936 0.0009577552914943885
1589 0.000959178034478454
2317 0.0009705575824335381
295 0.001012199612076357
2980 0.0011702843599661194
935 0.0011725501402588834
990 0.0012211369321757787
411 0.0012606008812475593
384 0.0013917919660311273
235 0.0014077104670014691
2778 0.001427936533848716
2993 0.0014396472846713877
2540 0.0015117634975658585
2948 0.001523885176004586
2734 0.00153308341544319
3379 0.0018247945209348892
27 0.0018956745882197595
2411 0.0019308968989209052
1562 0.0019695218035593884
1339 0.0019800570501987973
1728 0.0020137398046039937
693 0.00204773885202276
1797 0.0021087264344151996
951 0.0021505142129309043
3398 0.0023029891184632137
1504 0.0024223571010975917
1501 0.0024915848420475374
782 0.002509577246124817
68 0.002555109551388563
1065 0.0025771863278851066
902 0.0025896904967171864
634 0.002606688734877949
308 0.002608470948067247
1592 0.002713666814436145
312 0.002813067844741956
192 0.0028293383692106658
3304 0.002832858858793925
1195 0.0028420290426765292
1817 0.0028541488126197774
698 0.002886223892722552
1788 0.0030694073270804236
2960 0.00334433382038396
2200 0.003354341573692166
3396 0.0033605116151081056
2828 0.0034144081074861214
1337 0.003475102964097604
3101 0.0034923915293838554
1852 0.003607111398866781
275 0.0036292111809609544
2460 0.003724649652140147
919 0.0037629219429921304
1656 0.003935990796435064
1806 0.003951726450167181
1632 0.004014840289941356
1810 0.004044039977633507
1897 0.004128496951543784
3315 0.004135009176303423
3263 0.004139089107835893
3284 0.004140226181355461
3228 0.004209661801736375
230 0.004261844583852012
3310 0.004285271174666072
3366 0.004303882406712653
1236 0.0043893074711056955
2485 0.004534285369082033
1584 0.004537518556548937
1967 0.004611589850782861
715 0.004637407554175649
2737 0.004823433316449093
2562 0.004832971273688055
492 0.004868217034189496
385 0.0049664063662903535
1260 0.005083235760641076
134 0.005101130069237581
1572 0.005216864481292662
2674 0.0052310069232763805
2595 0.005329009575134513
1397 0.00534925661507249
2154 0.005413352025286417
2171 0.005474264615084576
926 0.005576562490491537
3316 0.005619013855423449
2428 0.00565139628503574
108 0.005728750684379892
2871 0.0058294009387261595
3064 0.00588294901268633
948 0.005991558474839294
2668 0.005992480295339302
788 0.006044824575240385
1921 0.00615342566005095
3091 0.006189872305130931
1348 0.006202299726384302
405 0.006202780293287963
2947 0.006253936075459474
766 0.006292255661437324
3422 0.006358108338021874
1523 0.006399936104264448
1586 0.006465428616717406
2632 0.00652707356289419
2671 0.006573124766615983
2237 0.006598900488504097
1003 0.006825937720794414
25 0.00690450473179891
2559 0.006955944073725361
1637 0.0071025186851854626
2459 0.007125618965114907
1887 0.007245837800996148
88 0.007273548033273663
695 0.0073306998747112995
2159 0.0073316520078980365
2338 0.0073910918672743684
3159 0.007439005686371082
2314 0.007525472181014491
3067 0.007726455164356253
325 0.0077444943960133005
1822 0.007934382262127084
1790 0.008021226282235058
46 0.008088572418811835
3251 0.00813429393956682
2997 0.008262219523708425
2515 0.008526494373672564
3411 0.008567928268429961
16 0.008585655554803659
2274 0.008717378304168575
636 0.00882741426491897
2804 0.008851664875350062
2613 0.008940600448496296
3252 0.008953938075414064
460 0.009095435694560821
2283 0.009156728716406758
1895 0.009174541157454183
937 0.009182155739105293
254 0.009533488776662628
2953 0.009560806762378306
2954 0.00958145908044468
2083 0.009624148770031694
2077 0.009629210569470248
969 0.009688559835988432
2047 0.009825563590230296
296 0.009879815263063918
2906 0.00991586696224622
2326 0.00997088458912524
1591 0.010000959205259561
2701 0.010039965335298759
3165 0.010119329863028851
876 0.010314061515188143
2004 0.010332500052093904
2803 0.010337416386006184
2518 0.010362062789119176
2926 0.010421361860522062
2174 0.010468015658205071
612 0.010499777416032932
840 0.010518736832429558
956 0.010607382248716999
1808 0.010640839142448904
2142 0.010677836535010863
2769 0.010738951975505322
2463 0.01081664627984883
924 0.011298073030971561
1881 0.011415500826111485
688 0.011512463393967887
1924 0.011537820886825357
1553 0.011586069880792953
2756 0.011769325840568355
161 0.011775865979568895
1307 0.01182411345648815
2461 0.01211558633266162
1605 0.012182926250273087
1025 0.01226453259373665
979 0.012280927830424893
2589 0.012284834098089012
2491 0.012342214666943005
593 0.012392085758605918
1876 0.012471089179802483
3352 0.012487973112153982
621 0.01252608544929921
2010 0.01259254588673582
1392 0.012653477289340928
2244 0.01307217394060238
149 0.01308903335297772
1194 0.013168182718941112
53 0.013283570087176608
1949 0.013521816134128393
1839 0.013533926183799505
2406 0.013555050183534513
1567 0.013562385954211846
1675 0.013580846992608654
3285 0.013607842858680115
2583 0.013626018160664905
1444 0.013637471338905655
2382 0.013678709563891944
2451 0.013708055089607565
1919 0.01385694859161765
193 0.013860156628467532
2019 0.013884882992329647
3306 0.013896265188982525
3113 0.013988853314928672
2793 0.013992749299596739
2718 0.013995415883630603
1831 0.014073599108052262
1212 0.014086449692468186
534 0.01429575693497616
2304 0.01433466878844621
1300 0.014360999660965516
669 0.014367722051261262
1183 0.014405720801762242
1917 0.014408951475403936
169 0.014467751160144197
825 0.014497334615127802
322 0.014499534652047204
2990 0.014637760835520399
1940 0.014659412813117945
2395 0.014931398725319697
2534 0.015106976660568027
3161 0.015239869138764567
1649 0.015428730833441607
3111 0.015483450819718629
273 0.015604900406908635
3216 0.015666220542304033
1197 0.015945609202498157
114 0.015989996146183
3009 0.016025275464301308
2751 0.016074337815989877
1840 0.01613034427705011
2586 0.01613079013385586
2015 0.01614590623811255
3213 0.016212657257192103
1991 0.016338717367286055
110 0.016463375829434836
2444 0.016489419778820274
50 0.016681619464198834
2907 0.016793710116938924
1505 0.01683393133393713
2531 0.01683955643415125
1557 0.016845052331741668
2350 0.016938988012650886
1345 0.01724943786390408
2397 0.017320577897959634
3066 0.017327927283522147
928 0.01733947130485347
2879 0.017411248215153687
1658 0.017511268305124013
1077 0.017716942945297343
2150 0.01775041018728817
972 0.017869906866283765
2987 0.017959781664227882
292 0.017974762936271694
3273 0.01798298649386668
963 0.01798391997367535
1104 0.018083059585984388
2989 0.018125297245556095
2932 0.018178718526363616
2124 0.01818013393989034
2761 0.01838163746901148
1937 0.018482862805664472
932 0.018635893150541524
1009 0.018763726123338615
19 0.018806031789501954
3428 0.018830148003751716
1807 0.01885070062543857
3272 0.01888030868415624
3207 0.018896274130244074
2243 0.01897294996458089
301 0.01903693203580579
272 0.019608329710212213
3227 0.019718405110990916
2815 0.01974217376020709
3037 0.01986767214799126
297 0.019921642441736446
2558 0.019952660723238636
557 0.020015968870035372
2073 0.020016016774863518
3196 0.020051648742101257
747 0.020074206565553095
1789 0.020111269075481917
137 0.020146460001088166
463 0.02016311693034225
1346 0.020265429978785846
2935 0.020293218579965046
3169 0.020410786814185462
1712 0.02051908271239735
587 0.020523438963244198
1020 0.02053738708127556
2934 0.020627855650466927
2584 0.020648074765651652
277 0.020758054262005898
150 0.0207929259206674
2144 0.02081046664048477
1088 0.021004264525466713
3217 0.021141748663193558
2581 0.021174185934808392
1915 0.02121752166813325
2342 0.021455179422113554
588 0.021467039119811307
2961 0.021469995422959416
1537 0.021500165574148904
1926 0.021533850830159146
2483 0.021720527736048423
1725 0.02173271904556993
454 0.02174842738784329
1438 0.022043172352789908
39 0.022102686912482298
2984 0.022219148537438844
1126 0.022373750940004926
2703 0.022396805167835026
2140 0.022438475741966505
382 0.022465714722233052
3290 0.022484516098672143
1103 0.022620606855161745
1172 0.022651653461453078
2354 0.02268426402734187
1351 0.022691210070326203
3222 0.02272880744734397
3022 0.02274941219138878
2884 0.022753445266532266
1005 0.022806694591082245
696 0.0228574745532465
279 0.022904057816619194
2023 0.02310489368635989
89 0.023131416985797845
939 0.02317097921751492
2376 0.023251449254041552
2598 0.023255176463364044
293 0.02329223138848524
1952 0.023314759863775417
1313 0.023314888590486898
1636 0.023337574484831744
232 0.023372305118911425
2687 0.023420543102674156
2052 0.023432558800959746
1772 0.023475475184584645
3355 0.0237077957904793
3336 0.023707809974278408
1261 0.023716389645588375
998 0.023753512137457137
1365 0.023774162881790132
35 0.023782751931504597
2014 0.023812668954239846
1096 0.023905267793234382
957 0.02421454296238814
2379 0.0243043295439704
744 0.02430706085728115
1800 0.024347151932254885
1647 0.024359476250345867
2076 0.024430088339623155
1932 0.02444172497076877
1229 0.024618656657900615
3246 0.024622284616723313
3045 0.024854872924818406
1696 0.024883966659729726
2195 0.02497411647833934
1199 0.025094124759453697
2841 0.025139357552742478
2381 0.02516502878178482
1382 0.02524513232446635
662 0.025316609936935103
1918 0.02537963646352289
3361 0.02547252959654362
246 0.025520806828957084
3348 0.025661790654861176
1196 0.025707517438967712
472 0.025712982787523115
407 0.025787068763535443
2944 0.025994662202075053
2842 0.02611963122655228
3406 0.026221543448396528
1334 0.026249489617151157
2908 0.026276841440889872
2378 0.026316360186226823
32 0.026399021367402083
294 0.02643455441510109
1308 0.02656087223062192
1114 0.02657230848215885
1898 0.026573026569445705
327 0.02687554012120341
1672 0.02691740207140137
3205 0.027009984962425845
1809 0.027021587476675994
1653 0.027114613748096116
2708 0.02721392983059535
3167 0.02723262792516016
1359 0.02723278772195003
609 0.027264748135575313
3056 0.027358787770420383
917 0.027382746205795148
502 0.02738312596807183
247 0.027426306780673846
311 0.027432758321114217
2396 0.02764940930815113
953 0.027650893430226264
3250 0.02780117476441776
879 0.02781866965179929
999 0.027899038372316103
1882 0.028025479611044703
3362 0.028036686923963106
1587 0.02809564774376731
3181 0.028107624361236972
2013 0.0281463760806571
1232 0.028212489902856956
2078 0.028242106404079256
1044 0.028257502167608296
732 0.028318450169134764
1152 0.028337589932292035
2723 0.0284748804022527
2352 0.02855863052500973
2614 0.02863050732538178
739 0.02866651634852439
1892 0.02867096651811724
1687 0.028701004075888138
330 0.028714393847701428
3170 0.028799366740795036
3223 0.02880944212563746
278 0.028831008925617622
776 0.0288497611279381
2169 0.02901158445645354
239 0.0290365284803312
2074 0.029058438859807443
1167 0.02920196739116933
1413 0.029238549269798807
586 0.02939415147702871
2271 0.02941784312335212
1008 0.029427057220727717
2582 0.02953475033584699
2685 0.02987116598804659
2747 0.029947073931789248
2830 0.03001025503519309
1383 0.030145104291050835
2204 0.03015133141582002
1110 0.030166178064756355
767 0.03018600746265036
1532 0.030224105299961602
2494 0.030235315699692213
2499 0.030352182765891068
1231 0.030478692316532222
1204 0.0305070516993154
2408 0.03060916811151759
1059 0.030731220465664736
2923 0.030884167675063627
556 0.030947743153499286
1021 0.030953677538239546
2585 0.030967979200109227
778 0.031026264809793654
1885 0.031040904448716388
2114 0.031099078221809125
3208 0.031135346375949093
2021 0.031227158999451055
207 0.0312511493003218
1998 0.03126924013727519
911 0.031334098616479344
2529 0.03133594362818189
2840 0.03160381914600842
2141 0.03166501498212315
476 0.031687517745523835
1850 0.03173857024115688
1867 0.03184030381994264
1245 0.03186227363042678
44 0.031908196717586976
3421 0.032301793670848254
2119 0.03232234616227727
3004 0.03232478672314386
2672 0.032431685349783
699 0.032549998082204636
748 0.032562562061463435
1816 0.03266934647041685
1802 0.0327659160033485
3291 0.03277643743953858
1600 0.032804510372478154
1738 0.0328372346034723
1502 0.03295848056980652
3313 0.03314284086189363
960 0.03329928994016164
276 0.033330081024469826
2275 0.033392121740412686
538 0.03350697880746758
2258 0.0336117831146347
9 0.033659129220319835
3198 0.033705221974236484
1105 0.03392440179265617
1588 0.03396790186191823
1833 0.03406209026447393
845 0.03406376229793628
2498 0.03412750504439705
3294 0.03424675745392565
772 0.03428070217055225
2512 0.034364082766736095
1521 0.03446608390533831
3055 0.034494129821392744
1853 0.03450856112585871
2710 0.034541898407287
224 0.03465685424140169
694 0.03470080670408455
3226 0.03472551691742824
2936 0.034734046994284784
807 0.03476437737706249
1223 0.03478579187611002
1277 0.03492528766584363
2683 0.03495340659702117
617 0.03495984626102981
978 0.03496330335071705
1416 0.03499284852205293
2072 0.03501242049710003
1748 0.03508789584427315
2427 0.03509219873302488
462 0.03510166049149016
2791 0.035235909195284555
1023 0.03534112180493676
1927 0.0355305430343373
3123 0.03567437784213729
1343 0.03586708339191685
2273 0.03601746172019718
1375 0.036018152753922075
86 0.03610480875338558
1145 0.036122815239799516
2921 0.03619219152439323
1320 0.036393071445391285
3288 0.03642996385681381
976 0.03652406489094859
3289 0.03656853872771059
1058 0.036614693639125166
764 0.03662582695244832
2419 0.0371889151360614
3301 0.03728971842767313
2709 0.037349784883284054
2181 0.03750386904022675
1861 0.03760912241523643
2191 0.03784135394623316
2999 0.03787434882768534
2621 0.03792636647045986
271 0.03795890575811163
3337 0.03814368388919011
3087 0.03818187696189267
1723 0.03826652322119998
2881 0.03836137755548941
3191 0.03847192885687796
2967 0.03847499981473857
1485 0.038564502471825794
3278 0.038593594382519414
2487 0.03867900456458284
750 0.03868824448992315
984 0.03873454498781982
1366 0.03877035587024794
3015 0.03889248991007938
3088 0.039070859220740425
1643 0.039098421625872716
303 0.039142529538616085
2217 0.03924523255614351
2041 0.03927460765933413
151 0.03934015639729856
2802 0.03935936110468385
3195 0.0394279476856649
2724 0.03943299411917866
1886 0.03946886032823128
3377 0.039477132429591326
340 0.03949128682742169
2239 0.03958363147876628
3210 0.03960502867854743
681 0.03991737413758678
2629 0.04031968798764329
2903 0.04033403734593656
442 0.04036882168659174
421 0.04038765449422102
1972 0.040424059052185976
3014 0.0404274702696436
1055 0.04051562994563728
1727 0.040519336212590254
2720 0.0405712041467991
424 0.040640877440150026
809 0.04071408352617814
1434 0.04080190063735593
1804 0.040832899404957
3259 0.0408561105804767
1143 0.04092780929180022
64 0.041142047219424514
171 0.04120140065155674
2524 0.04133838646064459
2873 0.04144867209580134
473 0.04158530436134088
14 0.0416836558601263
148 0.042020481540578754
2205 0.04205352265082195
1851 0.04212206982479485
1909 0.04214653042243295
1 0.042197613926262076
1602 0.04228479294490262
1448 0.042358838294004164
180 0.042363278265425956
1409 0.04251934281523373
1635 0.04252058647081628
1185 0.04253557103436112
3345 0.04254719436969265
2184 0.04276709452764573
2335 0.042834153495329
1585 0.042847987435889696
988 0.04316611795955999
1361 0.04324200162286422
2079 0.04341438396223731
2657 0.043448557223014606
1422 0.043483897588356274
1385 0.04353951989078802
2725 0.043562223870006724
2545 0.04367049709558655
435 0.043718181144419097
2782 0.0437208696502826
401 0.043842937593020305
63 0.04406494131384528
2792 0.04430148348471434
93 0.04436439207723512
1735 0.04443048105502452
3200 0.044583829354304584
2157 0.04468214116072063
3307 0.04472790795239683
929 0.04484629196949626
1201 0.044864533641593
2318 0.0448739924096878
1913 0.04492354877413883
873 0.04506791813286733
704 0.04508419108782911
2025 0.04517119186389366
2155 0.04519398517403423
1423 0.045215466251457934
575 0.04521648876440855
792 0.04523017290155994
3174 0.0453145106108942
1740 0.045382064682265626
1566 0.045446483273011526
3074 0.04545353281927131
55 0.04569468593154164
1137 0.045785741798348684
1720 0.04582384627919942
3160 0.04584593027392787
1373 0.045846659818698045
1174 0.04585647735942933
1609 0.04589858192738944
749 0.045956103954434016
995 0.04605165298693842
2085 0.046053805147652935
2784 0.04610719123523821
2628 0.046176209978123266
3297 0.04622252464780945
2167 0.046223110087220715
2653 0.04623411318850805
29 0.0462657603366499
2043 0.046302689706866185
1417 0.046581071524401926
365 0.04663569629966691
2196 0.04667215600230562
1877 0.046691630850482196
440 0.046892542374853116
1344 0.046945957828658215
2112 0.04709961189863673
267 0.04712691173483613
1175 0.04712730524293748
159 0.047169416379957994
3212 0.04724399086993834
1793 0.04735988446726581
2588 0.04750077736248112
3414 0.047522493653854386
2368 0.047558174779339525
1803 0.04768345996028267
2022 0.04772936036993426
3353 0.0479628901072526
2715 0.04810880845374559
671 0.048250776342057475
3048 0.048293628705722055
959 0.048296434207170454
1252 0.0484724593509304
1440 0.04848698791416605
1367 0.04855440226351743
2564 0.04864186337796079
1217 0.048675407381489115
701 0.04874994639669857
644 0.04891811731269534
942 0.04894731250706591
2609 0.04913945610258359
1129 0.04914148001778726
1024 0.049151325195151585
3378 0.049200084204250545
371 0.04922201416417517
1992 0.04934357176509055
620 0.049530749015388446
179 0.04955151466684165
26 0.049580230074802625
2042 0.049606788943603645
2113 0.04963148279345657
485 0.049631783174430934
106 0.04976715023913638
1525 0.04984172069891747
2719 0.049856963728384454
1272 0.04988049815534066
1873 0.04992203512132317
2587 0.05010634631787068
3081 0.05013273276524595
3003 0.05025951085676526
2699 0.050424050570865554
2153 0.05045312929452564
938 0.05051438731602898
1580 0.05052097603121303
2115 0.0505491186298707
3051 0.05057096126547178
1455 0.05072974007766908
866 0.050755030421588944
2617 0.05091445669983143
3220 0.05092493496251845
2509 0.05097095973656665
2277 0.05109476683415498
1028 0.051325777483218864
989 0.05134360695809728
1080 0.05140555110905118
3012 0.05148581029887526
3413 0.05155555599362864
2098 0.05175296267833224
2510 0.05183570876740761
1486 0.05191649063047698
1680 0.05196582978496625
1946 0.0520217442906477
395 0.052174189356790295
3114 0.05219694694417818
118 0.05248482391681542
2477 0.0524977404223983
2164 0.05260565559411593
2170 0.05263253755059406
3145 0.0526908296453314
645 0.052946576951927796
808 0.05305985691976731
3241 0.05307379799952927
204 0.053122276803451905
548 0.053322338281168294
3040 0.053411312245823975
1560 0.05355696510790888
2712 0.053612982859020844
2377 0.05361689870303796
1981 0.05375171574613438
355 0.053840550881555614
2877 0.054039834221033714
997 0.05410563660427427
324 0.054161862131354224
3209 0.05426988903878702
240 0.05439828026145319
2638 0.054418254104211174
2307 0.0544188150104582
1474 0.05443798630245528
1018 0.05471330597379465
1214 0.054766895127792876
3024 0.054847197732401175
302 0.05499700849734022
3409 0.055012715710641424
1547 0.05506684477511018
1017 0.05512449796041248
3043 0.05541545624490087
923 0.055439865194084635
702 0.05564081491757319
1878 0.05565881266530538
497 0.05567531009587951
2832 0.05577704873652414
299 0.05580937274484612
1262 0.05583101632273191
952 0.0562039480202039
2594 0.05644087594478952
2399 0.05655592809898898
1384 0.05666991705427546
2265 0.05721777541429312
2236 0.05731962243498573
205 0.05733391906090676
2696 0.05735784983689456
1982 0.05750120185223223
2978 0.05750353662650315
1019 0.05783035092830462
803 0.05783727557324303
2746 0.057870107713308624
1171 0.05794714844641957
2557 0.05797355087800199
376 0.057996517709606864
3229 0.05817869740732489
3082 0.058218799944197916
2635 0.0583183132033736
1130 0.05833742311976119
3020 0.05835855748931512
650 0.05843206185812305
2533 0.05851185067924297
2497 0.05866395344368324
791 0.058746428227760786
119 0.058777066362170324
2020 0.058865564256417584
3039 0.05890165363503206
2787 0.0589414624422631
181 0.058989732509615575
2721 0.05900803259005196
712 0.05901881671649866
1564 0.0590544828512287
506 0.059463236968392695
1681 0.05954117864458907
2904 0.059622442449924866
1920 0.059741153170355936
1524 0.05976379388285321
1487 0.059959570056298685
2941 0.06000817887924995
1060 0.060133693667411
2777 0.06035442903474351
2831 0.060395655646038
2601 0.060427198207919926
3092 0.06046633223050102
1599 0.060563826308899844
2667 0.06068246430328412
3330 0.06083393018142742
1449 0.06086504444303995
1578 0.06090103496130953
147 0.06123395449437689
3166 0.06129991303621849
1766 0.061320866811776516
1707 0.06153250923796936
85 0.06154914867086737
657 0.06166101337223476
2206 0.06179285222127265
844 0.061822949055615334
3001 0.0620199944341669
1883 0.06214921469631889
2744 0.06216492372545798
72 0.062189950732635585
1120 0.06224758687224528
2565 0.062288675398632046
310 0.0625716481215876
2319 0.06263882747816016
219 0.06271533298202697
1990 0.06277068798557982
3002 0.06285942807031898
3152 0.06293108071383019
415 0.06314939492225857
528 0.0633872737403814
1546 0.06343066112260934
703 0.06353659214444533
2412 0.06354382400392646
910 0.06405429636897646
930 0.06407754445898525
973 0.06447777444532661
729 0.0648593542040067
1947 0.06487477243136126
3277 0.06517726023249724
1899 0.06520627302519995
1326 0.06523249263574178
2882 0.06532261103542071
3065 0.06548132968056057
1377 0.06587724604322134
2126 0.06610177128860348
2359 0.0662702185315898
320 0.06633619848522089
1685 0.06676079721291893
270 0.06691095867355533
553 0.06699802237392441
3287 0.0671080329558035
850 0.06727142982972614
182 0.06732111756899449
3201 0.06737003053410494
2642 0.0674916222250553
2949 0.06772495157205341
3127 0.06780490793238629
58 0.06791244313107483
33 0.06811283050627248
402 0.06842962664777914
1951 0.06859454370328323
143 0.0686023751139348
3215 0.06863179287579875
3286 0.06876319168957282
1579 0.0687917938838238
1773 0.06900686287116853
2717 0.06919730842694519
3372 0.06925277215112437
2818 0.06932746499376567
1414 0.06933438487299215
144 0.06933970520800478
2401 0.06946061683734808
1985 0.06959493186723323
1970 0.06961284997132039
1004 0.06963888622820574
2202 0.06965788485979939
3373 0.07000886752920153
1128 0.0702744234423891
317 0.07028194350298347
1154 0.07045609634856098
410 0.07050595512241738
2640 0.0706078222817883
1173 0.07069865489920205
2109 0.07119377739715602
2740 0.07137975427238195
3282 0.07141088108102724
354 0.07154139564083177
1880 0.07156877442731707
533 0.07172479181221542
526 0.07191614466449027
642 0.07192649856226405
1362 0.071947524169095
1265 0.07213925597727745
574 0.07224407820524026
236 0.07230938774847202
3168 0.07240332401085571
2492 0.07246213392655802
1136 0.07251074207132897
2940 0.07270813187736017
2834 0.07291636846017313
3013 0.07314408827469798
2060 0.07354124204029082
3049 0.07363146652099553
438 0.07371980573917548
3154 0.07400403811651614
3309 0.0743448943035629
1531 0.07435269220522124
361 0.07462412409883881
1718 0.07495018378663972
1418 0.07516101713517491
3080 0.07541114277758455
2383 0.07552376310687932
1222 0.07556192267067549
2610 0.07558774773565459
1519 0.07588021071854353
1468 0.07596721417403764
1969 0.07607079521400459
31 0.07611125529823026
2346 0.07625225613857625
975 0.07677978615117066
115 0.07691139153655847
3375 0.0769186044942785
2143 0.07695906729695336
1315 0.07700429049902245
3194 0.0774333628693137
3322 0.07745553936670416
1144 0.07752616034991248
1960 0.07774898722412824
530 0.07790938985430111
691 0.0780586321685216
2639 0.07806864903412293
830 0.07811616621630363
2436 0.07846287470075604
2937 0.07855975765049011
1948 0.07860226901801942
1811 0.07868355749699017
2880 0.07879974444776242
2839 0.07894650080046746
122 0.07897346440914596
925 0.07925688460521853
710 0.07934491922236102
2291 0.07936712916098163
897 0.07950398186971029
2062 0.07951995248562209
1593 0.07978486407407234
3256 0.07985688410630164
2825 0.07989777270603045
2602 0.08027976950192835
805 0.08045563000734221
373 0.08056897728465717
3041 0.08060749384645097
468 0.0806278085500346
1530 0.08085659456903452
1590 0.08095227851360258
2462 0.08104414406453611
2612 0.08108297520796717
2482 0.08108913815877758
2992 0.08114942823202363
368 0.08125449566353199
375 0.08140879463707701
933 0.08141058690279039
602 0.0816373804832095
1754 0.08199881605530485
448 0.08208006337979801
1603 0.08236113537743091
84 0.08249634889359825
3255 0.08257955196910827
17 0.08279896274023235
898 0.08301778150321311
478 0.08303320462175591
1935 0.08304144243111983
1879 0.08343362368227618
3031 0.08348911028720468
992 0.08372310042604252
1443 0.08421400386317807
103 0.08425895459153186
3016 0.0847488281860418
1996 0.08478496611471768
91 0.08490663158148544
665 0.08493333843735414
423 0.08498535491128574
4 0.08513550977107412
1405 0.08517006075863354
2447 0.08542897407446916
1289 0.08583381754384828
1510 0.08584285319670949
3147 0.08606662037502529
1511 0.08613915459690805
2643 0.08621998057082882
3100 0.086463993430795
1350 0.08650478276822038
2313 0.08661952617601758
2694 0.08664314375644248
2927 0.08685443852795795
96 0.08694004283567983
1076 0.08700544771373535
3204 0.0873669936108989
59 0.0880301144636878
1184 0.08823875197896815
1544 0.08828256050943839
3149 0.08847098222868734
1581 0.08862139298202314
2633 0.08885420768784767
227 0.08891407535156398
439 0.08898720222663341
611 0.08909233517706479
1311 0.08910864109969324
1470 0.08911324711807707
980 0.08924677015242785
191 0.08964169352354208
170 0.08966353871276599
656 0.08969563539780091
1190 0.08975619389097005
1349 0.08978129627220703
1388 0.08982366479694964
2453 0.09040231247314223
2197 0.09043911216010914
364 0.09052370845503982
1353 0.09063497743926863
400 0.0908209605321721
1903 0.09112209264680989
2727 0.09120123921852404
2301 0.09151588746720099
654 0.0917704401106189
2544 0.09195886137197655
344 0.09213947987629681
1834 0.09215556702900594
417 0.09217725137781223
2255 0.09218521257381972
1316 0.0923514911833746
751 0.09245334116320433
45 0.09245554055065046
1412 0.09276487001073387
2616 0.09286396793553979
2160 0.09318005824052422
741 0.09318270895816647
62 0.09339502989252091
1099 0.09345422360680253
1030 0.09354724531949926
2038 0.0937090007067448
2056 0.09385776858574277
101 0.0940490125430802
2690 0.0941944688890985
875 0.09464493485165695
3115 0.09485039390976101
1259 0.09511535877161624
647 0.09519855938620643
398 0.09547145765998946
2276 0.09557890187167715
836 0.09571218702730662
2441 0.09574610198712895
449 0.09594952887326691
615 0.09611036939669193
82 0.09633376282279475
1730 0.09655816410927102
532 0.09662842300000372
418 0.09693296091772055
1257 0.09694422487436542
1855 0.09716579540847965
2426 0.09718586677239216
2388 0.09724065974971134
1113 0.09775750522622365
1668 0.09797010582920958
1721 0.09799659442112965
1497 0.0984458549600929
887 0.0989538628587698
1439 0.09909253457814403
1084 0.09909368197718463
426 0.09913883198466246
1249 0.09916934998093635
3010 0.09927954514309499
1332 0.09929910730537787
2647 0.0994816300122503
3305 0.09955476418153618
2868 0.09967082701020795
986 0.09971124100217892
2351 0.0999857136933226
2624 0.10019657477777075
3341 0.10028967812130814
1561 0.10031307465067832
685 0.10047819910596537
2440 0.10065502820833415
2636 0.10073100473567088
2849 0.10079630307041708
752 0.10115809981343644
783 0.1011872279934377
1082 0.10121388281234198
3117 0.10124377126481234
1226 0.10161043400011983
3364 0.10169941216242903
2095 0.10181263503762183
877 0.1018303914696948
2293 0.10207040113877952
484 0.10236796209329611
716 0.10238357046366231
1318 0.1024099040919255
1959 0.10252574043543607
1573 0.10279171232262095
1761 0.10299224137096583
56 0.10343889321558972
3125 0.10343993735040598
1426 0.10368503019419069
564 0.10386317028069718
282 0.10428877820084859
429 0.10430565879046186
2650 0.10432570184080718
3397 0.10433019269579398
705 0.1043613193362654
3146 0.10443979235922891
7 0.10466198813974008
3094 0.10469200141234825
3401 0.10479569055739378
3253 0.10493534818102648
2136 0.10513492004106119
541 0.10518958462808392
3365 0.10537649948385375
2309 0.10540508204419977
1905 0.10544892059572818
2649 0.10547981295324371
523 0.10552472268861199
2659 0.1057531862303063
3254 0.10598628039852312
687 0.106093973119039
2646 0.10631521430550503
2788 0.10692555332989184
2618 0.10700537928011061
2918 0.10722771699378406
2532 0.10736770706536922
309 0.10771034199816441
2675 0.10772598757762235
2637 0.10786230110079363
2384 0.10799340220560132
1933 0.10823190240481623
2743 0.10851176865328285
2539 0.10906580057773546
1403 0.10936829492454003
1463 0.10948668691023133
2294 0.10988825172788207
547 0.11019779205154713
2572 0.11025565498969243
1066 0.11065237607832683
1517 0.11079003394152304
1112 0.11112486446314841
3103 0.11151127207082318
1758 0.1115204908848707
2523 0.11165636016980435
1997 0.11204792803265146
208 0.11216575491365274
2027 0.11243860224058573
456 0.11273672703936159
1115 0.11287073151534516
1576 0.11288781015507052
2693 0.1129460965229468
1801 0.11314125177823957
173 0.11319771214434712
1942 0.11369801559179034
1396 0.1138137326982731
787 0.1138631808018925
2729 0.11395371080949068
1445 0.11401553574238901
2086 0.11403623196786505
947 0.1142190809336065
1437 0.11439944122818427
1508 0.1145493971895193
649 0.11458717211769903
2151 0.11511157273803728
2547 0.11538033880140815
2692 0.11544317844633005
2758 0.11556905028732312
1625 0.11563744700574417
2824 0.1158910811807297
1598 0.11595259429220171
341 0.11601169409880954
905 0.11612477985736255
1541 0.11635369827653554
38 0.11682419528034634
1211 0.11774744414235155
2008 0.11788130143497245
1354 0.11808528408039347
2957 0.1182341417654124
1304 0.11824825993327563
2505 0.11839787742888039
2920 0.11851616601875203
1832 0.11875406351106768
2669 0.1191044933810745
2471 0.1191144872067502
1402 0.1191659761959758
659 0.1192416557024054
1047 0.11932224714076513
167 0.11938429194896094
2975 0.11941188728948027
576 0.119941294768236
1548 0.11999025707364426
1056 0.12001951249152579
2310 0.12037311577427877
2199 0.12101630233709831
721 0.12154953623619069
2398 0.12167653460134423
1837 0.1218102731147036
2885 0.12220959281464601
61 0.12258784183581203
3044 0.12311127798711735
2867 0.1233142661637576
743 0.12354475115948327
901 0.12448495355056206
2057 0.1245208526608351
3139 0.12455401173268364
2579 0.12458760983999867
2816 0.12470234912184676
1428 0.12509412769374695
3350 0.12527520442936332
494 0.1253996033780956
223 0.12549155112709545
3318 0.12580173718486035
529 0.12582769693585738
2050 0.12676906748803254
399 0.12692669362834663
78 0.12707865758386028
2798 0.12735431788386511
3193 0.12737721977665445
676 0.12741155525541137
1678 0.12776855496483894
1121 0.12779392505894513
3034 0.12804464733362542
1570 0.1282006937876356
1317 0.12840781485455505
2272 0.1284906472003335
3239 0.12868126412944886
2242 0.12907309655769758
2430 0.12927309052067643
638 0.12939503347074321
1161 0.12969715953805208
1770 0.12977021675354772
1785 0.13020663743740574
594 0.13022133029137692
966 0.13025724615563475
2284 0.13065226314364128
2549 0.1311310503965172
2697 0.1313756508288235
3131 0.13159382951527607
1545 0.1316179103084292
785 0.13164463865529255
3260 0.13218200037539757
3423 0.1329268588663445
1109 0.1330572617064908
1849 0.1330795046281726
2263 0.1331729925948256
280 0.1331908424908024
6 0.13324723912201727
2977 0.13327537792318803
1693 0.1335393931008845
2660 0.13374858085260885
2225 0.13375216164180995
2393 0.1341847838152284
1148 0.13439140246803086
1425 0.1352348082986665
1221 0.13532580334653507
784 0.13549579457155364
501 0.13605878196641458
2827 0.13641107300465857
359 0.13661369217850852
2822 0.13691804988657894
2138 0.13710791825082969
3405 0.1376327371570026
211 0.1378756217557657
1393 0.13803438846245736
3011 0.13840434210814492
1771 0.13848459654433934
684 0.13849999010887692
614 0.13857795476510912
2631 0.13902870143071425
3344 0.1391115768205823
2214 0.13942103783198936
3177 0.14004760245945752
1466 0.1400736459694744
1068 0.14028242240528876
42 0.14032244517752598
1500 0.14063368213866936
1294 0.14092942698487082
2608 0.14148766690779002
2506 0.14211749797338638
2695 0.14261906507474323
2235 0.14288874014226602
412 0.14300247557900844
3116 0.14303380317029707
1026 0.14312430896860484
437 0.14324248684136046
1826 0.1439944867514323
3233 0.1445611732991181
1302 0.14520347640413347
2129 0.14531578325849115
535 0.1453917644411621
1124 0.14559773113063532
1203 0.14564988872957815
3343 0.1457910006389097
1820 0.1460736180899464
2371 0.14611272168230283
2458 0.14621290844940818
1036 0.14621636987813727
2501 0.146305451505092
2259 0.14647797699645548
1846 0.14665418736773417
3096 0.1468508198472196
560 0.14708192930265404
1142 0.14713559841352084
464 0.1474302758674798
2886 0.14744742744025477
1776 0.14767258026453467
450 0.14799106034239445
745 0.14802200054201803
43 0.14807521972841625
1410 0.14857593280388387
1765 0.14900688545162058
2574 0.1490216620431301
802 0.14916620403147487
1714 0.14920549720794163
509 0.1492642577036524
1476 0.14942044038899727
369 0.14968303117474774
3135 0.1499034983523752
2722 0.14993655604935263
2829 0.14999599244880538
1433 0.1505624296499774
1666 0.1508389230878018
811 0.15101800668962645
1939 0.15106355915938832
212 0.1513311380069449
889 0.15141135076082177
1679 0.1514132281653082
829 0.1520035605001692
1629 0.15242465676365538
321 0.15265943797603734
210 0.152829193990164
630 0.1528586137452089
3258 0.15306824757940865
3388 0.15332966063222217
2691 0.1534932184989977
2172 0.15353775474189815
2858 0.15410762057283067
754 0.15421094404923494
1246 0.1547151281006192
1296 0.15502202714562566
1280 0.15554241638147256
655 0.1557552875285954
543 0.1558826426916704
2924 0.15612533819863328
1757 0.15636989794813796
1973 0.15644464411384554
2330 0.1569093409349289
542 0.1570412001829915
1273 0.15708321671594158
11 0.1571720314263414
2435 0.15737324427163987
379 0.15746835132418746
2711 0.1579770441196872
15 0.15802122049647707
2876 0.15845354602816236
1032 0.15901165795692734
1611 0.15948098163766047
1642 0.15956134687508827
2439 0.15972565578660358
396 0.16044586446143852
1941 0.16047002292273346
431 0.16069360454023088
465 0.16079220742089007
1961 0.16088880750514398
525 0.1610357265749086
3329 0.1613498295713238
1755 0.16136077759617923
1677 0.1614285543943849
3090 0.16144558724565564
709 0.16154471332987894
127 0.16190421747217762
1582 0.1621583528781583
1256 0.16222174571759498
683 0.16226295579299616
589 0.16252057682427773
1072 0.16279806296176821
1676 0.16305418759088947
2826 0.1630893136551396
1994 0.1636160780980868
1075 0.16438092453911435
1827 0.16498531665714752
1266 0.16527708008820255
1760 0.1652871195520745
252 0.16568185469275173
708 0.16582427607523495
2985 0.1660495594271854
2093 0.16732682139035668
706 0.16778482331724792
843 0.1686169464691174
420 0.1697317149151198
2121 0.16983470434050654
880 0.16995599598969083
2003 0.17028144757870184
2817 0.17045522904206256
363 0.1707935835786219
366 0.17101729638603874
2794 0.17101795305093434
2445 0.17104884841200146
1243 0.1716067171730269
2860 0.17163470345733406
358 0.1722447384541984
1529 0.1725617637341365
339 0.17281494937438377
2682 0.1744948679765615
469 0.17459678852736019
1118 0.1746453319337998
565 0.17513040710975197
1549 0.1760682564005299
2931 0.17607027620688032
2847 0.17613307592814395
1795 0.17695035907086323
2707 0.1770804772260587
713 0.17735254967898062
70 0.17839684412794748
606 0.17874737953882155
1131 0.17881485851191056
436 0.17967904953413205
1583 0.18093652965133478
3392 0.18161009918547835
1228 0.18176977200318098
1551 0.18291220533045394
351 0.18293962142054415
3257 0.1834995321769922
3436 0.1835522640160688
1291 0.18406315864296713
2349 0.18432577150326024
2231 0.185040468158357
3093 0.1852838037414688
828 0.18531558687212776
2878 0.18558958252477975
139 0.18579122226810127
1535 0.18619779120151791
157 0.18688133245586191
1488 0.18705642899908248
2176 0.1874418554762647
1859 0.18751694124765564
1492 0.18838532008384082
1732 0.18851919438473033
2857 0.18864963228414997
265 0.18880582055785353
2220 0.189320003237831
675 0.19036558043318846
2925 0.19104603625056896
1327 0.19113755103369967
2457 0.19225338285672336
2269 0.1923942000677274
3404 0.1924155824818038
316 0.19309283420131498
531 0.19311651424752385
1722 0.19373604654509172
826 0.1937362692281059
257 0.19531160166857897
1988 0.19593217008081243
2814 0.19697193433919077
2198 0.1994215718779362
1389 0.20074199611394491
646 0.20121467003450205
781 0.20142477549882346
520 0.20315711137303594
2801 0.2037308770629577
1125 0.20609307885934638
3265 0.20764989823496657
120 0.20773669786561555
3062 0.2078751194968375
266 0.20806269396937235
1293 0.20846450697446642
2443 0.20849818059144473
737 0.20895739304285169
367 0.20909151394280373
983 0.20987976529848443
1780 0.21044712222337378
2442 0.21087517309438175
838 0.21090130348061953
714 0.21090173704018284
2571 0.2109140494842035
2634 0.2123456052683654
1046 0.21342083180568033
690 0.21437119252318487
2928 0.21508130972186648
446 0.21557417955032798
3389 0.21564851368779528
3325 0.21597032087859508
360 0.21682902880338187
3267 0.21764219092925266
1170 0.21803087576349356
1534 0.21817671058939392
2040 0.2182736872851514
3268 0.21841817290265517
1987 0.2195694686149419
1074 0.2196552006195127
2812 0.22023576788745722
846 0.22139204580274885
604 0.22155394818928206
1305 0.22164145610262664
753 0.2217026052395896
2981 0.2220762807351599
3340 0.2229442740689528
2754 0.22349331699755573
3136 0.2239484889628855
445 0.2241930682256734
3433 0.22427542288066712
1116 0.22469260473143127
1037 0.22472022883351664
1792 0.2259435796749814
283 0.22656181161891079
3107 0.22676213325181344
2514 0.22689257042433117
221 0.22740591777806704
2823 0.227470001116705
1665 0.22796812358964688
5 0.22834711464988217
1394 0.2304604664385695
1597 0.2316307935627912
1569 0.2332123334247556
2489 0.23322958193918272
572 0.23361698177848705
639 0.23385780357824115
81 0.23418093955595534
2833 0.23458907403491266
2414 0.23485626793731776
390 0.23545656678993232
1189 0.23722853859008558
1242 0.23804616147479066
2334 0.23957974590120776
1835 0.24091344393390632
1655 0.24194459780524039
1462 0.24250584228492758
2132 0.2426053115390932
2438 0.2429899871013578
823 0.2432939231133765
80 0.24367971271883998
3435 0.2448880249970293
2131 0.24512598437747304
3176 0.24631110731589506
2753 0.24658081772653134
2852 0.24798513203236938
626 0.24848179592179337
1671 0.24850190067279293
1429 0.24853031609385606
848 0.24861969718277885
2366 0.25065660772080817
2688 0.251126873806462
323 0.2519158141419014
92 0.25198397442630915
1169 0.2520398257791694
1188 0.2524730357162724
2546 0.2552949587192228
2390 0.2563193426544717
827 0.2570387606845233
10 0.2577495851366349
3328 0.2579332079722895
2775 0.25825812286947053
1325 0.25853368207770017
1442 0.25864740751583637
1168 0.2589292639357471
2973 0.2622012757270532
1830 0.2622832961434771
2391 0.26235161624193964
342 0.26406141533808264
2227 0.2642403215244258
264 0.26449993796372484
707 0.2653990693789434
338 0.26550101479654364
3132 0.26649838152498245
1860 0.2671465565229138
883 0.26823369613717285
1769 0.26874850151516655
680 0.26973559910330447
2811 0.2710748812170248
601 0.2710882777058433
566 0.27611017133265425
888 0.27751779330524357
755 0.2789058567424634
100 0.28023278712849353
842 0.280887634396712
1989 0.28174946679962803
2392 0.28251229242681414
2415 0.28270953968792484
362 0.28444193797818096
2998 0.2850246572294954
519 0.2852045765486417
896 0.285664241376893
2575 0.2870938344917298
758 0.28742346383233963
3 0.2882719138220482
831 0.2882770833064925
3128 0.28857220039734505
155 0.2923547288378346
183 0.2949116416401082
3130 0.29509096615747754
383 0.29568425463767173
592 0.29822033124057895
3029 0.29911718090569195
3140 0.3015754653569437
2360 0.30271210214072997
2979 0.3033624166102418
1986 0.30434974396533704
1539 0.30514121797369304
1750 0.3052512196919929
1689 0.305881079290568
1244 0.3068178938085204
1752 0.3075314942917373
2407 0.3106881402505953
332 0.31189116522769295
2446 0.3118969690570139
2402 0.3138187705023635
522 0.31407329375733195
1829 0.31459180886534144
1328 0.31599877856539726
567 0.31689238668448305
326 0.3170336122284447
1538 0.3206215561475558
1157 0.32098093668357186
158 0.32141127536704645
1031 0.3223212467008944
1610 0.32518313179493374
2615 0.32522956595486147
2389 0.3255992875146067
1478 0.32583250809374104
2228 0.32652393176627126
156 0.3298587625542844
2370 0.33351862779183655
2835 0.335684590093528
1071 0.3363282174896692
1224 0.3363813466594585
1324 0.3364844694961597
2364 0.33922964977170794
2246 0.3401067909995763
2434 0.34396412224277556
3326 0.3444056925023318
891 0.3446035111485414
2654 0.3451066803536181
2655 0.34760211735831525
1509 0.35040107952544636
1747 0.3529887002608054
1292 0.35364525759802895
334 0.3568521095334969
329 0.358172161288395
380 0.3590849479630325
430 0.3603762823711369
1783 0.3611705570470489
885 0.36175809066925796
1469 0.3701676409456279
1146 0.374579439066088
2896 0.37744057008065873
1368 0.3794054663730748
678 0.3825136425669121
1159 0.38622544387963376
215 0.38727906731636036
222 0.38912992954271997
1100 0.3900741083244241
1215 0.3920178870994666
815 0.39217464898461524
77 0.3925707512004089
893 0.3940503214005824
3178 0.3989780716275199
1875 0.39989772838224197
756 0.40147803711515556
2894 0.4019561356592812
895 0.4037324721900985
1701 0.40505396689443735
3021 0.40547161589501246
2976 0.4073500977558665
216 0.4085943647220489
2752 0.41049099708581205
2757 0.4116946123381586
890 0.4153940901423859
336 0.4178313219461024
1287 0.42276729408350827
1355 0.4276677849024828
1218 0.4292870020412814
1284 0.4327900801497435
3324 0.4356697401986271
3124 0.43617560597372124
2776 0.4376033506811181
832 0.44287741834602845
2178 0.44493200805753846
1269 0.4507141983594912
1164 0.4508346327855615
123 0.4683437743776864
3105 0.470381376164025
839 0.4706263143162711
1290 0.4801512122952305
841 0.49228560146243394
2622 0.4927861458214988
186 0.5058499375308891
1630 0.5074727960974601
2893 0.5089565450903245
1268 0.5254307691426133
1283 0.5338202427307037
2663 0.5376905405859512
2898 0.5406913383993227
1706 0.5582210500380315
568 0.5722596906846295
2470 0.5819282566889695
3133 0.5860530902621086
1980 0.6114211049484166
185 0.6308758935029931
3134 0.6455979408954943
813 0.64850965141044
3126 0.6506451129937436
2905 0.6568968599644468
1759 0.6642024952308248
2892 0.6709307232807925
1746 0.680611356457358
600 0.686532709275245
613 0.6889223651213774
834 0.7563701041923737
