#Residue #correlation with tIC 1
1 -0.04458940640736947
2 0.06984242483358082
3 -0.2269948865933778
4 -0.007542612131455628
5 -0.12164099002845612
6 -0.18146957499955912
7 -0.1536884870017062
8 0.02317149010474096
9 0.02911387189167837
10 -0.02538741143592693
11 -0.12961706985182087
12 -0.176815750729886
13 0.1846049684797646
14 -0.4234509609857857
15 0.1987925913650685
16 0.019648776960202664
17 -0.0788240834078235
18 -0.0477847987080136
19 -0.05584369489831545
20 0.0549925445089614
21 -0.11007432560941352
22 0.06869203459024563
23 -0.04052148736604086
24 -0.14356089334499264
25 0.020625993851860567
26 0.06851177266460703
27 -0.013986508818057589
28 -0.09833696837800593
29 0.05581744939159481
30 -0.003132839103352601
31 0.12275683930784131
32 -0.0076347137658746445
33 0.04059847858862163
34 0.0179447001639793
35 -0.017882333200258598
36 -0.21289389172203163
37 -0.04835301057270197
38 0.11473340939899632
39 0.02623698565346783
40 -0.011606650606186975
41 0.08784568956768339
42 0.12000552337421226
43 0.14183352626071222
44 0.01932344749563989
45 0.07264779787974933
46 -0.020849108185789843
47 -0.12384759058713853
48 -0.07353296397790636
49 -0.01378902223324842
50 0.016870212640793338
51 -0.04010497665014606
52 -0.03261506804917552
53 -0.018459275332693717
54 -0.007355898421290383
55 0.04054137383190774
56 0.1044876027080851
57 -0.09745959872777082
58 0.07298107479405494
59 -0.0890376446702881
60 0.2746977392910378
61 0.12930504579855676
62 0.10486330274712677
63 0.04567226617528551
64 0.04175442317521415
65 -0.14078158384808104
66 -0.019806839455694277
67 -0.13104042850201167
68 0.001270197211456911
69 -0.026180063846800997
70 -0.2159251089703808
71 -0.05183875054533012
72 0.15338523193148348
73 0.13548006616330746
74 -0.157507269677508
75 0.01620382901178645
76 0.2352901101716369
77 0.014136083316039312
78 -2.9692002446347798e-05
79 -0.026601777742907923
80 0.2828379126677262
81 -0.15682548001700716
82 -0.07268012747397777
83 0.006462005161539181
84 0.09283102598787712
85 0.06685640611564428
86 0.027412665728089664
87 0.0251110314118509
88 -0.041075036467693636
89 0.02639429588486325
90 -0.023705070936313518
91 0.08851350025198998
92 0.24452288998765326
93 0.05399153994385459
94 -0.1166636429223903
95 -0.10797018086583086
96 0.0709977360292239
97 -0.21649101986270042
98 0.07091572310472553
99 -0.17145421033213365
100 0.2724453235046932
101 0.10933616441969923
102 0.18926055239054607
103 -0.04883314069327347
104 -0.021247946716781586
105 -0.03307626167654804
106 0.05239870322739131
107 0.02002341160844896
108 0.005130008141692747
109 -0.08077053778021756
110 -0.089682958628707
111 -0.022764681623552982
112 0.016598673169095184
113 0.0300618126333112
114 0.06006847142210815
115 0.0605822573275582
116 -0.020769680641938924
117 -0.09664672828101781
118 0.05519473300013663
119 0.05729668601371997
120 0.1906246086037621
121 -0.1931301805362618
122 -0.42407277191353177
123 0.20816937609586636
124 -0.33685114731211224
125 -0.09775308689585376
126 -0.19739505340259803
127 0.17305941474734846
128 -0.14984933558124924
129 -0.09676767156456571
130 -0.013263122250819678
131 -0.0303241103014536
132 0.02661440891471408
133 -0.04624872412383666
134 0.05287641870962793
135 -0.017903897762995693
136 -0.02606672179965025
137 0.029710254206868757
138 -0.002860989179386975
139 0.07243787910203839
140 -0.34311527255588625
141 0.052057283348156465
142 -0.26235619893457185
143 0.06774201846951801
144 -0.1751576306073068
145 0.11524596520590394
146 0.20916790712664127
147 -0.07007378407202
148 -0.07563349645358383
149 -0.08037691788582552
150 0.012326659692019518
151 -0.03908765014219484
152 0.1848958584724624
153 0.2055565195330177
154 0.059169184657560964
155 -0.20508683813361928
156 0.01114275582463765
157 0.2820534422730992
158 -0.26515930792479747
159 0.06390562684829972
160 0.0021925611133024824
161 0.023554556313829824
162 -0.03444481172949513
163 0.07489008454107407
164 -0.017564585258149853
165 0.10111319351476465
166 0.00290265341546255
167 0.1378377451016629
168 -0.011841741883771073
169 0.017115079484802863
170 0.0993722195542213
171 0.07859225166068501
172 -0.13443323845578983
173 0.10716119154533413
174 -0.08712925753553934
175 -0.09209971682589363
176 -0.012347513848357172
177 0.14971733921354013
178 0.2838167513957003
179 -0.14027598656272497
180 0.03439136704344813
181 0.05497734543954576
182 -0.19939151620290338
183 -0.1546428751886707
184 0.31413665247868283
185 -0.5070461074442496
186 -0.4026604252765214
187 0.20238435736432395
188 -0.16170314288117246
189 -0.11690208864056606
190 -0.050729524397890476
191 0.08328234509728433
192 0.0031930669691393933
193 0.013465935814006177
194 -0.05095928805686882
195 -0.05621955132017635
196 -0.08161639063498309
197 -0.21122340536291484
198 -0.06243309403269574
199 0.0008445896552010486
200 -0.22424278959839616
201 -0.1127256098408532
202 -0.04436049459002617
203 -0.004631374131379716
204 0.050293339193207616
205 0.0614755383097084
206 0.008253921692198306
207 0.029367186201150853
208 0.11194755953157368
209 -0.1083343130849506
210 0.1310877696408262
211 -0.10149556732220696
212 -0.05225892059928242
213 0.3086503474710805
214 0.43881302249325516
215 -0.22913080666444116
216 0.4535026134379719
217 -0.12342901241705662
218 0.35383673144679006
219 0.042304885262369286
220 -0.0986243483510936
221 0.28260763503190334
222 0.38642483854950244
223 0.13549871770257363
224 0.03500429780345402
225 -0.04403955596032099
226 0.2899163989765831
227 0.07581526563428374
228 -0.14445577780442173
229 -0.032486236073748065
230 -0.03329047740351563
231 0.09019756177273797
232 0.000778132310525944
233 -0.19674593197597276
234 -0.08051965425905001
235 0.006030975420053663
236 0.06343308347106733
237 -0.032509729747805735
238 -0.1489133758596163
239 0.042507531714002456
240 0.07207167954600896
241 -0.10710072278000282
242 -0.13059043705685397
243 -0.13802870162291833
244 -0.36945270158574306
245 -0.18298903837798122
246 -0.03346064076355405
247 0.04259438111262178
248 0.22885738909519038
249 0.19125511919226545
250 -0.04244536917719029
251 0.10216792357392111
252 0.02549738622923697
253 0.07629346063467439
254 -0.15023227166162828
255 -0.2318279347811306
256 -0.17466879953104938
257 -0.03685777589590066
258 -0.04648381183194931
259 -0.2953338520688435
260 0.034217514269605856
261 0.06535200208845231
262 0.3567805899460113
263 -0.2873299241241258
264 0.2940642642814129
265 0.19984107016770408
266 0.21115007592172683
267 0.05111840876625152
268 -0.030258625279514995
269 -0.06806316545704966
270 0.07286763818907602
271 0.03883958376624209
272 0.017629351476514517
273 0.018306927800251623
274 -0.0005002266139687815
275 0.005725412115535128
276 0.039880077975774066
277 0.03237863389066018
278 0.02867274791849482
279 0.02224314396859233
280 0.2974003455816048
281 -0.06855167286870766
282 0.07293686752543124
283 -0.30250526773405695
284 -0.10596161927386302
285 -0.058951501045453554
286 -0.038674970729190156
287 -0.0792023795637578
288 -0.09616256225385032
289 -0.021712717620545156
290 -0.007662143013686278
291 -0.03129383668685267
292 -0.032610927104887985
293 0.022067131715863518
294 0.02669245558715058
295 0.003014694919013548
296 -0.01821246269026978
297 0.019110467819714844
298 -0.01886590924305183
299 0.05759559376599617
300 -0.02651729946618252
301 0.017875403633125987
302 0.05626772032129621
303 0.06007732266058183
304 0.004075706322322575
305 -0.0071021032943012815
306 -0.060188135015626164
307 0.03254941385001538
308 0.03850351450232407
309 0.11614079474773528
310 0.06987405499189585
311 -0.01404697259021514
312 0.0007248584464021572
313 -0.21779403501865127
314 -0.2766883711499567
315 0.2919283394287001
316 0.25659932564513144
317 0.07340550714227666
318 -0.06267737241545408
319 -0.042102643570489456
320 0.08623252502642549
321 0.1290341408255986
322 0.021359414115911343
323 0.2923766447205249
324 0.08358738629772794
325 0.012198413994941128
326 0.3650972246245697
327 -0.0031305753577082784
328 -0.19433048774101447
329 0.3712563843132949
330 0.22151469596991957
331 -0.049132216757302075
332 0.37622253479114093
333 -0.10320134973203902
334 0.21226753953685704
335 -0.11629201079195127
336 0.37539374325210156
337 0.00030706959099379653
338 0.3247994872754986
339 0.2215338041036238
340 0.035762225828918
341 0.13841277052557655
342 0.2917520658903798
343 -0.08529501742653543
344 -0.027366751815583575
345 0.053814868098209845
346 0.10589259567492199
347 -0.1817909115395432
348 -0.1624137850410181
349 -0.1172250647195113
350 -0.09239487745420763
351 0.2212373671903887
352 0.30931799156632606
353 -0.4174668721957371
354 0.07988449422850072
355 0.02232974513756215
356 -0.07660967077572048
357 -0.04956243493931737
358 0.03248146133435584
359 -0.031178050961445335
360 -0.25075373119763134
361 0.015598625113572162
362 0.3052114119281104
363 0.25454047079613223
364 0.08254216146207888
365 0.4194614520435669
366 0.20137015303236527
367 0.1810582174470932
368 0.10063757620542291
369 0.1981039234514226
370 -0.09037536304815032
371 0.0006647963784035983
372 0.30129482514158124
373 0.1728009451838317
374 -0.02320034170731929
375 0.11538374738821107
376 0.03529981826864391
377 -0.0262348135900987
378 -0.07996952332531489
379 0.1427412728477424
380 -0.29931029769983364
381 -0.39826484326939193
382 0.013400159141275498
383 0.3052176226198661
384 0.0007415117358521971
385 0.052557228980084865
386 0.13487387117341282
387 -0.09925662595889351
388 -0.3178557727403957
389 -0.5174928029829742
390 0.06889442323855755
391 -0.12396215787464827
392 -0.21966764241650463
393 -0.18721088299369504
394 -0.04451109090696894
395 0.04983964227193151
396 0.1633525346952517
397 -0.185609908617246
398 0.10487468356075084
399 0.13374345010981764
400 0.10605023193448648
401 0.025976015839787977
402 0.04033461662122638
403 -0.06777553146841818
404 -0.0575872668002662
405 -0.002750214789855994
406 -0.17212163370900896
407 0.02712714992435115
408 -0.1469248686270498
409 -0.01910690264404364
410 -0.06786427813788486
411 -0.008056241044484784
412 0.14466970654027042
413 0.011149076041154723
414 -0.024458191979869322
415 0.07951723454003899
416 -0.021546134522488807
417 0.046613907675584716
418 0.09557150581108934
419 0.007981391355903852
420 0.1542696409124295
421 -0.011414868481441503
422 -0.11636735876971567
423 0.07696660844904847
424 0.02533627422837677
425 -0.09414230378181453
426 0.09192943085557351
427 0.01463987532820617
428 0.013746861779516345
429 0.10098310515353667
430 -0.3495267339030939
431 -0.20861570087087453
432 -0.032250692923346556
433 -0.04843423077146988
434 -0.05990821152455144
435 0.03523588566758928
436 0.13933980664585668
437 0.13298202139502213
438 -0.053654194114325204
439 -0.08240448164347725
440 0.037386802365993496
441 -0.05022205932827335
442 -0.03466000464736095
443 0.0024363780456590346
444 -0.017968223856135366
445 -0.20582098698906431
446 -0.01176785856692866
447 -0.09920752339577284
448 0.11572399865758969
449 0.09808133136695503
450 -0.02175163740980979
451 -0.13950803954609503
452 -0.03937154185088231
453 -0.09520669219627727
454 0.010946840051465968
455 -0.029003690060866456
456 0.12877690619600243
457 -0.010849209613454333
458 0.03263485835512484
459 -0.05089688198898627
460 0.014308195642181264
461 -0.1565937687814259
462 0.03637226610967083
463 0.024192451591641236
464 -0.215053135373144
465 0.13635890402796547
466 -0.18857427332947185
467 -0.16148673512571343
468 -0.04163707833657731
469 0.1684978556291689
470 -0.08239369692571136
471 -0.005197043513095955
472 0.033719018588530325
473 0.024535059630602308
474 -0.07404106471442437
475 0.021085853601984
476 0.1832841363915422
477 -0.019702113486841963
478 0.05497942320196302
479 0.11702799298483198
480 0.19014432769536874
481 0.029246546763016718
482 -0.005407185741870655
483 -0.17413196078344054
484 0.07295807611636446
485 -0.014142342916930086
486 0.15550430911172802
487 -0.01860529716733674
488 -0.11818133089060938
489 -0.017754928745979757
490 -0.08499319750712754
491 -0.09869445162132552
492 -0.008650017609884606
493 -0.1591810776999551
494 0.11169498285903098
495 0.4206849236001361
496 0.042116109289993556
497 -0.020808607752769263
498 -0.15619730189585906
499 0.05071301424811083
500 0.10103523695313976
501 0.13320950434557685
502 0.014800477902934211
503 -0.044105917726604854
504 -0.007752249419150526
505 0.049357042660777554
506 0.050199638239957836
507 -0.021405424537208763
508 -0.032201330957745494
509 0.13099707335315014
510 -0.04095002479198287
511 -0.0198135184029545
512 -0.03419950287429532
513 -0.22083388999246395
514 -0.22095737977065727
515 -0.16374014735888376
516 -0.1914980251924024
517 0.12935794038839005
518 -0.08819213847736312
519 -0.40536772338316934
520 0.24798583870882362
521 -0.17412658604032302
522 0.3429969066398213
523 0.22464824399674854
524 -0.13210660484387687
525 0.0735295547013971
526 0.07647252040811066
527 0.5567214573876654
528 -0.07079308513350752
529 0.06340879193312317
530 0.015767558380423433
531 0.22846245588297878
532 0.10901770540087162
533 0.04605738312148095
534 0.0033553509950672456
535 0.13481501504991994
536 0.0016190501156060411
537 -0.029875384140102015
538 0.01797665171883492
539 -0.09644831014620121
540 -0.1825741522333285
541 0.11646604586605142
542 -0.09949153208324403
543 -0.5192167178379653
544 0.3594854024459805
545 0.08217395194666581
546 -0.30123903899627696
547 0.059455976242875526
548 -0.05970270565945143
549 -0.09131907395347448
550 -0.1253701604803319
551 -0.04405976554233045
552 -0.06590260389311989
553 0.05066241203413626
554 -0.12084126584047415
555 -0.08722884699009202
556 0.08821932308632
557 0.009951707639730474
558 0.1029893217902348
559 -0.1986056507120191
560 0.16446280208802258
561 -0.1423654658301984
562 -0.09649133704798055
563 -0.11045339176455617
564 0.11494828493772712
565 0.1907503116934634
566 0.2746399491091107
567 0.14259814011548022
568 -0.4076909898902398
569 0.6103274320375494
570 0.3281026323629767
571 -0.12606816330978107
572 0.19702090858368818
573 -0.001014041559128759
574 0.09392628609036235
575 0.04078587786381915
576 0.12428345219573572
577 -0.05478364811532582
578 -0.03005604190988781
579 -0.07254841393641849
580 -0.08902478702405575
581 -0.09604703411620524
582 -0.029118374430495794
583 -0.08673931738911074
584 -0.12961814333132207
585 -0.04133078576621198
586 0.028743601513913183
587 0.01568639324078347
588 0.003459378173297115
589 0.1551060335710648
590 -0.059388370368576485
591 0.06529033749854064
592 -0.09767718607867645
593 0.11950453118757536
594 0.15539258470979833
595 -0.2597463239805594
596 -0.20658492357896394
597 -0.06815552169469744
598 -0.08548056154339223
599 -0.050206835277385266
600 -0.1478575709638426
601 0.3449291112312304
602 -0.015303473569610333
603 -0.3337253296550133
604 -0.3638878075746647
605 0.05980370012102717
606 -0.2886850885692916
607 -0.08304902240055557
608 -0.06373581918058918
609 0.0272983637231165
610 -0.01677082350738934
611 0.08138047448132389
612 0.01510441651457218
613 -0.6653369449561997
614 -0.3143800000475499
615 0.08293605507380136
616 -0.21586593175292523
617 0.058403469148919605
618 -0.058062970885771815
619 -0.09112223760444699
620 0.047239056507969925
621 -0.2179902310797146
622 0.18367857072081956
623 -0.03303133736921566
624 0.6415944755927665
625 -0.02577980366672399
626 0.07893765166843097
627 0.11087891619613596
628 0.1798357023554904
629 0.11366145142499907
630 0.16316483338012827
631 -0.02119770972447006
632 -0.12892865044502902
633 -0.1260037274457804
634 0.06948228305561704
635 -0.16370665742137525
636 -0.12572046499291936
637 -0.01914556841948473
638 -0.0053281196467010175
639 -0.02699114406704306
640 0.16533000395214012
641 0.12725727362245887
642 0.07357985389372261
643 -0.03642062920541395
644 0.05592943649488293
645 0.047091166601033
646 0.21042654267695812
647 0.2130634043321621
648 0.21457458083857675
649 0.10842963711292068
650 0.045363494454781744
651 -0.00756951532483469
652 0.13262909409089318
653 -0.052092462276248246
654 0.0973614601776843
655 0.1473605475248484
656 0.11197543365982814
657 -0.03581523076688669
658 -0.048568422365765675
659 0.11599117275462395
660 -0.015249963313116736
661 -0.04371646677326937
662 0.027770657207577865
663 -0.012399692452798063
664 -0.01180720287674151
665 0.08684946393532121
666 -0.03653567166602675
667 -0.05664123950370028
668 0.06287427317120561
669 -0.030589803429915047
670 -0.041337359581556404
671 0.05117282613300277
672 -0.04050319381736813
673 -0.06958655819713964
674 -0.13789639410123475
675 0.23471098098953355
676 -0.22630941075360658
677 0.15790075316742447
678 -0.1620348371800956
679 0.5193548603187134
680 -0.3184689940406568
681 -0.10450440557429502
682 -0.03940590492703212
683 -0.17901828758821345
684 -0.07941664752403636
685 -0.25011372558202516
686 -0.07525757022171085
687 -0.10544003908497081
688 0.038024082257032354
689 0.11638625883024002
690 -0.1253490224567808
691 0.09861362749846618
692 -0.13000264203723055
693 0.0011529473588146803
694 0.04033110671751338
695 0.007312768452768128
696 0.02798208249467152
697 -0.012172752819763561
698 0.004070006507015367
699 -0.016803412037691413
700 0.012574223497562839
701 0.058248472443251424
702 0.06535832758643555
703 0.0790667387715016
704 0.024034086785592743
705 -0.06563019045569604
706 -0.2227782914954527
707 -0.07285865046609755
708 0.1716227252480904
709 0.2109743127749708
710 0.05097411843403691
711 -0.09155132339005133
712 0.060308245582892085
713 0.1767923838864771
714 0.20330651441457073
715 0.01097373974803972
716 0.2899635498086188
717 -0.024974387160553682
718 -0.034306232228358054
719 -0.3101195317961561
720 -0.1424850713159144
721 0.12602023200074322
722 -0.1596315672407063
723 -0.23776786911352382
724 -0.1763403992227626
725 -0.2110529606584169
726 -0.25943162619444754
727 -0.036619222758650094
728 -0.05395471680237939
729 0.08870690609513313
730 0.036845687755840864
731 0.05201116570067625
732 0.027393218617878193
733 0.11764488180246581
734 -0.06049128809512791
735 -0.09420155547918022
736 -0.16628649056981526
737 0.2143425630487384
738 0.013450070800170005
739 0.04095269489812425
740 -0.10138172672966389
741 0.0942472010181222
742 -0.08782400355042348
743 0.15557817553109862
744 -0.1299038601134654
745 -0.032886855167313565
746 -0.030626121525299605
747 0.02143122136251479
748 0.03189160601292798
749 0.04608087386316298
750 0.03763155909213596
751 0.08759595586394205
752 0.08970385064937739
753 0.18945316377413848
754 0.1208078105274239
755 0.23060288811168847
756 -0.4052263685408233
757 -0.37670458194832157
758 0.14357203758981188
759 -0.46174463875856153
760 -0.1153858430004288
761 -0.1634550904524874
762 -0.20142295248054723
763 -0.009253343882568143
764 0.038807189565346484
765 -0.01579194941941258
766 0.006167510192478061
767 0.031156294557651162
768 -0.09571501259176739
769 -0.015552905710942345
770 -0.022317252135861228
771 -0.038786612536990867
772 0.03588131066303907
773 -0.03608991735710698
774 -0.017913564658029648
775 -0.003736510861718851
776 0.028090736088610183
777 -0.08370343440948814
778 0.032975775325755574
779 -0.05029160547381886
780 -0.02015882326084598
781 0.22240873061199784
782 0.1917458466683492
783 -0.20794462635245295
784 0.11325957421683573
785 0.08996326897577758
786 -0.18786320817163737
787 0.07472649631616632
788 -0.03073588947109165
789 -0.0925393796180709
790 -0.09842949695121754
791 0.024526104819626058
792 0.04541822059713832
793 -0.02079087815305608
794 -0.17343515418411284
795 -0.008818278745890827
796 -0.12039579947295931
797 0.025814488149148825
798 -0.07517842823388957
799 -0.17319192382147142
800 -0.01751755197990336
801 -0.08313720181515222
802 -0.1274979595824627
803 0.05303122352394895
804 -0.07935032006245268
805 0.03382074212334186
806 -0.15602257349058912
807 0.06738460118158392
808 0.049771045102597965
809 0.011610547492444716
810 -0.05583017769109063
811 0.18286941287661235
812 0.371559230267284
813 -0.34504429341796516
814 0.3667779609594968
815 0.44111463658050387
816 -0.23910055281819254
817 -0.0790361789194016
818 -0.08776262644149992
819 -0.006404731235740087
820 -0.058489160247741215
821 -0.016816686134522703
822 -0.027562303101008136
823 0.30543599574252783
824 -0.0792731600875246
825 0.07055811717594156
826 0.026950291780728174
827 -0.2157964665958195
828 -0.06325608454423222
829 -0.013720723437607182
830 0.11084305959040296
831 -0.04301896658883411
832 -0.06454187669032065
833 0.23549320297412266
834 -0.5222143306172137
835 -0.010877800747424839
836 0.25103919216083803
837 -0.021252240766841884
838 0.47963373470944043
839 0.7095313932344608
840 0.44195197165217204
841 -0.037488689559569056
842 0.5157214849860499
843 0.13692006002071452
844 -0.15101702385297552
845 0.2016684871643761
846 0.29300442851038605
847 -0.357047097559871
848 0.3444602503673618
849 -0.37898792113775026
850 -0.04097937855987246
851 -0.16244996783244142
852 -0.11310353896585902
853 -0.15636685487027957
854 -0.03983913726088291
855 -0.08304867791335355
856 -0.09063020061245454
857 0.07281435199764069
858 -0.06982523744684872
859 -0.014897483161705602
860 0.010765702727525034
861 -0.04384416759106816
862 -0.03887932271267042
863 -0.036714270860112946
864 -0.018463115986022564
865 -0.08976166944801581
866 0.05387404221842936
867 -0.04080565246783338
868 -0.0012097468370151476
869 -0.03023082098550754
870 -0.04066489369273055
871 -0.1453072381908666
872 -0.12599587311365365
873 0.045312761922307605
874 -0.05872793444256761
875 0.09850120254600082
876 0.010957844507522487
877 0.10387066589441489
878 -0.06415061785676257
879 0.026656878399083938
880 0.18030673465342234
881 -0.03408213598000462
882 -0.02007204079830897
883 0.4021352189529804
884 -0.6465847039532134
885 0.40710305485211207
886 -0.5531374386443904
887 -0.4079259069520042
888 -0.39821003991446047
889 0.04120136968159122
890 -0.3263194530078642
891 0.28052011601494486
892 -0.11988538253417731
893 -0.17619961069273396
894 -0.28157292812843115
895 0.3807162837627461
896 0.2795061995176836
897 0.07561654257170973
898 0.08375779384125458
899 -0.07063299668705297
900 -0.1007648381191459
901 0.10276965103404426
902 0.006349692269806518
903 -0.0024951426058972127
904 -0.18493428336245715
905 0.11723610627989725
906 -0.005562032696732161
907 -0.04471382694240575
908 -0.04150001033237112
909 -0.11792341661946414
910 -0.08193050554916778
911 0.033416657352000216
912 -0.015096919882078362
913 -0.05396146804960243
914 -0.13315066612112875
915 -0.08668469089487006
916 -0.04900962840757276
917 0.022419672701408048
918 -0.03843591224236612
919 -0.007969860288027413
920 -0.03528783550966264
921 -0.010945562413196648
922 -0.027592983836530773
923 0.05414456574158651
924 0.012084072066735126
925 0.07799835182908453
926 0.008061200250557322
927 -0.0035659229269866715
928 0.015653999899464442
929 0.04237959945918435
930 0.057100031007925524
931 -0.025583189683083467
932 0.034140343404171894
933 0.10469346022766196
934 -0.02518884545904704
935 0.009611380644284052
936 -0.006027399042075271
937 0.013611005886932107
938 0.05126482679868949
939 0.02225130145293925
940 -0.021434444850415006
941 -0.017114701870679934
942 -0.07389561619428853
943 0.21377020984230852
944 0.19902163544593043
945 0.25983481977318296
946 0.17015190548519302
947 0.14843990176685196
948 0.010411584003385703
949 -0.14234701058961305
950 -0.016868698062766797
951 0.00488430771007558
952 0.05844856974893218
953 0.033959137751905316
954 -0.023207697656658685
955 -0.03541811405484655
956 0.012130383903462822
957 0.0207585197783396
958 -0.024092042787244736
959 0.050413399510935736
960 0.040278409413083305
961 -0.03495018024760355
962 -0.009072340077018732
963 0.022137192909893667
964 -0.0860883841777584
965 -0.1309083909016011
966 0.10994234733464903
967 0.025653744866348152
968 -0.013876406767412398
969 0.040854368440686524
970 -0.10360004476340703
971 0.0038977300240179156
972 0.0027579274609915183
973 0.07205878017647215
974 -0.04712730797669407
975 0.13408378667162885
976 0.026487879198752298
977 -0.07513341947206575
978 0.038588747525462805
979 0.006114603737546068
980 0.08473836862004895
981 -0.058108399328420116
982 -0.19208234601880228
983 0.14408373438867939
984 0.03509424882816557
985 -0.013836099385519794
986 0.03224725527244312
987 -0.01622431544939007
988 0.0362883684531235
989 0.040298045813923426
990 0.003915458214673997
991 -0.024309843138458
992 0.08446674750738303
993 -0.029287797392213984
994 -0.025569640736783767
995 0.05387014168396843
996 -0.06220259230736875
997 0.052142650112201164
998 0.02152433198786313
999 0.027313903639150372
1000 -0.09762139889591172
1001 -0.007797722564625807
1002 -0.0054532596519839055
1003 0.0064195230124005145
1004 0.06974993822153903
1005 0.022104734591149904
1006 -0.035609856191375744
1007 0.0005480991385614107
1008 0.03147425296008132
1009 0.01988333966226323
1010 -0.045863647812670265
1011 -0.023555615217460264
1012 -0.06794277656442693
1013 -0.05438731471843854
1014 -0.08117261188321143
1015 -0.077235687156412
1016 -0.037814907054209854
1017 0.05326345320386343
1018 0.05107907032371872
1019 0.05016963391395997
1020 0.020227269900902015
1021 0.02955541176312538
1022 -0.049998130802414505
1023 0.032276207972472555
1024 0.05133372410399124
1025 0.010270199731738146
1026 0.13785414656891173
1027 -0.12381117251526191
1028 0.05426226910311572
1029 -0.07244010716554866
1030 0.09715400517833156
1031 0.3432327421777873
1032 0.2067650257059779
1033 -0.15548471608704706
1034 -0.47646270440234706
1035 0.15795811698716847
1036 -0.0905579382296273
1037 0.24071312581172064
1038 -0.0691462603633986
1039 -0.1130962219185447
1040 -0.12632386113401362
1041 0.16686093019881987
1042 -0.3082312524217289
1043 0.3951566366238906
1044 -0.18820123031164643
1045 -0.03096465684517029
1046 -0.2138420066948713
1047 0.07750725076780472
1048 -0.0318388384026253
1049 0.008222272991834704
1050 -0.06334777882186725
1051 -0.04460704224739759
1052 -0.06799635020440441
1053 -0.2767449301508757
1054 -0.2358282788685275
1055 0.02389708332480431
1056 0.11534202285243389
1057 -0.030878503696458347
1058 -0.04450163045871668
1059 -0.010992355053213314
1060 0.04620323524741629
1061 -0.1393524593098617
1062 -0.020333538239376003
1063 -0.14678579926356797
1064 -0.035040485526417586
1065 -0.0023245731422851714
1066 0.10940988453350407
1067 -0.03934390737872766
1068 0.12308368944307174
1069 -0.05183333541908113
1070 -0.05939141294745953
1071 -0.2893424180327205
1072 0.11727054239043005
1073 -0.27887756080848414
1074 0.22852013275074276
1075 0.15106103704974627
1076 0.09452003494186757
1077 0.0401319951545616
1078 -0.16707675216737458
1079 0.004475177264607828
1080 0.07960467023513067
1081 -0.06090139069577302
1082 0.11968713374588368
1083 -0.03947089666587827
1084 -0.07358616558270988
1085 0.1565490887275332
1086 -0.06849038372615782
1087 -0.007649189760652627
1088 0.023895449283953252
1089 -0.01267099573417807
1090 -0.05324333993948516
1091 -0.0206610267202624
1092 0.015670338742280836
1093 0.09224943718709004
1094 -0.015020688695655439
1095 -0.03295692559275967
1096 -0.018332775477551234
1097 -0.09846893624932153
1098 -0.1926669594642662
1099 -0.20141725808263097
1100 -0.2906750113222099
1101 -0.024366184009537606
1102 -0.08081370473314756
1103 0.021522298828079746
1104 0.016000494474191388
1105 0.030749073921466634
1106 -0.08560696806316809
1107 0.018934026923257158
1108 -0.015131282389767086
1109 0.11472103627266064
1110 0.03430209437068429
1111 -0.04597774337424432
1112 0.03282116970840271
1113 0.08869743001260447
1114 0.02462916635782384
1115 0.08897981802775567
1116 0.2027405428158657
1117 -0.0542629235688576
1118 0.168019238268782
1119 -0.03220591431948368
1120 0.06439013487959187
1121 0.1314352684003503
1122 -0.048691525210658546
1123 -0.07383369382483435
1124 0.18592341888344646
1125 0.1642148650489682
1126 -0.07460432786204073
1127 -0.053237401935675624
1128 0.12091596605473336
1129 0.08468481604098296
1130 0.061029318703604694
1131 -0.17134706335838187
1132 -0.12104958070191778
1133 -0.128829786038083
1134 -0.04995889744735591
1135 -0.07719277003053655
1136 0.09326634843365547
1137 0.04501135482539533
1138 -0.4159838830363253
1139 -0.3758238161133079
1140 0.12105226325914484
1141 0.09219954409809848
1142 -0.11342319691061442
1143 -0.009957759286134273
1144 -0.017551155982020727
1145 -0.004503017329934954
1146 0.11434824157278795
1147 -0.017020458738415154
1148 -0.0656528063662992
1149 -0.0766453721059932
1150 0.3799343305738086
1151 0.08857422311103208
1152 -0.019894472238408106
1153 0.18489871230197688
1154 -0.04507050794259815
1155 -0.02948200748825292
1156 -0.011013035762236747
1157 -0.2585083107460775
1158 -0.051643161567058886
1159 0.07758102189173485
1160 0.0619585321315584
1161 -0.10952027244932178
1162 -0.216124306036453
1163 0.14994688695333627
1164 -0.32550472251551527
1165 -0.025565946227027046
1166 0.1126260746602838
1167 0.18297469881910583
1168 -0.2462869011640412
1169 -0.20552502670925366
1170 0.22336992330125902
1171 0.047747543306087124
1172 0.02558435838375696
1173 0.07024395883034851
1174 0.03939093309822309
1175 0.03795776202298744
1176 -0.03165537095204091
1177 -0.026083447311057894
1178 0.09123452400041847
1179 0.14967267019031344
1180 -0.05402472241223181
1181 -0.03009429262808633
1182 -0.2278625628775162
1183 -0.009350353293252485
1184 0.07716326197251877
1185 0.044033348460688446
1186 -0.14660104508892796
1187 0.1447009095349224
1188 0.2557867897099644
1189 0.23737767018216005
1190 0.07775245937663768
1191 -0.026827313534945326
1192 0.18590190498702566
1193 -0.020526210165741316
1194 0.027391833913583536
1195 0.010198537868519014
1196 0.019485269399558927
1197 -0.0017012829734557732
1198 -0.03360423471969197
1199 -0.022295283199265957
1200 -0.02828764801921593
1201 0.049301498565039396
1202 -0.0649960784378839
1203 0.13741089612726798
1204 0.020852802262070248
1205 -0.01990020548837573
1206 -0.06988933115295617
1207 -0.1758083920803105
1208 -0.17398348430562932
1209 -0.010953261830175599
1210 -0.01780743575778738
1211 0.1169668741624973
1212 -0.039891242989778
1213 0.44527086741386723
1214 0.030614882179323236
1215 -0.29497164428598277
1216 0.05323323657814449
1217 0.06489493687098044
1218 0.2993560988299131
1219 0.5807477482082821
1220 0.18889145507044713
1221 0.11865109729083756
1222 -0.17186206155746805
1223 -0.18694888923423536
1224 -0.2258130013948056
1225 -0.22512090952300884
1226 -0.09459220750824546
1227 0.16398069109557523
1228 -0.043832570023205376
1229 0.020510977734604335
1230 -0.12101362803579542
1231 0.029699860641876748
1232 0.027280859307488966
1233 0.020250156537585957
1234 -0.04781445754942472
1235 -0.045695806248568394
1236 0.002556489126500642
1237 -0.016526510789069228
1238 -0.015381397704016891
1239 -0.04410102658144212
1240 -0.15956088911102287
1241 -0.21241400232044325
1242 0.07180837162397023
1243 -0.03361845257098867
1244 -0.31337324504808234
1245 -0.013774961217923851
1246 0.16103717956948302
1247 -0.06230140563522798
1248 0.013819518483995406
1249 -0.09663652641672528
1250 -0.01601958527277067
1251 -0.02740181542126098
1252 0.047220355154436934
1253 -0.04252328520397059
1254 0.0072693130316562075
1255 -0.00978020606141005
1256 -0.18926644473273677
1257 -0.01378496975664371
1258 0.05605527747297465
1259 -0.08336912130050975
1260 0.09181238950084152
1261 0.019566729331245352
1262 0.0448386608269584
1263 -0.03673900313212163
1264 -0.031773610523500646
1265 0.07256586403759328
1266 0.15655315270322176
1267 -0.2606961529107642
1268 -0.34367523699890357
1269 -0.12735889231430314
1270 -0.41187016842833885
1271 -0.140516476905238
1272 0.052197751913620756
1273 0.1678249663668748
1274 -0.051774273002003636
1275 -0.1657485234786367
1276 -0.02486069876238461
1277 -0.0050309924305662074
1278 -0.05125376949070863
1279 -0.09840115472979957
1280 0.20049242419270247
1281 -0.10859177563129571
1282 -0.3195397858738008
1283 0.09915715150765979
1284 0.4286696543648876
1285 -0.1798454271762896
1286 0.016154699416670387
1287 -0.4366070641650264
1288 0.2204955527383286
1289 -0.32178613372816656
1290 -0.20906435574120555
1291 0.2552000653860912
1292 -0.0876831065194261
1293 -0.25329477310776727
1294 -0.03611602703755877
1295 -0.04152071376028698
1296 -0.06289400689616664
1297 -0.12444742344182338
1298 0.11002105973624383
1299 0.332331403177287
1300 -0.16485882106466976
1301 -0.06115964941983776
1302 -0.20277489182418837
1303 -0.2068266404943049
1304 0.1969372744168957
1305 0.13383238563940142
1306 -0.22161175912276818
1307 -0.028644030130640014
1308 0.053755139113729145
1309 0.07670362582374479
1310 -0.05307629264950277
1311 -0.2339786110111456
1312 -0.040476866293025576
1313 -0.04729216153029179
1314 0.0649720102416934
1315 0.08435015365490242
1316 0.10347648286192289
1317 0.13043355601711357
1318 0.16708464239583085
1319 -0.043071237793070996
1320 -0.0009430974199896763
1321 0.026993435067536115
1322 0.20782838786395916
1323 -0.3230762485870835
1324 0.4166227292199873
1325 -0.12105300766090955
1326 -0.3361239176310868
1327 0.39501228294337637
1328 -0.19703174807118803
1329 -0.011908012019948937
1330 -0.05161833828509086
1331 0.02673075128264105
1332 0.10450272710349694
1333 0.23326298459635442
1334 -0.000860111248162668
1335 -0.08537109842317543
1336 -0.03579953664795682
1337 0.0021384560885844973
1338 -0.00446380905158568
1339 0.0016141394942806924
1340 -0.025906660213583926
1341 -0.06903400533578745
1342 -0.09749123243419451
1343 -0.030779015504401496
1344 -0.03941613280833903
1345 0.01313139548411751
1346 0.00027341523521827584
1347 -0.07840009178363133
1348 0.006252134960287607
1349 0.08888287654135131
1350 0.08748045167312292
1351 0.0271899894933823
1352 -0.015987400396621682
1353 0.08459647925902734
1354 0.17497235488835775
1355 0.2580359878657348
1356 -0.3732032663569687
1357 0.4075807120793101
1358 -0.1888320754798153
1359 -0.184036799660703
1360 -0.2120421307022033
1361 0.07052509263604843
1362 0.08643749392155763
1363 -0.20512983442109478
1364 0.06000442982070343
1365 0.16492335574563052
1366 0.07007480093870953
1367 0.06643017091832461
1368 0.11944423696036612
1369 -0.003000352723896095
1370 -0.041782966116708904
1371 -0.037903375062070394
1372 0.09740391829252948
1373 0.04169372654908413
1374 -0.07580917270587177
1375 0.04101756375682161
1376 0.011688001058554637
1377 0.10283948849183842
1378 -0.1466286633693921
1379 -0.08743094125312524
1380 -0.0762721773062901
1381 0.0026062145639714133
1382 0.027753854789110834
1383 0.03726228048144162
1384 0.05375454695193292
1385 0.034891072949404245
1386 -0.09205357904913655
1387 -0.0544327209537425
1388 0.04278049812052488
1389 0.021924345462949125
1390 -0.10881914865013911
1391 -0.24947131005024908
1392 0.07921570129427838
1393 0.028325799166580196
1394 -0.24529121073121266
1395 0.15783524339089053
1396 0.08783711532015812
1397 0.028902615199090296
1398 -0.10109912465562818
1399 -0.01512974509857995
1400 0.18245478618758143
1401 -0.06434976647355416
1402 0.16639158251946634
1403 -0.08016742343806268
1404 0.06115527582531875
1405 0.022192182667903345
1406 0.026006049588957456
1407 -0.1067477623577638
1408 0.04335585260978895
1409 0.17229244001770191
1410 0.1409280991127179
1411 -0.07828323758546682
1412 0.10983923774437082
1413 0.030243451109063912
1414 0.06029816851325093
1415 -0.00419955820672756
1416 0.0328574256296979
1417 0.047898681362797416
1418 0.06413363865519722
1419 -0.014407272953650154
1420 -0.04186265573082382
1421 -0.07549607490052092
1422 0.042010829707396176
1423 0.04683013303712373
1424 -0.02400616111967798
1425 0.12452209520499138
1426 0.2692537868825331
1427 -0.09245197336479889
1428 0.059763540795885944
1429 -0.333195151181632
1430 -0.14965059346474785
1431 -0.13807837581302562
1432 0.01771605545973027
1433 0.10558938736654193
1434 0.01512090647023168
1435 -0.0641777543304805
1436 -0.23394773450092293
1437 0.12127634343348598
1438 -0.06130672814459755
1439 0.11553642316928593
1440 0.039210245114972994
1441 0.005630552783882524
1442 0.26895201631498294
1443 0.09205165122105503
1444 0.013788495583247963
1445 0.11655374249171885
1446 -0.014913252192113887
1447 -0.05173469626827363
1448 0.04026162704333896
1449 0.10109698350296205
1450 -0.0003657774917132867
1451 -0.04100223657217041
1452 -0.02803742268359706
1453 0.045177421726826164
1454 0.03412426316489568
1455 0.05382183405592767
1456 -0.01837239051713174
1457 0.1022058662833781
1458 -0.030095081434485593
1459 -0.19364543551061048
1460 -0.27672837107618636
1461 0.40204570906490944
1462 0.21598197073400208
1463 0.11020947948216493
1464 -0.16091852891609423
1465 -0.11695458204204169
1466 0.16111107006410055
1467 -0.036407014116649004
1468 0.07427350039858648
1469 0.37124583042611836
1470 0.09530182468804836
1471 -0.008701387859184092
1472 -0.014086108432930332
1473 -0.026136491943995352
1474 0.0724118954276589
1475 -0.1188030081755659
1476 0.16840679790437033
1477 -0.2290272370886963
1478 0.3753909974064669
1479 0.05608982546994334
1480 -0.3516944695651432
1481 -0.1999279670943948
1482 -0.020592366961459302
1483 0.05369741216418159
1484 -0.07082506276708331
1485 0.0410069894126722
1486 0.05813347813709211
1487 0.07374478619782886
1488 0.19206573863330517
1489 -0.10025683296018363
1490 -0.11220499833862688
1491 0.2272157228152073
1492 0.06247725350344269
1493 -0.060420191892644005
1494 -0.1157621099274698
1495 -0.03606792573672748
1496 -0.021696472442034133
1497 0.13567655651305777
1498 0.28267409766455737
1499 -0.38989592111321475
1500 0.15268563477227287
1501 -0.017020100291625553
1502 0.020584183617161217
1503 -0.05967245540207761
1504 0.002549605504321284
1505 0.018268622530479832
1506 0.06371496666839145
1507 -0.08279334332355537
1508 0.13902635253940662
1509 0.32272818803924497
1510 0.1132156135227604
1511 0.08475804964128841
1512 -0.08460914978003244
1513 -0.024655820407812716
1514 -0.07316133032788318
1515 -0.15110340810307307
1516 -0.0724715316482318
1517 0.11087046962490069
1518 -0.026297868373747008
1519 0.05873695233914995
1520 -0.005208257525075828
1521 0.04595593384876919
1522 -0.02910250959554202
1523 0.02625364668009626
1524 0.0675894153911204
1525 0.053449956798339214
1526 -0.0809723454675575
1527 -0.026006723667405196
1528 -0.06385168512127078
1529 0.17205256312283704
1530 0.03629346897295076
1531 0.10509568246630863
1532 0.01971991585888868
1533 -0.049957203226013235
1534 0.1888121427622117
1535 0.25066168820385304
1536 -0.1674217180810453
1537 0.04253669954805998
1538 0.3467850740550932
1539 -0.00040866186642885336
1540 0.05401351522110879
1541 0.12532357171415534
1542 -0.11503668917681399
1543 -0.14755767798728078
1544 0.10007800166847457
1545 0.135760652189395
1546 0.07960872873397994
1547 0.05924409909051925
1548 0.16889158065529908
1549 0.19159153371142507
1550 0.061372643269609464
1551 0.21882870680384017
1552 -0.005497569069935158
1553 0.013644404425404901
1554 -0.06686482752629115
1555 0.004408519920914953
1556 0.007323232857983818
1557 0.007352493964467512
1558 -0.0024126405406398018
1559 -0.054512472253755904
1560 0.02988637036718506
1561 0.09866464249801637
1562 -0.02511491687685855
1563 -0.011338722182117369
1564 0.049773779659955414
1565 -0.02544977020646468
1566 0.06604037342023795
1567 0.06634031054578476
1568 -0.17040114179514107
1569 0.23655588288703042
1570 0.12271642478086534
1571 -0.06272909624685599
1572 -0.0026472601645251346
1573 0.11531538575161897
1574 0.038764171385852
1575 -0.031162191873987888
1576 0.14683441548161402
1577 0.0566579545416159
1578 0.07099238476675607
1579 0.06854577226103113
1580 0.040459291469376074
1581 0.07077235590316758
1582 0.1543993534980552
1583 0.17280917240380647
1584 -0.07960988646782093
1585 -0.2411710581390039
1586 -0.020376241532574824
1587 0.03038836743637967
1588 0.0197518627357373
1589 0.051170187426028066
1590 0.10898256681526763
1591 0.0007032937585161815
1592 0.004711610797430535
1593 0.10166671805108923
1594 -0.07902984342127534
1595 -0.04441479959956605
1596 -0.02069416140579283
1597 0.08154231581061738
1598 0.12339202641425828
1599 0.07192958592740978
1600 0.034795494642451484
1601 -0.0562775694219957
1602 0.047821824642811504
1603 0.09889903703584385
1604 0.01712045006025359
1605 0.04525919785010655
1606 -0.06440341884596174
1607 -0.27564843371671943
1608 -0.028574671794615748
1609 0.04521195007214335
1610 -0.271680581097891
1611 0.10707692974088685
1612 -0.2234313079473963
1613 -0.23584779504844572
1614 -0.14870558036689718
1615 -0.04934407785600363
1616 0.07661489249536052
1617 -0.033934118816594694
1618 -0.0405387639135652
1619 -0.09579370121953397
1620 -0.31543125547819223
1621 0.1031351478444488
1622 0.12997698413933662
1623 0.008200599691779354
1624 -0.09583387283420687
1625 -0.16099730383710253
1626 0.5937127369380878
1627 0.08537579349188237
1628 -0.2531299262187362
1629 0.06515573700546018
1630 -0.1531894152333134
1631 0.3594200014537021
1632 -0.04645536006731439
1633 0.15024348273968607
1634 -0.2809413612375302
1635 0.022860836470229046
1636 0.011244990370318451
1637 -0.00344848184908029
1638 -0.01566006376068397
1639 -0.07379164760523767
1640 -0.13420254040628798
1641 -0.05055022998480256
1642 -0.0026720092395369085
1643 0.03430803970614967
1644 -0.06568659315296835
1645 0.09226165130715103
1646 0.08556311789835662
1647 0.01669432456517514
1648 -0.03078098390970158
1649 0.023920905156749873
1650 -0.0768527189960207
1651 0.12773041739359273
1652 -0.03225534106526398
1653 0.03165206154144816
1654 -0.02472271688246107
1655 0.22917599261142246
1656 0.002939602904361675
1657 -0.0063168907800305405
1658 0.01991408925325125
1659 -0.08258012684198587
1660 -0.2517284560981878
1661 -0.17180152958367978
1662 -0.21817648617348775
1663 0.21698362427146575
1664 -0.2710290926861968
1665 -0.2696353383855904
1666 0.15957289724316007
1667 -0.18152226279429753
1668 0.11246626436966725
1669 -0.08571725058485698
1670 -0.2689034855740533
1671 0.2961306934296974
1672 0.16595748969037222
1673 0.3598878097355367
1674 -0.18626049986167387
1675 0.058520205914107476
1676 0.11843501782646515
1677 0.1609713776413019
1678 0.11045460823816586
1679 0.15257016739181714
1680 0.04961468159864775
1681 0.06166896245290613
1682 -0.0023641033988885322
1683 -0.059431396836733465
1684 -0.07195615714831062
1685 0.06329272745466298
1686 -0.01712792975512651
1687 0.08084450390850031
1688 -0.13078716825017792
1689 -0.13052320762437827
1690 -0.39015685338222417
1691 -0.16881371652595886
1692 -0.1360778988578687
1693 0.12078828016860574
1694 -0.15552798444320556
1695 -0.005160222751279413
1696 -0.17708958263343372
1697 -0.05640811546181868
1698 -0.16088151872639253
1699 -0.08451131574466805
1700 -0.03421171594395996
1701 0.3951248791669411
1702 0.1566061308436601
1703 -0.34251277815752307
1704 -0.38287735321409433
1705 -0.15159621662930992
1706 0.5993782933375819
1707 -0.0012001847079440371
1708 -0.19328111908326132
1709 -0.3246406512325555
1710 -0.18131598068521998
1711 -0.07379466674513867
1712 0.002561619488759372
1713 -0.11086992656655184
1714 -0.08190034872694178
1715 0.6637306792715939
1716 0.21345235578160823
1717 0.3188694440545343
1718 0.06701589557432637
1719 -0.04754523704059369
1720 -0.009699767403140134
1721 0.09572999985440361
1722 0.19105835012271674
1723 0.02477686772469751
1724 -0.030963588043993056
1725 0.0177044588025794
1726 -0.08643052818451835
1727 0.014957380771753603
1728 -0.047958802441473894
1729 -0.08901538700532959
1730 0.07668203690422702
1731 -0.1551561364652859
1732 0.18745758816162922
1733 -0.06387022208167922
1734 -0.14357280932815167
1735 0.07207110603433725
1736 0.036724781865225535
1737 0.028176849934997486
1738 -0.21305483096536676
1739 0.09984647430666892
1740 0.03196500884721006
1741 -0.31432777326779165
1742 -0.2172956560816804
1743 -0.15721641746245732
1744 -0.19159466556405214
1745 -0.1827968808537303
1746 -0.07775621180440138
1747 0.39251505299500766
1748 -0.05038860556440918
1749 -0.38514344473494283
1750 -0.29255358163521894
1751 0.10533186448254932
1752 -0.41679478264507497
1753 -0.1970758538332059
1754 0.06878945156259296
1755 0.17193453579913334
1756 -0.026457378642432815
1757 0.13548567573507841
1758 0.08547740709617406
1759 -0.6802059732848851
1760 -0.024954719251768797
1761 0.11116073314026878
1762 -0.1117450835165678
1763 -0.02113750221105162
1764 -0.056485617283638496
1765 0.15607487078850424
1766 0.055009495413151505
1767 -0.14435264344185525
1768 -0.24015536540383242
1769 -0.3776006747988219
1770 0.06934245531233929
1771 -0.15477767074197749
1772 0.008250559755388867
1773 0.14653952083425043
1774 -0.03159862072215341
1775 0.08124693245213864
1776 0.13553720630809135
1777 -0.07280248987535823
1778 -0.3505720481654878
1779 -0.48198329771615334
1780 0.31725712270937817
1781 -0.28252522130285157
1782 -0.24498225564672127
1783 0.31966827296095557
1784 0.016554063891268136
1785 0.12226715492614901
1786 0.0936936334896619
1787 0.03582043917980894
1788 0.013263675341170534
1789 0.01655071878656958
1790 0.021544610291956454
1791 -0.1055203450516988
1792 0.10952326465487265
1793 -0.06810278784417531
1794 -0.01050403231540699
1795 0.16492174299730689
1796 -0.02581663082052161
1797 -0.005460102840865383
1798 0.12821559874869562
1799 0.01336385722018767
1800 0.03785803559975207
1801 0.12599536615740664
1802 0.033310496024116946
1803 -0.04102382059315027
1804 0.03165219939282049
1805 -0.06405109500135582
1806 0.006490585578461724
1807 0.016194670994511388
1808 0.011268778474153607
1809 0.029067900740860957
1810 0.007620741040705211
1811 0.07076331932101686
1812 -0.007281131039425252
1813 -0.030397921094801238
1814 0.012942594220855029
1815 -0.013035164048406293
1816 0.03258373061026981
1817 0.0057430609819007754
1818 -0.020607168406122256
1819 -0.05289730144928838
1820 -0.1417700449068836
1821 0.07242613982113318
1822 -0.02885185219417364
1823 0.03361867901366938
1824 0.19660223978408284
1825 0.17233827913947192
1826 -0.17131062612755862
1827 -0.23089460380423799
1828 -0.06662090703697644
1829 -0.2890223824330517
1830 -0.19624587397077708
1831 -0.07823545078701967
1832 -0.12929649799114684
1833 -0.03497728630320462
1834 -0.025769133858569993
1835 -0.013069754795468055
1836 -0.13453801281565503
1837 0.12643986882661792
1838 -0.08616430104553845
1839 0.01762838992775325
1840 0.01770983579411326
1841 -0.020786134792089503
1842 -0.009270863985671755
1843 -0.016444135662201317
1844 -0.030194321687891768
1845 0.0745175759680244
1846 0.11702381314458446
1847 -0.11317789214196049
1848 -0.0853261754947583
1849 0.15256094228263692
1850 0.20501964418109933
1851 0.044221071003856
1852 -0.2067457028128787
1853 0.03657358451851532
1854 0.007455658838647956
1855 0.1575369760919721
1856 -0.008336857620618306
1857 -0.1427662669090346
1858 -0.11031029097347131
1859 0.1904618334744307
1860 0.26494309057099685
1861 0.04226289214204925
1862 -0.036678839492649516
1863 -0.14540164030147767
1864 -0.17047507223932262
1865 -0.2941018874103648
1866 -0.16128307666507563
1867 0.05435632473969737
1868 -0.12671482534710543
1869 -0.05179617050252587
1870 -0.008232227797433262
1871 -0.1272797493168952
1872 -0.164024115705634
1873 0.033903138208679066
1874 -0.032283450301509364
1875 0.46220771754284495
1876 0.05233806832916083
1877 0.06636768487505525
1878 0.04771654073973167
1879 -0.053495383584522924
1880 0.06121502411056488
1881 -0.013810222057603825
1882 0.020283410446123685
1883 0.07137544828298813
1884 -0.07112160400889452
1885 0.035720244295105126
1886 0.039438919115195425
1887 -0.0003428235719805746
1888 -0.046577751293628455
1889 -0.08890036996999526
1890 0.11576105069743803
1891 0.1002926324523725
1892 0.019733028208275608
1893 -0.01314513502356014
1894 -0.005317096297833394
1895 0.010573468396199144
1896 -0.0016809314292902389
1897 0.0025671658569315576
1898 0.04073650414776356
1899 0.07762798475243968
1900 -0.0643676826945804
1901 -0.038736641841811865
1902 0.16186928994715105
1903 0.19370871187835664
1904 -0.10009585080565575
1905 0.10707887416628982
1906 -0.3162404223815901
1907 -0.09928072112199765
1908 -0.07727262261665027
1909 0.050598856003762356
1910 -0.08512999548150403
1911 -0.06663798856605892
1912 -0.04467787372380349
1913 0.046751679889592127
1914 -0.03795291427298084
1915 0.019806684904354385
1916 -0.11043181632722829
1917 0.012087499217221513
1918 0.029936434924691287
1919 0.009201979716236599
1920 0.060492960944829484
1921 0.006594688055947407
1922 -0.009726651860573188
1923 -0.06769913880184471
1924 0.016053769294380366
1925 -0.08349642445640791
1926 0.02044611005189528
1927 0.02490466652207468
1928 -0.07879960502939032
1929 0.06743359273932578
1930 -0.08628431073153289
1931 -0.04460780566938674
1932 0.05608994158580461
1933 0.11074402396473601
1934 -0.03572938871993183
1935 0.09250044848824333
1936 0.008016490823138106
1937 0.029318363967525265
1938 -0.019195832217531114
1939 -0.09267607913065451
1940 0.09408779050667397
1941 -0.048731882659098336
1942 -0.025946565636791173
1943 -0.007672628105039752
1944 -0.053681813999264735
1945 -0.0296116289580273
1946 0.04765867051618006
1947 0.05140314928789812
1948 -0.12302026676857672
1949 0.009766772434957912
1950 -0.03142174847810123
1951 0.042888160144253326
1952 -0.00024382692540153973
1953 -0.003857649313051823
1954 -0.00825258227223864
1955 0.04465918963641771
1956 0.01591765921389925
1957 0.008958795032533554
1958 0.4585438056637356
1959 0.06124984453679998
1960 0.03588584664127789
1961 0.17534074861858856
1962 -0.14770638062384361
1963 -0.051491886408460016
1964 -0.021193210874094846
1965 -0.044917320007876224
1966 -0.023298844996942437
1967 0.005987611998534281
1968 -0.009701914717931128
1969 0.07661572557895238
1970 0.07632400280843146
1971 -0.00418128995155336
1972 -0.21183494490714946
1973 -0.07916562821974893
1974 -0.1838513905759362
1975 0.11674078629407665
1976 -0.22209680638981982
1977 0.28010697978305793
1978 -0.16067259709963935
1979 0.4838706741579711
1980 -0.5390030371100213
1981 -0.14284604817576843
1982 0.07525291350940644
1983 -0.09310857877157143
1984 0.1730183393708143
1985 0.045943990981132395
1986 -0.06473774828299242
1987 0.010944915749488854
1988 0.11308809606300887
1989 0.03982419272276065
1990 -0.17653079610795702
1991 0.18257232717406174
1992 0.20781810099664114
1993 -0.10834445078592927
1994 0.23918814442636321
1995 -0.34044440376210794
1996 0.06573277332374658
1997 -0.08733936377151066
1998 0.02408515852131675
1999 0.695100946933666
2000 -0.13997309547764022
2001 0.17365370122017834
2002 -0.023710397240505884
2003 -0.3619620336715447
2004 0.041932383651616
2005 -0.044396224026568974
2006 -0.12621794579274453
2007 -0.016369614779243504
2008 0.11109134088981043
2009 -0.05007615339750477
2010 0.014583726485249297
2011 -0.12878979504950125
2012 -0.017679863339682602
2013 0.026882371549600645
2014 0.019040069144792043
2015 0.014191621059869965
2016 -0.021606863896695413
2017 -0.01587908057718401
2018 0.002361822562022637
2019 0.01514741499619311
2020 0.06067580138441813
2021 0.040182719145768916
2022 0.050166294437530935
2023 0.023834225607051125
2024 -0.009197846425414416
2025 0.05160051495010943
2026 -0.011014670775129878
2027 0.11239773163603509
2028 0.008575647624582057
2029 -0.047548976710628424
2030 -0.10623863019321629
2031 0.06698354166308244
2032 0.09891087159788173
2033 0.21713333611200059
2034 0.3473745600358164
2035 0.10866823304895369
2036 0.14241855557362748
2037 0.07403532610482123
2038 -0.09435824741152506
2039 -0.24985675759244302
2040 -0.009652364144886254
2041 0.02497414296392915
2042 0.04054824114427014
2043 0.04128690299308152
2044 -0.08537480708080328
2045 -0.028744303956198338
2046 -0.03728291012789078
2047 0.011387892342092056
2048 -0.015155903036991578
2049 -0.01973874594368041
2050 0.11292446854973269
2051 -0.09568912683359038
2052 0.02749508829675733
2053 -0.012713331897349864
2054 -0.012143846123869834
2055 -0.12496527796410914
2056 -0.1067705199487885
2057 -0.04610255823964185
2058 -0.033997253497295696
2059 -0.030119623418287986
2060 0.07024613880587918
2061 -0.08632536941929046
2062 0.0840660795475603
2063 -0.03890092197576414
2064 -0.02231000760820884
2065 0.03746423203450604
2066 -0.005811231817033107
2067 -0.0023483880529283243
2068 -0.005812257153469812
2069 -0.008835915350054898
2070 -0.020584367502032144
2071 -0.002199738916869051
2072 0.035988395946638746
2073 0.017780589309796868
2074 0.02594951293517322
2075 -0.00989801689486065
2076 0.024471267848154413
2077 0.015490357999180157
2078 0.04919248534572182
2079 0.12302901702558393
2080 -0.015118972215799257
2081 -0.0024637955802364084
2082 -0.01652311342151814
2083 0.012596228481594253
2084 -0.06226602645417885
2085 0.07414015443921101
2086 0.11860573759807029
2087 -0.00031069042576602375
2088 -0.013607556986419135
2089 0.445912271172088
2090 0.12044242019560217
2091 0.2971187631987074
2092 -0.08593912885350068
2093 0.19490083418740622
2094 -0.014184239366806635
2095 0.12394616845526014
2096 -0.13377131161739947
2097 -0.0582457916704966
2098 0.0400670644871111
2099 -0.06744266788654148
2100 -0.05931612621786161
2101 -0.06219330057477303
2102 -0.0043844213255107446
2103 -0.1045928016064777
2104 -0.02515620696357905
2105 -0.044314557896722645
2106 -0.013543254911156618
2107 -0.06529770446309008
2108 -0.0514165831808662
2109 0.09438006622609459
2110 -0.07662097402544849
2111 -0.09834898685114575
2112 0.023000945048720127
2113 -0.09840595098049537
2114 0.02289361963444122
2115 0.06260296151773354
2116 -0.016227946045826325
2117 -0.05061426297444976
2118 -0.030717580566563388
2119 0.0259831468968581
2120 -0.1428661285487268
2121 0.2069099090870381
2122 -0.04562919083138961
2123 -0.11816851541706405
2124 0.016768954045999773
2125 -0.01304005797362363
2126 0.06233173702860596
2127 -0.20361405578333044
2128 -0.079973298452466
2129 0.20697373706072897
2130 -0.2554760010504127
2131 0.2929767904123363
2132 0.015383560904782729
2133 -0.09699037308253906
2134 -0.14175329814577234
2135 -0.22962664241124597
2136 0.09577628912328391
2137 -0.08059544311054385
2138 0.13188199950536578
2139 -0.05690392451655355
2140 0.01959244895590631
2141 0.025883168246330635
2142 0.005493050413606954
2143 0.07374024615966711
2144 0.01625473714737494
2145 -0.08257849988512775
2146 -0.2204140529924365
2147 -0.045091128739738584
2148 -0.0057281730391248765
2149 -0.019642783504808137
2150 0.01724662667283385
2151 0.11642465792889724
2152 -0.0903488925348446
2153 0.04961186654378849
2154 0.0074329277698325005
2155 0.048061264792295756
2156 -0.04373586434295734
2157 0.04678591680035351
2158 -0.023947676379154313
2159 0.004936800950774173
2160 0.0938749279680056
2161 -0.007859769433465636
2162 -0.010662873330027765
2163 -0.0038578734811922036
2164 0.05066300855041315
2165 -0.03575374659119627
2166 -0.0009095944533010649
2167 0.04806138348233367
2168 -0.05940688862355646
2169 0.02841136166733721
2170 0.05225094963677146
2171 0.005693757038121908
2172 0.14771176900897456
2173 -0.10485328667756187
2174 0.011591724432238736
2175 -0.18111151126220493
2176 0.20236001099050166
2177 -0.2700782107694225
2178 0.4707843972977929
2179 -0.2002671404563784
2180 -0.3767437221004694
2181 -0.1020556684615086
2182 0.3284901171150237
2183 -0.1147043560935306
2184 -0.12008971983242614
2185 -0.14922357653646368
2186 -0.0755169976785111
2187 0.4137963532234187
2188 -0.12152720983550713
2189 0.4400203071361423
2190 -0.08403904493735329
2191 0.17249038040255027
2192 0.07066519560936677
2193 -0.028387487402504293
2194 -0.026283083691221183
2195 0.031327611995689605
2196 0.0561152017490463
2197 0.08967567187696612
2198 0.20231544368763418
2199 0.12193891500121246
2200 0.006808585923168864
2201 0.0028195950551799394
2202 0.05869220670999959
2203 -0.031027276954530274
2204 -0.043688517121353326
2205 -0.08465772775122225
2206 0.05392052178304089
2207 -0.033247037234516406
2208 -0.03959445712408085
2209 -0.06563535442840109
2210 -0.057592265955600755
2211 -0.10070194708057642
2212 0.004343208016990124
2213 -0.060260094186175235
2214 0.13063352796925895
2215 -0.11752507943849844
2216 -0.01300034093587769
2217 -0.04073932363286921
2218 -0.24089813486748704
2219 -0.16007234989332622
2220 0.20467662661002986
2221 -0.15503053566274275
2222 -0.009225461677294544
2223 -0.0580595629997556
2224 -0.05518528865513548
2225 0.13346611931190727
2226 -0.036277107178314755
2227 0.27278549317272743
2228 0.4521999895046931
2229 0.62790441539518
2230 0.3467028346089778
2231 0.03150124145573728
2232 -0.08963726637266045
2233 -0.0654895176164597
2234 -0.24335033729965228
2235 0.14037222505679312
2236 0.050402087093759596
2237 0.10530501148203791
2238 -0.018092314099070934
2239 -0.03992358631177843
2240 0.0017459041634056822
2241 -0.10423773631790001
2242 0.11980699302832536
2243 0.013730712570602174
2244 0.003111581720526633
2245 -0.06207357538129474
2246 -0.3544263998824633
2247 -0.05864684367453401
2248 -0.07681626277515094
2249 -0.07326594595421783
2250 -0.06255071345810914
2251 -0.0889256622878858
2252 -0.036170626446041715
2253 -0.018289743676617523
2254 -0.07529262105628867
2255 0.08099929238969326
2256 -0.04524123947605014
2257 -0.05149943926883461
2258 0.0081913022548131
2259 0.14863301422749217
2260 -0.07196341785113095
2261 -0.14538226383000127
2262 -0.06524906531347704
2263 0.138423395730461
2264 -0.10748640942062138
2265 -0.07038132000867543
2266 -0.03176667711036033
2267 -0.02548702118901977
2268 -0.04732060439518775
2269 0.24353474861592567
2270 0.10237025477914523
2271 -0.034377936355730054
2272 0.16757568671576387
2273 -0.02431885733020524
2274 0.010692703129686586
2275 0.04933281885435665
2276 0.10713953834468773
2277 -0.059468644193026526
2278 0.008878345036650512
2279 -0.1624387337164648
2280 -0.003113732780616006
2281 -0.17046743390078634
2282 -0.05353578320318028
2283 0.027688231732579255
2284 -0.03668561023985373
2285 -0.049897169637429
2286 0.2815306798193752
2287 0.2292517057279374
2288 0.15666997912262096
2289 0.12235784567836926
2290 0.10064595076720469
2291 -0.08146751775798822
2292 -0.015105216040413209
2293 -0.09636478741191924
2294 -0.1295352438331574
2295 0.27307673173081487
2296 0.1694266556118866
2297 0.09580675080470445
2298 0.03160905590401289
2299 0.24063212171391854
2300 -0.13920006667542728
2301 -0.08397405353906601
2302 0.29594096156950517
2303 -0.13497632468025866
2304 -0.3768906951389521
2305 0.11429165640686016
2306 0.43853467792797474
2307 0.10704605130407056
2308 -0.21404451407375968
2309 0.08819100364642544
2310 -0.09784386717190556
2311 0.020173008182271305
2312 -0.1100739079606858
2313 0.04008556728336662
2314 0.0033510333959368608
2315 0.10789187925692785
2316 -0.03672408666782229
2317 0.00549117148212608
2318 0.04473294735329729
2319 0.06784086018720994
2320 -0.01874867938254931
2321 0.0122251409204188
2322 -0.10785724007217169
2323 -0.06261804734744567
2324 0.2244387106848865
2325 0.14475003295360772
2326 0.013447009182764497
2327 0.11044649089119465
2328 -0.3483855694702843
2329 -0.12537737075383562
2330 0.16712013810255577
2331 -0.028473495843637113
2332 0.03645785974110999
2333 0.25630197567290836
2334 0.21004354754090848
2335 0.03662000102593178
2336 -0.09107212436295208
2337 -0.017672224829435926
2338 0.15174392752695656
2339 -0.08577019915926354
2340 -0.08069297924319727
2341 -0.042869946751361944
2342 0.020007869875198637
2343 -0.08478999178017191
2344 -0.049486483368321045
2345 0.039824099945683526
2346 0.04975023165920678
2347 -0.004385124209828702
2348 -0.11321114288364172
2349 0.16097401343383896
2350 0.019358856183829827
2351 -0.1236270304394919
2352 0.0473211070980746
2353 -0.10227085564836964
2354 0.0179019485047151
2355 -0.1353713418595426
2356 -0.1762097468925346
2357 -0.11460877948575623
2358 -0.01061954518884007
2359 0.007005065831599877
2360 0.27790322683021945
2361 0.2868813376537461
2362 -0.05796340021422602
2363 -0.07549278925190485
2364 0.33251074252017787
2365 0.24377292672004505
2366 -0.19031684119350714
2367 -0.02742692675377103
2368 0.02200222862140219
2369 0.2598107223421297
2370 -0.2304348879524358
2371 -0.04900304268718689
2372 -0.08254642138235986
2373 -0.09740332025731059
2374 0.05035494568912725
2375 -0.03995494083949254
2376 0.025760151476200397
2377 0.055442099223739744
2378 0.026481369011998376
2379 -0.02369038310216654
2380 0.01076837794236894
2381 0.026993538987588852
2382 0.015618866343580482
2383 0.07257845355979638
2384 0.09386352369232663
2385 -0.07981582263163725
2386 -0.1555262329491881
2387 -0.10442440282331845
2388 0.047591588139671105
2389 -0.19528895548982061
2390 0.37648054103425677
2391 -0.16063944471259115
2392 0.3106423821513146
2393 0.12444273443092209
2394 0.009432058166484424
2395 -0.025963032360422144
2396 0.032163610875018345
2397 0.016430513749779208
2398 0.11841720904975474
2399 0.03130199374443114
2400 -0.12151446940906539
2401 0.06792803044754685
2402 -0.44611890885317257
2403 -0.326292345825708
2404 -0.242405490484104
2405 0.41061456704311705
2406 0.34279718662238035
2407 0.3011215850663285
2408 0.02493277507951392
2409 -0.00012813817636432717
2410 -0.006562362430333355
2411 0.0016033849270860798
2412 0.0497637396820099
2413 -0.13202532560303706
2414 -0.14605430197242739
2415 0.14045373146677476
2416 -0.22165006926224526
2417 -0.16145965952704006
2418 -0.062070563045926896
2419 0.048414477776260054
2420 -0.0697952667693479
2421 -0.05648615782527716
2422 -0.043672681674175685
2423 -0.09028596566094875
2424 0.036441625591571415
2425 -0.10991500690454452
2426 0.10738891929222591
2427 0.02127509214037127
2428 -0.011677412796215977
2429 -0.007767267236369577
2430 0.050132898074368534
2431 -0.07455761781710733
2432 -0.1709533948093564
2433 -0.13383553300753245
2434 -0.25320695349659444
2435 -0.14502182748467307
2436 -0.08447715828275187
2437 0.13910231664024453
2438 -0.22629741882120796
2439 -0.05133429423905397
2440 -0.2731024606294404
2441 -0.10336508409217444
2442 0.010219061990220928
2443 -0.14162622176935916
2444 -0.12633876720361725
2445 -0.09713691300414092
2446 -0.11923131208704739
2447 -0.03515953546451412
2448 0.007371146674574021
2449 0.08202895987467426
2450 -0.012312147777128832
2451 0.01397743306056567
2452 -0.015509851375064942
2453 0.14334862224852257
2454 -0.053140072934328285
2455 0.17037263493781535
2456 0.12683990265473208
2457 0.14609697230457164
2458 0.1456576247542642
2459 0.006764245630566798
2460 -0.01072674153099991
2461 0.008958285617708629
2462 0.07995266785679872
2463 0.02806210231498882
2464 -0.10918455215421488
2465 -0.01611863949191179
2466 -0.038360524191997335
2467 0.08550193466996182
2468 0.26851035838161696
2469 0.4719025211410459
2470 -0.4562733778280124
2471 -0.3233148485577766
2472 0.021137382254475826
2473 -0.0932986105885936
2474 0.3594793486861619
2475 0.02155038774904834
2476 0.1800866505289704
2477 -0.3669351518606153
2478 0.011443637618391166
2479 -0.13341214092933204
2480 -0.13072181460658092
2481 -0.0229945605729503
2482 0.07643607419527225
2483 0.017563580155740124
2484 -0.04232657431275823
2485 0.004216901391687845
2486 -0.016539417239621216
2487 0.04894934863923597
2488 -0.024945358451770306
2489 0.189383283373118
2490 -0.12156976760313479
2491 0.03815721543241088
2492 0.034859931426425225
2493 -0.11338840603559737
2494 0.030751131043301645
2495 -0.0007933523099232222
2496 -0.021584193182353422
2497 0.05725114606337454
2498 0.029348250741628706
2499 0.0264035217788604
2500 -0.02113247485422555
2501 0.09133925688528874
2502 -0.11705367088533526
2503 0.31789891387355895
2504 -0.04725176103983958
2505 -0.2242726795850776
2506 -0.10667544735688202
2507 -0.04773092026747854
2508 -0.2674714347870949
2509 0.05895029695357612
2510 -0.08145908013959718
2511 -0.15009381522241924
2512 0.08004349511027047
2513 0.01331060006255616
2514 0.19797908586818447
2515 0.006854850158449951
2516 -0.05370126649984042
2517 -0.0720605267978956
2518 -0.014931525450378125
2519 -0.027960797205937676
2520 -0.0011058390815240147
2521 -0.04455141518524748
2522 0.1805883479871791
2523 -0.0013296490568750928
2524 -0.058046091335331035
2525 -0.05398670624174902
2526 -0.13838378665320894
2527 -0.12222547091484742
2528 -0.09553168156880193
2529 0.028116063593960832
2530 -0.007351760739337859
2531 0.018672430482195673
2532 0.10889632333718667
2533 0.05577054391481746
2534 0.011247199276710534
2535 -0.16153417522972868
2536 -0.14668897296435934
2537 -0.07838665873693959
2538 -0.007786323805485154
2539 -0.02586250214199755
2540 -0.015585640924668843
2541 0.09824703608948099
2542 -0.12225330782505853
2543 0.012744986071730904
2544 0.004411351558270524
2545 0.19215129290587316
2546 -0.06424890327887578
2547 -0.13864200949796218
2548 -0.11708243361858213
2549 -0.022232041416402122
2550 -0.15379796803338477
2551 -0.13075454967762026
2552 -0.13325336836060048
2553 -0.08911736581994903
2554 -0.25979336462009006
2555 -0.18154628095797
2556 -0.07186610191344867
2557 0.05837278557176372
2558 0.018113266265624567
2559 0.0056422131869025205
2560 -0.02811039310387452
2561 -0.02730287965396076
2562 0.0052770458527867945
2563 -0.012366309292236064
2564 0.042178304535051434
2565 0.06164101672329921
2566 -0.007589323839344656
2567 -0.03689327590614334
2568 -0.028777608991401395
2569 -0.059131866555333513
2570 -0.046561640540926715
2571 0.19798042583549158
2572 0.2771966735371609
2573 -0.18760169238821292
2574 0.06813939373357565
2575 -0.4037370514764159
2576 -0.08558499755339796
2577 -0.03750749654895839
2578 0.08167682816508101
2579 0.12089866224943337
2580 -0.04424956878531048
2581 0.025843920948619977
2582 0.011591365454896608
2583 0.004940303442392218
2584 -0.03126758459600089
2585 0.03668180979859228
2586 0.013082241307211149
2587 0.0471961864944217
2588 0.043881705278112054
2589 0.015569824582887616
2590 -0.009456168321796903
2591 -0.01899670652937618
2592 -0.026828367752014456
2593 -0.01924797753044328
2594 0.06008079616206941
2595 0.029131219730266895
2596 0.039536269519899685
2597 -0.012602927126809677
2598 0.05915538027006518
2599 -0.22463658048416452
2600 -0.07162236280111273
2601 0.08867247496255029
2602 0.09356460054523348
2603 0.012752375052551364
2604 -0.01796887781439251
2605 -0.06637403390419092
2606 -0.1241145993661778
2607 0.17529705354659522
2608 0.20575764293397986
2609 0.037204619471235094
2610 0.05115627723658622
2611 -0.12783475098858604
2612 0.07811546124926515
2613 0.02636242470285899
2614 0.018495685754964138
2615 0.336842394014336
2616 0.10488919369512556
2617 0.05565744920008648
2618 0.09050343617479283
2619 -0.10979444056289944
2620 -0.4403950719770354
2621 -0.011839568250409578
2622 0.08202644801479435
2623 -0.22248575712323898
2624 0.1145093201730592
2625 0.2328081121165775
2626 -0.36106025907058437
2627 -0.2049722125222839
2628 0.04818937853740797
2629 -0.035220825480305314
2630 -0.14557982705207806
2631 0.14331232740162758
2632 -0.00200078145975673
2633 0.0811734042087483
2634 0.2357753036575416
2635 -0.17862663102025467
2636 0.0115469495604182
2637 0.14025174915017224
2638 -0.015414246362932288
2639 -0.025910597544041788
2640 -0.24295443494450536
2641 -0.1377242883704017
2642 0.1027172985891121
2643 0.1446900413727846
2644 0.30798911146869934
2645 -0.2964320367089571
2646 0.1275652930388362
2647 0.057635616330170135
2648 -0.05024189134202666
2649 0.11208121859040096
2650 0.10996567938971254
2651 -0.11394289702199067
2652 0.022579507755731757
2653 0.03849071137156497
2654 0.3573155143609454
2655 0.38040484062054924
2656 -0.043526888135018704
2657 0.25239967904641486
2658 -0.03839013344860298
2659 0.12545129515464182
2660 0.20078534223419042
2661 -0.21043489368006457
2662 -0.09679166771683147
2663 -0.4576495998491458
2664 0.4175931246375994
2665 0.4254631864349022
2666 -0.12798833237296364
2667 0.056142724829563076
2668 -0.007286902317267454
2669 0.11120742119799756
2670 -0.0685295204529498
2671 0.004991459445630136
2672 -0.11972001592179145
2673 -0.14928364822173
2674 -0.0054076900111036585
2675 0.09521974896413858
2676 -0.022110835867629058
2677 -0.141194188284441
2678 0.08775017301757987
2679 -0.11581293549907172
2680 -0.19451298459470462
2681 -0.38970116892083867
2682 0.19229981821013592
2683 0.03866026699259475
2684 -0.14008839132018702
2685 -0.12008753771642526
2686 -0.16401241419635565
2687 0.012987458358484272
2688 0.2537156414036857
2689 -0.1690357485098187
2690 0.10717765331675912
2691 0.14718108336591998
2692 0.12864281756261103
2693 0.08982195198729279
2694 0.16348361678852852
2695 0.15689505568732873
2696 0.08433964428043247
2697 0.17009666600271464
2698 -0.060191418831158694
2699 0.05094130145866692
2700 -0.26391401542293935
2701 0.03101410818338731
2702 0.0255996874743477
2703 0.023070495578336316
2704 -0.01780772953190117
2705 -0.005003875090555206
2706 -0.019630145153447878
2707 0.03859553154136911
2708 0.007877564900237211
2709 0.1492826358390607
2710 0.02320136950952004
2711 0.16226123556098687
2712 0.0679880779685278
2713 -0.08949159479922858
2714 -0.16897101320864097
2715 0.041435106630963114
2716 -0.07927804437690927
2717 0.06987606167994864
2718 0.013675143157067207
2719 0.046668298434349414
2720 -0.03352346935739063
2721 0.05970452860737048
2722 -0.0073361934092830055
2723 -0.026813023704726054
2724 0.04974921887900923
2725 0.04576443285422296
2726 -0.03178490068872286
2727 0.08488312905348032
2728 -0.04016405741406751
2729 0.07942121082626347
2730 -0.06374606449705204
2731 0.001979385156037693
2732 0.0385377462610131
2733 0.1994527150792421
2734 -0.00963340342311703
2735 -0.00805863269096779
2736 0.0019726097357163417
2737 0.017319659705681265
2738 -0.006377035446740748
2739 0.01000956244056742
2740 0.07337258965906411
2741 0.019325687976025154
2742 -0.013220484938554058
2743 0.08814224184525618
2744 0.0410399179315998
2745 -0.039410853051621196
2746 0.05424849781770536
2747 -0.01930804710327589
2748 -0.06553333698234123
2749 -0.02317257385054477
2750 0.2744464812483564
2751 -0.10256210382270424
2752 0.24149206482839264
2753 0.200770629335976
2754 0.21069302704106743
2755 -0.16211600498002687
2756 -0.12470183059162793
2757 0.40816352079948814
2758 0.045047584214926294
2759 -0.3424169781252936
2760 -0.14692715469446727
2761 -0.09529849417778459
2762 0.18366765824074524
2763 -0.15033784521082205
2764 -0.16582671519051256
2765 -0.0756730477621053
2766 -0.22566298275323807
2767 -0.09207231960736657
2768 0.26864056510072476
2769 -0.06855545167594192
2770 -0.06536398614491375
2771 0.008946990549146844
2772 0.5847456304040713
2773 -0.02747729676502688
2774 -0.32348472666129036
2775 0.2538703887182921
2776 0.13076679041953168
2777 0.24394211430215765
2778 -0.03862816563325365
2779 0.08094613529535384
2780 -0.2835969219202539
2781 -0.1050664655365822
2782 0.02546806567064999
2783 0.02719582418698654
2784 0.03661744463289477
2785 -0.06840127716713071
2786 -0.04774291458908751
2787 -0.0856316284056395
2788 -0.06411738880280454
2789 -0.009905101430094283
2790 -0.07822875081455181
2791 -0.027657994620062493
2792 0.03399717905909654
2793 0.0070712138077717495
2794 -0.16439844864429037
2795 0.22043512998091536
2796 -0.04198872561961833
2797 0.1570057564040501
2798 0.10824785140834123
2799 -0.07782595876733735
2800 -0.13059659164031817
2801 0.19264797445146972
2802 0.03850476994813675
2803 0.010474796100816629
2804 0.004995319382432447
2805 -0.15083435510948748
2806 -0.12271147873493941
2807 -0.0581534509832986
2808 -0.18085463317248468
2809 0.20232296778555856
2810 -0.15280312004441302
2811 -0.14385691791740163
2812 0.26024052886238186
2813 -0.13343110450409598
2814 0.20204123280745853
2815 -0.006195249981807269
2816 0.11792247825280798
2817 0.15196424900434993
2818 0.0060105066183293865
2819 0.49158322859749626
2820 -0.22889170941522674
2821 0.06308260340757217
2822 0.09822157929506942
2823 0.22075019961228062
2824 0.09561404621471725
2825 0.09941340065585323
2826 0.15805746375459476
2827 0.1401118795115492
2828 -0.09922127462979079
2829 0.16000555935163438
2830 0.017986703117484883
2831 0.05317323392668004
2832 0.04761339762530365
2833 0.23894112407412743
2834 0.020035079621718774
2835 -0.3989890805838905
2836 0.3235233244800532
2837 -0.012070592075343807
2838 -0.3008961176713287
2839 0.08270508787470848
2840 -0.04243734179149771
2841 0.023659477909214743
2842 -0.22645437799150606
2843 -0.18556022973009054
2844 -0.1488472144001541
2845 -0.06685082996068477
2846 -0.03962610990304237
2847 0.14212368330872133
2848 -0.14423490169663872
2849 -0.04384761849946096
2850 -0.3655908861162246
2851 -0.29505165253884574
2852 0.24706496540513243
2853 -0.06292348788645519
2854 -0.003889384431178275
2855 -0.1032812138399468
2856 0.05245694089476959
2857 0.19345844092200298
2858 0.12812535978334763
2859 -0.04877278840923376
2860 0.05524138940888904
2861 0.6291440218732907
2862 0.293147170871336
2863 0.34538764310857883
2864 -0.04865046719409995
2865 -0.04924808846253168
2866 -0.11707860264829748
2867 0.11517220272080725
2868 0.07546289208153062
2869 -0.04680809151165247
2870 -0.06460857113435431
2871 0.0032932072282362028
2872 0.02508449691419364
2873 0.08733845070692406
2874 0.06843537135009978
2875 -0.0847134086973637
2876 0.14510632514258975
2877 0.036154802736419245
2878 0.18640155628765914
2879 0.007935285342318842
2880 0.0439742800086899
2881 0.03509826184822427
2882 0.03444962322800819
2883 0.018424997961595812
2884 0.05815228057693721
2885 -0.05235708027173261
2886 0.09375994896187219
2887 -0.17584157056773092
2888 -0.0929197008326281
2889 -0.07225165398606538
2890 -0.16507534026478687
2891 -0.09524219329789076
2892 -0.11644241784932287
2893 0.6275058354639771
2894 -0.33441960413415356
2895 -0.393128260369133
2896 -0.5259292261053822
2897 0.017131262219453387
2898 -0.1603277297778169
2899 0.24398539905076588
2900 -0.18137438744756568
2901 -0.03471884402484571
2902 -0.004437896534091659
2903 0.02753354541379997
2904 -0.016649376519307934
2905 -0.6741120063696817
2906 -0.22599071740274215
2907 0.023155432769578446
2908 -0.016868277528531025
2909 -0.11865673379237951
2910 -0.016786132989033843
2911 -0.06499940438702653
2912 -0.12898285015745756
2913 0.3483679856078888
2914 0.21100848463679964
2915 0.2916147431788692
2916 -0.16556742850809522
2917 0.051243497984078644
2918 -0.17311294979895475
2919 -0.039034055169478686
2920 -0.09954012694503984
2921 -0.012299033066228416
2922 -0.044942226508595313
2923 0.057429915843300705
2924 0.1612629877475894
2925 0.18192430412941482
2926 0.01106358905853124
2927 0.10115787567448115
2928 0.3082524171480175
2929 -0.08936629546749283
2930 -0.09350609162994626
2931 0.008219409837992587
2932 0.02997163095378627
2933 0.0452495508514237
2934 0.018155785903861726
2935 -0.001975120168687784
2936 -0.024984511712301014
2937 0.07134562899065981
2938 -0.018760567561128583
2939 0.12282907742008525
2940 -0.09602574664382521
2941 0.038975106504579984
2942 -0.01768994333157304
2943 -0.07626216721176883
2944 0.019733832526946722
2945 -0.13323711592737839
2946 -0.10218007032263048
2947 -0.03993081808592926
2948 0.030276269065516354
2949 0.06823249759761858
2950 -0.041685352135376795
2951 -0.008384250720372412
2952 -0.013683696229430742
2953 0.012547491842429684
2954 0.011240811120426067
2955 -0.020914277445704163
2956 -0.034455727512585604
2957 0.11020407582138088
2958 -0.12355580815590166
2959 -0.02656167701469586
2960 0.003979116445977051
2961 0.03854318962212964
2962 -0.05941730694536891
2963 -0.005420983537129511
2964 -0.01102762713040294
2965 -0.038162709113459266
2966 -0.0015790752474261576
2967 0.021994403878765226
2968 -0.1209636251942664
2969 -0.09982667395171646
2970 0.3233267684888989
2971 -0.3178629338602952
2972 -0.10398888397058303
2973 -0.3018849955254495
2974 -0.0337643685513345
2975 -0.4016750235544768
2976 -0.4292011284426298
2977 -0.19859895155739687
2978 -0.1256207458380276
2979 -0.2441479310710181
2980 -0.09528109679092547
2981 -0.15190338482470994
2982 0.023016403430210768
2983 -0.11079516944477616
2984 0.009653006059469924
2985 0.14941591697815884
2986 -0.08445700141940313
2987 0.01973674531388025
2988 -0.04869584663999129
2989 0.01989321057426752
2990 0.009483198543611451
2991 -0.09263427577041976
2992 -0.18325231745442558
2993 -0.020773902480220954
2994 -0.05541231925003481
2995 -0.03783216108743665
2996 -0.06044825703884407
2997 -0.009137459190428944
2998 -0.11876082381982259
2999 0.04681241665635846
3000 -0.060372841947222575
3001 -0.06246733706510464
3002 -0.03632679860963158
3003 0.042615329796201924
3004 0.03347553806111791
3005 -0.09091301781753695
3006 -0.10852827321701235
3007 -0.03485973851313134
3008 0.01046737250946811
3009 -0.006885112206208359
3010 0.09189598601264301
3011 0.15297454015460352
3012 0.04936389013558673
3013 0.08910019779088525
3014 0.041340161360623226
3015 0.039489212671482525
3016 0.08317947157525507
3017 -0.0523192675695641
3018 -0.13486815303508903
3019 -0.11237714220609138
3020 0.052022489240414346
3021 0.47404209270927355
3022 0.07814779132410221
3023 0.08128229535522191
3024 0.0607884588752265
3025 0.08234811331378589
3026 -0.13682101752442977
3027 -0.28128858233593446
3028 -0.1467568852489158
3029 0.2794624011968607
3030 -0.06062584237876505
3031 0.09199687373476204
3032 0.023519331913156333
3033 -0.18587772448802078
3034 0.07283211826870016
3035 0.14579944718197593
3036 0.05623296477337756
3037 -0.019470792483538314
3038 -0.0527446436318153
3039 0.09448244578287211
3040 0.07875082774103663
3041 0.10850588480885721
3042 -0.005242080881600169
3043 0.05028955385276018
3044 0.12207058073177308
3045 0.020148480488656847
3046 -0.07083905230261851
3047 -0.06194946647116458
3048 0.03217971301707859
3049 0.04409130311422169
3050 0.0694923839968477
3051 0.04198746290920716
3052 -0.2854349343921121
3053 -0.0490033563939005
3054 -0.10380367265659508
3055 0.03481617344547494
3056 0.029704970371174987
3057 -0.10904047393088867
3058 -0.044941886282489546
3059 -0.04616707484523466
3060 -0.04590049983241908
3061 -0.038049975243503384
3062 0.2251682426101107
3063 -0.004651466923618283
3064 0.0021929662615515133
3065 0.06918223114011854
3066 0.01906682392612238
3067 0.008480133322525623
3068 -0.013921712968487715
3069 -0.009485361409865192
3070 -0.04441856229629585
3071 -0.025851387192941232
3072 -0.001993191442705079
3073 -0.0893476363471982
3074 -0.07106072617160628
3075 0.3285342651534202
3076 -0.08531854811134207
3077 -0.2063549830015145
3078 0.018521147014890403
3079 -0.06514189874791237
3080 0.10568735769190453
3081 0.05885211652692642
3082 0.08571510503075291
3083 -0.038006535436464484
3084 -0.11880520985774128
3085 0.09312590356008801
3086 -0.028010732188982628
3087 -0.036985761360927016
3088 0.025497078943066288
3089 -0.06279494866389132
3090 0.007827106721624313
3091 -0.009579309140071574
3092 0.09294399237271075
3093 0.17573029795213027
3094 -0.10501105243683453
3095 -0.0605279743366884
3096 0.13525266312933032
3097 -0.14245562226341663
3098 -0.08655484390513024
3099 0.027207236512257073
3100 0.08795741414822963
3101 0.018281167826879267
3102 -0.032034078548875924
3103 0.13453883531251457
3104 0.4775608148382364
3105 -0.22265390868450122
3106 0.24936396210462117
3107 0.2561536035398594
3108 -0.22349705836439784
3109 -0.006844029557503976
3110 -0.03673873066473647
3111 0.017420723777631965
3112 -0.029563836093770314
3113 0.019316530864606996
3114 0.05585758201348969
3115 0.11300756484761529
3116 0.1662467104161365
3117 0.16120841890185425
3118 0.0028730542823249402
3119 0.1475951239227144
3120 0.07152207850628813
3121 0.21535920497046748
3122 0.3147261018861623
3123 -0.28024835400741804
3124 -0.19972253410245475
3125 0.06576546133358516
3126 -0.4221030073626332
3127 0.04101640267052011
3128 -0.012239505108864929
3129 -0.28089037776190495
3130 0.4774023039888881
3131 0.3524614411351211
3132 0.01620265575196255
3133 0.059449711432552066
3134 0.5396872522223107
3135 0.3805463471413593
3136 -0.3490811616551651
3137 0.26834642154605004
3138 0.13279798382504268
3139 -0.0496333918997648
3140 -0.18909245548090922
3141 -0.11055556355158547
3142 -0.32966289804516247
3143 -0.04779185784319801
3144 -0.2355083926346875
3145 -0.11050556647095543
3146 0.08367616295140916
3147 -0.020615494696772263
3148 0.20286056597558685
3149 -0.03705851033883321
3150 0.09898617097335191
3151 -0.0068943688584972365
3152 0.06907307837573459
3153 -0.07729280319635667
3154 0.07746711632891333
3155 -0.0238464668411564
3156 -0.00019762360145648608
3157 -0.07498208415466971
3158 -0.004855235885650773
3159 0.011623663950798606
3160 0.04057671878337938
3161 0.014002649010964298
3162 -0.05625919205992568
3163 -0.02238409378144916
3164 -0.008003103275665712
3165 0.008688558579872411
3166 0.06471993396567494
3167 0.031021313441745395
3168 0.07046130184733279
3169 0.013508654669738298
3170 0.024624273216132996
3171 -0.019628279335545742
3172 -0.0437972108919522
3173 -0.1324680517398429
3174 0.02275611651352713
3175 -0.24903406922009388
3176 0.34471959007940634
3177 -0.3443282054111011
3178 0.5001874000811596
3179 0.28615549383487277
3180 0.33883222138241914
3181 0.01845970720554929
3182 0.20529494894376055
3183 -0.34755055773153626
3184 -0.07559873522602241
3185 0.2343156665642691
3186 -0.0047092730177129595
3187 -0.030798374722527815
3188 -0.09719272909922638
3189 -0.003094015747278052
3190 -0.05072497563922777
3191 0.03987405624813676
3192 -0.010477388339214109
3193 0.12054669723140037
3194 0.07756378577847524
3195 0.03877844815099614
3196 0.021166309160559588
3197 -0.0687998948546065
3198 0.035052716931144895
3199 -0.013285052966151607
3200 0.043384275937742106
3201 0.07510577380822551
3202 0.09761717039632593
3203 -0.02530653145519312
3204 0.08405597962022555
3205 0.03700187790467142
3206 -0.0911717526478094
3207 0.03316561808174698
3208 0.04906612816160497
3209 0.06231675932313283
3210 0.05052984542264227
3211 0.10095729999024074
3212 0.048947234903453374
3213 0.018988982564663935
3214 -0.0004227327022583347
3215 0.06371967046253663
3216 0.012818851117961143
3217 0.020205747529493348
3218 -0.0931361156444034
3219 -0.007718853513543682
3220 0.04879957495428061
3221 -0.05342053363697961
3222 0.021411144919490248
3223 0.022587070641181477
3224 0.0012370894665525618
3225 -0.014071633648794985
3226 0.03884315951225855
3227 0.016458847089567734
3228 0.0067344644296217955
3229 0.06215974145628885
3230 0.00383348258727389
3231 0.09734101832282703
3232 0.1416215571291101
3233 0.11604404522139326
3234 -0.003558153551887976
3235 0.2956687457265476
3236 0.0818184945965805
3237 0.07118303488922087
3238 -0.07070208927582154
3239 0.12534249790990118
3240 -0.12921128911501265
3241 0.06692112609010456
3242 -0.03431739940887296
3243 -0.06178702160190798
3244 -0.0446266687620474
3245 -0.03757814374619769
3246 0.023806509839258163
3247 -0.04650518703122432
3248 -0.03997911130729994
3249 0.0029829194068355983
3250 0.027107597362213902
3251 0.009520967626905835
3252 0.010729335194885918
3253 0.09603145155762041
3254 0.10068497967813984
3255 0.0899365241526836
3256 0.07047878981565765
3257 0.17318786179733917
3258 0.12961347285079428
3259 -0.05038945017190265
3260 0.1345349641653269
3261 -0.25980176510088293
3262 -0.23902765913288568
3263 -0.06387051181596846
3264 0.018942703621866574
3265 -0.15520175549364099
3266 0.07212815649599852
3267 0.21627335555913105
3268 0.23863734444770332
3269 -0.033879754625509864
3270 -0.009742224229023145
3271 -0.011859189724022673
3272 0.021952634391570056
3273 0.029773049532442957
3274 -0.0159677972615427
3275 0.043965669931194516
3276 -0.055212473178756896
3277 0.07173504888915802
3278 -0.045086062043983514
3279 -0.0189233943834457
3280 -0.07517629790270722
3281 -0.1470367529112232
3282 0.0681698362489893
3283 -0.024219920535959377
3284 0.006196063783327434
3285 0.007204006437862409
3286 0.07036870479453662
3287 0.06666508334941006
3288 0.031926835394718966
3289 0.0329760090226851
3290 0.018840374650505802
3291 0.031153266705323344
3292 -0.20606327667395696
3293 -0.006948842941325267
3294 0.031811558427250294
3295 -0.025040453522809685
3296 -0.020714380092103753
3297 0.04489043146180189
3298 -0.008506813724878375
3299 -0.04256632815632286
3300 -0.03179942258376479
3301 0.041104186860205214
3302 -0.007393459581144302
3303 -0.03827404372145239
3304 0.00657376005587248
3305 0.10667485501856389
3306 0.010965307262714023
3307 0.041648202737549156
3308 -0.03751175467567887
3309 0.07643025001075325
3310 -0.004468235423050518
3311 -0.029231681283864934
3312 -0.003216076036069759
3313 0.03501521410385767
3314 -0.03148078272593102
3315 0.004465301874086939
3316 0.006091598057556384
3317 -0.014515219087754421
3318 0.12225534473477213
3319 -0.035834205664118976
3320 -0.03082064719993749
3321 -0.215382635362629
3322 0.06307785937169998
3323 -0.11672612524964887
3324 0.49205774117853607
3325 0.199065345850241
3326 0.283941266411287
3327 -0.041700925292101766
3328 0.009953022777652257
3329 0.15546627194368623
3330 -0.16479031054396587
3331 -0.12622635233437732
3332 -0.04606867794231502
3333 0.07975613497276086
3334 -0.18158839902423365
3335 0.40904688107882353
3336 -0.037883741833883065
3337 0.002807937691840278
3338 0.2334334746860361
3339 -0.11423441993940094
3340 0.22454221384375528
3341 0.08060055767553866
3342 -0.016160680966131352
3343 0.143630659050866
3344 0.1350613976236316
3345 0.018931989977270632
3346 -0.24579098173944358
3347 -0.1459198186043712
3348 0.02160142143031917
3349 -0.01934982139421361
3350 -0.10324430964510778
3351 0.0772653170098243
3352 0.012532506782116109
3353 0.039273025923344924
3354 -0.03561802284247789
3355 0.019074445112272926
3356 -0.05060181984888024
3357 -0.02560287639516771
3358 -0.15723008551725534
3359 -0.058691127970999395
3360 -0.17063100138516163
3361 0.02535615782273919
3362 0.028883154704039567
3363 0.060647285416363744
3364 0.08497623680514096
3365 0.10818802250753572
3366 0.010843163227564222
3367 -0.2034513639433856
3368 -0.12584014599546683
3369 -0.05715047397621936
3370 -0.21295784204533386
3371 -0.0013167283685593656
3372 0.07738899099086002
3373 0.05129850886359691
3374 -0.14111998335839174
3375 0.08562726046836278
3376 0.05919337485319593
3377 -0.10039501603474957
3378 0.05360273614024337
3379 0.014734292197482686
3380 -0.06182095419263169
3381 -0.01986586565047752
3382 -0.011083754405142672
3383 -0.0375776729407979
3384 0.013369721441804637
3385 0.05069450179613805
3386 -0.06383230836776352
3387 -0.2131480972489035
3388 0.15655450251815473
3389 0.21692586164998712
3390 0.023239041203933698
3391 0.04866187149955708
3392 -0.07525198640174732
3393 -0.1384539043406392
3394 -0.11189841755757579
3395 -0.13109394539539543
3396 0.003470163281605152
3397 0.09446293373555671
3398 -0.012974056793948613
3399 -0.021426217903711048
3400 0.03276553588750628
3401 0.09597830410745088
3402 -0.09865709845959765
3403 -0.06884531009677496
3404 0.15723162515550576
3405 0.13630065533411012
3406 0.025771903237710978
3407 -0.0038351129907774188
3408 -0.036935489734555065
3409 0.060951019462951714
3410 -0.11722015863211198
3411 -0.08047682776881632
3412 -0.03565092069247925
3413 0.0644033745442425
3414 0.0790360890820098
3415 0.19767972460760944
3416 -0.15675766528396082
3417 -0.19641766782438974
3418 -0.1541888427766667
3419 -0.016066089404549882
3420 -0.013538110868836727
3421 0.06696461798377171
3422 0.010984982258747293
3423 -0.1472624236265389
3424 -0.24414642292384087
3425 -0.22780756871637256
3426 0.13387165356878244
3427 -0.05704648912084064
3428 0.05403303415882664
3429 0.2434824232191594
3430 -0.24257483549830233
3431 -0.282153928323663
3432 0.12818640331216757
3433 -0.1846558792972531
3434 0.026589031282796282
3435 -0.19130521249941643
3436 -0.13540684385329388
3437 0.106817711146273
