#dihedral index   #correlation
1979 -0.6547852717735514
2404 -0.650866080979848
569 -0.6368796750132816
2861 -0.6362336204520578
2229 -0.6229843601527144
1282 -0.6221483647760309
1357 -0.6086278026204098
679 -0.5945670904392429
835 -0.5939883634910726
1715 -0.5913793177683263
624 -0.5906132915220139
187 -0.5890523002878297
2034 -0.5872227039770862
2970 -0.5852063885576397
1160 -0.561724142287878
2625 -0.5549595103816186
1479 -0.5465498198816096
812 -0.5440906748001333
623 -0.5318207316916426
184 -0.5299006523657337
570 -0.527004612951989
3104 -0.5186853545478048
2189 -0.5091330783920313
1626 -0.49868790221352516
1958 -0.4886403770519658
1627 -0.48575326494002413
1043 -0.48454444039918254
243 -0.48410954115262095
2772 -0.47967512247956534
1499 -0.46978886094871336
1477 -0.4660339857466073
1034 -0.4626858276360086
2295 -0.46008962922192786
337 -0.4582096650860618
2446 -0.45639668577669573
1299 -0.45486189157868145
1825 -0.44857736602088605
1978 -0.44409298117667384
2623 -0.44089228392984775
214 -0.43389094023194597
496 -0.43287875196050607
1775 -0.43194773596987684
2302 -0.429713539411607
1628 -0.42273809750885755
315 -0.41787656736171314
2750 -0.41775442289014647
1300 -0.40879584829425747
2836 -0.40782661583364127
1690 -0.40761130693527753
331 -0.40737181562815483
2819 -0.40485773667071373
3335 -0.40174424110769613
3431 -0.40160409499443683
3125 -0.39415761984216946
353 -0.39289454168906174
1392 -0.3909507979493923
1298 -0.38883431880677016
2645 -0.38879725616762323
1139 -0.3873711311641368
2620 -0.38712301049416703
1213 -0.3862295179256411
2365 -0.3810574799667868
3235 -0.3797082086605154
3238 -0.3771700279702057
2469 -0.3770177583116302
140 -0.3729527690428944
1779 -0.3702204782305941
495 -0.364639853006357
2433 -0.3644142702676094
218 -0.36424599822594483
2554 -0.36373342471669756
2774 -0.36253913026086027
313 -0.3598037149126997
481 -0.3595660574531888
884 -0.35637691739109983
2177 -0.3559524825379589
314 -0.3554396688609055
1277 -0.3507327929334473
1952 -0.3458628539153606
1999 -0.33885112545294693
3237 -0.3354513878731298
80 -0.33357551280371395
1227 -0.3321528587456752
1356 -0.32698443643134395
2328 -0.32654681081076176
255 -0.3261821320000091
319 -0.3244646070934021
2285 -0.32446433666363167
1962 -0.3236023195085287
177 -0.3218747202974193
1621 -0.3192080874244398
36 -0.31793501347892816
482 -0.3176848051269022
2005 -0.3173827669948119
723 -0.3171384695464129
480 -0.31687974679636677
1225 -0.3167867514435089
1480 -0.31529951336186457
2773 -0.3138863879089353
2626 -0.3126758633585549
1138 -0.308646548701713
2456 -0.3073771429360803
2187 -0.3067837279834648
1709 -0.30570771863771934
2851 -0.30416834594065595
393 -0.3039086415375678
2089 -0.3029416748819457
2681 -0.30286312257850206
1620 -0.3026225957030271
2300 -0.30259696025903704
2000 -0.3004343437578216
2664 -0.29923923170535843
2307 -0.2981077161760258
352 -0.2972268305453924
2548 -0.2957724450277901
3236 -0.29491083599957585
390 -0.29362087108091267
2091 -0.29318311602518315
1670 -0.2909251294427473
3262 -0.29011122956852053
1042 -0.2879075328846145
245 -0.28683160388383966
2180 -0.28644331188040933
2468 -0.2854946586245125
1140 -0.28499374059167154
1778 -0.2844537798490432
2088 -0.28428076378752554
198 -0.28389292230126123
1498 -0.2814350434360719
943 -0.28022323132211807
631 -0.2787769107183992
543 -0.27684302449441184
3052 -0.27611574606821787
2474 -0.2749951853565389
1784 -0.2740102682644488
858 -0.27399144689612115
2440 -0.2739053403413503
2090 -0.27274419513314285
2306 -0.2710452820592271
1286 -0.2692463044719922
1673 -0.26917033735564755
392 -0.2657483114866101
596 -0.26504055827746037
151 -0.2648827930728382
1704 -0.2640109944083514
886 -0.26065921212858867
1260 -0.26030246275569663
1073 -0.25961002890642054
3339 -0.2581767208393634
1288 -0.25812727075889497
726 -0.2567337635665429
1781 -0.2562558745879625
99 -0.25609407716871224
944 -0.25395088309746555
1153 -0.25332619427169684
2432 -0.2530097890056666
1398 -0.2528400418274992
1906 -0.2492952406436974
5 -0.24840505489221432
603 -0.24731780845091017
2036 -0.24706717129078873
1987 -0.24674645988179175
1717 -0.24583121136453226
1749 -0.2457849523777944
2480 -0.244237538205329
2324 -0.24245327408214087
143 -0.24198611819436006
2714 -0.23983910670807324
760 -0.23850687919587402
719 -0.23846576035357164
894 -0.23829128797944507
69 -0.2375849507759125
2308 -0.2373395656997567
1710 -0.23661414786934215
559 -0.23658103506976333
1692 -0.23637472384596575
1219 -0.234960010827425
1741 -0.23483277286411963
1703 -0.23332430818819155
1726 -0.2332042935571923
1634 -0.23148835989798547
242 -0.2305732239762308
3358 -0.23025814780190137
1984 -0.22964855393047676
724 -0.22488702930210214
74 -0.22468251835000344
2111 -0.22362069188844458
3331 -0.22329505303604177
1674 -0.22132927062935656
3360 -0.22123627420092784
2092 -0.22022202628974397
1762 -0.21811247655943103
467 -0.21795127606167622
2523 -0.2167129785485893
1402 -0.21610067346175332
630 -0.21526072435172847
2759 -0.21458888754127808
1660 -0.21443147706754392
2035 -0.21189012861886306
73 -0.2113835815639302
2838 -0.2112761916156292
3338 -0.21115430432554405
1661 -0.21107646456760443
2437 -0.21071824806197811
231 -0.21016530037201356
2234 -0.21008087731468028
2689 -0.20956105172275064
2058 -0.20870819021297607
725 -0.20844062956865123
488 -0.20763041769522886
546 -0.20753784808297004
2665 -0.20741600206535943
3424 -0.2070511978635244
188 -0.20656888453394526
2950 -0.20650977937455192
3430 -0.20625719202858084
632 -0.20459020736656874
244 -0.20416823026180644
1358 -0.2040446558970862
422 -0.20402064809873172
1743 -0.20398047706851652
2644 -0.20310336847922952
3137 -0.20299981625304117
1033 -0.2024096244476278
2361 -0.2023137259942695
1267 -0.20211044926432864
1380 -0.20153547796362342
261 -0.20139306451042263
1166 -0.20108073326444834
1786 -0.2007158761943221
263 -0.20031040707747974
2434 -0.20019409354683573
3180 -0.20014235328533955
2895 -0.19949225426073508
1474 -0.1993572076033116
249 -0.1993414674616536
833 -0.19930120289581507
1310 -0.19877155420781667
1063 -0.19851873674204318
2680 -0.19844535258849122
2913 -0.19826275074637323
1053 -0.19812741872262682
2110 -0.19679786963008128
1745 -0.19637424048546256
1753 -0.1962132188516893
2850 -0.19520688925930593
2779 -0.19364854872952597
1868 -0.19337171426703942
2435 -0.19267115731807913
3346 -0.19144960113384404
148 -0.19139542661287676
674 -0.19098652779129713
1303 -0.19097805123686773
2541 -0.19065639611936663
1041 -0.18947093288618908
3085 -0.18887116156397382
2179 -0.18884356523945095
2766 -0.18847782134077531
790 -0.18823337960584052
1464 -0.1881028342049684
1738 -0.1879993800683027
1086 -0.18793194433567784
1613 -0.18776226452035882
2540 -0.18710807704252405
1793 -0.18709695456712794
2844 -0.18699470257726783
217 -0.1869465405305198
141 -0.18622004886480256
1262 -0.1855115462293529
1481 -0.1848610972872557
882 -0.18474671798676814
2820 -0.18455502518957437
2466 -0.18437253390296526
213 -0.18333981559917423
2738 -0.1830394094103391
2369 -0.18290021263807849
345 -0.18255387303136936
1869 -0.1824140278832907
595 -0.1823759083455916
1328 -0.18183225498541034
1975 -0.18105004642289407
3370 -0.17989255701862003
1716 -0.17905905465083244
2848 -0.17836226465936034
2340 -0.17791552675888075
2084 -0.17790253996344885
1662 -0.17758083946905012
571 -0.17682088086630288
2619 -0.17536249994632816
1632 -0.17528551745152807
2478 -0.17515417517321943
2325 -0.17469211180523092
1242 -0.17446464308639986
2730 -0.1738077949988625
3426 -0.17329386189540175
2016 -0.172793139897541
200 -0.17221109331696813
474 -0.17193829089887028
3142 -0.17185577370571187
1976 -0.17179232604636932
1102 -0.17128721819859835
599 -0.17079836369768261
2862 -0.17075696549336944
328 -0.17012271525318626
1963 -0.1690543465223069
816 -0.16863090269494338
1568 -0.16829974975816825
461 -0.16827804517416622
2807 -0.1679629180605838
2356 -0.1673985826056144
1040 -0.1672029421566008
391 -0.16609727218687131
1484 -0.16557870677534214
1870 -0.1644522826568639
598 -0.1641925754532754
516 -0.16369083603923898
3432 -0.16333592633297758
851 -0.16324362634254475
2627 -0.1627676614674571
636 -0.16260241539476986
2806 -0.16250361122845314
1221 -0.16233820040995864
1465 -0.16031933794982997
847 -0.16031452939182234
2280 -0.1600620400797384
1824 -0.15991520140163357
13 -0.15968493977452966
2286 -0.15964660594486738
1943 -0.15929171569274997
537 -0.1587125743832995
1461 -0.15777954551009254
2403 -0.15776192961841481
21 -0.15727144017497388
487 -0.1566203837153296
67 -0.15653643219024246
2543 -0.1559023288487226
2183 -0.1555272725421003
1133 -0.15517236019564015
607 -0.1550628341788712
1884 -0.1544753459212008
2553 -0.1544301594398138
1982 -0.15429985529186319
2188 -0.15411398866658002
965 -0.15404794054401774
1616 -0.1532828337098024
281 -0.1526780901958638
597 -0.151931053192265
475 -0.15153171420294706
3323 -0.15150911321117172
2218 -0.15104803187078916
2968 -0.15068070049029855
2200 -0.15051537994408437
3108 -0.15028147376381118
1974 -0.14994396100561624
1038 -0.14959456038696003
1543 -0.14949437603052482
1619 -0.1490328071470375
2635 -0.14786378977035172
3334 -0.14769448751102832
2866 -0.14766904828735697
330 -0.1476582910393177
2658 -0.14760278303875124
1639 -0.14717646366442155
2737 -0.14715730229609253
1049 -0.14586497115527097
1343 -0.14565941612745664
1297 -0.1453953677975116
389 -0.14535419933559238
3087 -0.1452843420864389
486 -0.14509642876506282
260 -0.14496579078424077
1114 -0.144892900014065
1460 -0.14469423173248533
2764 -0.14437206028164087
2821 -0.14424592141167827
1051 -0.14419988493988856
942 -0.14365174222400676
2780 -0.14324185772314355
1360 -0.1428698850609499
2221 -0.14280518101151532
1253 -0.14226622660037064
1295 -0.14224744028107106
1533 -0.1416395310535691
1744 -0.14132418305893724
1556 -0.14103762393046923
1695 -0.14096235703152837
2281 -0.14020795594512173
2444 -0.1401039694908656
3185 -0.13955784697531437
982 -0.13927583009342173
2185 -0.1385479859179614
2031 -0.13790850602147672
1742 -0.13787201069238453
2855 -0.1376686124153231
1989 -0.1373933493641034
33 -0.13735176712745942
1249 -0.13710900604055062
1101 -0.13701693065702644
1592 -0.13684058796453286
3006 -0.1367516208039283
1134 -0.13665938644409806
2175 -0.1364781357923885
2607 -0.1360327738288096
2219 -0.13560389139602658
121 -0.1346576447791026
2800 -0.1346519126405157
2479 -0.13464654350255648
621 -0.1337799132287178
3276 -0.13311644106794088
2516 -0.13309684281134238
416 -0.13305974795492626
1739 -0.13259109584570675
34 -0.13249444110848163
1145 -0.13248616097282406
1698 -0.13199706277753892
1559 -0.13184489697545185
825 -0.13126209354221624
2837 -0.13124316055133592
1143 -0.13099332440518802
2033 -0.13090926065345593
94 -0.1308657272674982
348 -0.13038088228481953
1491 -0.13016320416394833
2348 -0.12885183193914673
1386 -0.12824040023064787
3075 -0.12799876932691104
3368 -0.12782643012155404
468 -0.12730619288834816
2232 -0.12712511069838558
738 -0.12675689177927735
1774 -0.12656274037861506
2107 -0.12628140512561872
3418 -0.12559391941675957
871 -0.1253984964195858
1408 -0.1252799561408904
97 -0.1252335541134167
1731 -0.12519390809727152
98 -0.12512673848938125
154 -0.12479473323378636
1035 -0.12457690505915338
35 -0.12444601803616263
3005 -0.12369153887243299
2920 -0.12368417028101208
1858 -0.12349997152841818
2588 -0.12348184457172602
1866 -0.12334567989002758
1182 -0.12326410668766162
1993 -0.12289811480904404
2039 -0.12283269014079883
112 -0.12278607566720931
1850 -0.1227271512901678
173 -0.1225090834131343
25 -0.1224849430655336
284 -0.12210264882788271
18 -0.12154619230708463
1618 -0.12117023470658342
2856 -0.12116194745309436
683 -0.12115430366779777
2032 -0.12072651903989629
628 -0.12051102369885275
65 -0.12008156652449269
1794 -0.11950089878337541
1691 -0.11942716877854205
2843 -0.11919812083402075
1359 -0.11856453995409828
2525 -0.11856204621621981
472 -0.11822360530451724
1642 -0.11800112177123136
2651 -0.11793737752445299
2425 -0.11768037035292778
1641 -0.1174647091471071
2413 -0.11690500192191378
2805 -0.11613993496317827
2777 -0.11581619438821575
2996 -0.11538515379085432
1838 -0.11533918493719018
1871 -0.11530604615613213
824 -0.11518947035889725
1436 -0.11496165134017818
1663 -0.11475629923354362
964 -0.11462835973581495
111 -0.11452181163294284
2526 -0.11448079700452703
1787 -0.11407550242390078
2299 -0.11397214739905191
800 -0.11394490984652296
2576 -0.1138032878353307
2552 -0.11375685668216184
3183 -0.11364684873227944
563 -0.11355370967164338
1475 -0.11340559627834239
122 -0.11339169018107774
3231 -0.11272295829950867
2916 -0.11242923815451207
3077 -0.11232053303904885
447 -0.11197628496189498
3402 -0.11179518341786937
397 -0.11169100767695171
247 -0.11146090006260671
1623 -0.11136862291652484
1430 -0.11132178897639698
1099 -0.11122490162203852
1318 -0.11119808127064632
953 -0.11112066102433324
2770 -0.11073641779720453
2510 -0.11059732324603126
3254 -0.11053135510487164
1271 -0.110183706131888
3098 -0.11012108815806315
1061 -0.11009193297025831
290 -0.10973884620729597
1078 -0.10959977724627148
2505 -0.10958033983894898
3292 -0.10951822576097625
3047 -0.10900227557757888
2702 -0.10896094703052493
1381 -0.1085917641061222
627 -0.10846657368334875
2677 -0.10828857756310219
689 -0.10827525950637927
2247 -0.10823579463107116
722 -0.10810743023373663
1254 -0.10794971108412608
1526 -0.10763421415500386
1027 -0.10760923825697469
3390 -0.1074854746390224
3403 -0.10742521389181404
40 -0.10714816720382062
2887 -0.10698809041220052
2473 -0.10679317040478443
2599 -0.1065299626041748
1540 -0.10623342245826688
268 -0.10564034213051808
2472 -0.105629862288435
3347 -0.10555513041316252
2467 -0.10511459466805385
1734 -0.10481619028553377
3053 -0.10469424385187566
3141 -0.10467604236033302
777 -0.10453361192341981
2683 -0.10448367938850828
248 -0.10445955698619706
2673 -0.10416744800203638
1782 -0.1041650013125903
1404 -0.10405792370096054
555 -0.10366948948358941
349 -0.10361498029443968
693 -0.10361443916838614
2573 -0.10336137036440182
2662 -0.10311810249181003
3345 -0.10271801980646224
3157 -0.10260171039611685
3018 -0.10254879494135578
1990 -0.10245375361773781
1907 -0.10242400428943399
1659 -0.10237667234692498
1431 -0.10224253348086068
164 -0.10196009124218426
3084 -0.10186116927998438
163 -0.10156844107092083
2762 -0.10137065302241685
2684 -0.10136530176166302
735 -0.10131071875695784
711 -0.10125336122453664
28 -0.10117659585936112
374 -0.1011504674524181
1496 -0.10104234500998217
62 -0.10089248896683084
1700 -0.10078825446620383
2503 -0.10057574645332369
1141 -0.10017576222063208
1163 -0.10002646399993775
573 -0.0998658350667345
900 -0.09984377020166725
3129 -0.09978847097548664
2908 -0.0995881637505034
704 -0.09951263789757929
490 -0.09947824340382004
530 -0.09935719615433347
1223 -0.09934410698996854
1507 -0.09932806764642031
1000 -0.09880528360598372
363 -0.09867507308342403
580 -0.09848859264625288
2422 -0.09838512688819227
2037 -0.09835439108217947
1193 -0.0980450728508686
2569 -0.09784168019277298
1798 -0.09780042361271096
95 -0.09743694112269176
1194 -0.09723882341406187
1245 -0.09717122270657776
1520 -0.09658840389130335
3054 -0.0964385667382675
2755 -0.09589660760250023
2291 -0.09566369478018232
2874 -0.0956384464758552
3369 -0.09529332893693405
1029 -0.09528386379912149
211 -0.09523364531199255
2305 -0.09514717221103577
2679 -0.09509185975434435
2248 -0.09487504060397112
2813 -0.09481786717979557
786 -0.09450781990416367
3079 -0.0940062195049648
52 -0.09397031702926391
3056 -0.09360795894978173
1901 -0.0934753345841163
1319 -0.09331022772445222
756 -0.09314803737754111
2211 -0.09304939808712862
2939 -0.0930433421845202
1095 -0.0929995705819319
1890 -0.09275993603806897
1155 -0.09232249312920611
1097 -0.09219024627224277
549 -0.09201362859579275
612 -0.09181493836394197
1432 -0.0917297783601058
3050 -0.09163640943315031
3173 -0.091589652478358
1595 -0.09150191703998903
2341 -0.0911007535167828
2405 -0.09102144718788613
3394 -0.09087006985631145
1591 -0.09064520975574505
376 -0.0904087919964597
3363 -0.09029382536399984
2785 -0.0902804471240853
1527 -0.0902355074836062
1048 -0.08999088892846258
729 -0.08985848640992454
372 -0.08969390804233719
1331 -0.08968858604535221
2287 -0.08933258825656973
2493 -0.08924219851616258
1683 -0.08924047905018995
126 -0.08913707912425897
2863 -0.0890648300951933
288 -0.08888989050117828
3003 -0.08885458976392868
1206 -0.08884735959729159
2845 -0.08872300613016004
144 -0.08856465128964754
2224 -0.08833644749626382
1903 -0.08819550493430796
385 -0.08810762209939557
3298 -0.08771891541393226
2011 -0.08769098287451604
2914 -0.08760913892270847
2445 -0.08759036144550571
1640 -0.08752793941920145
500 -0.08738919807602163
145 -0.08733837246242106
1090 -0.0867489756315855
357 -0.08670086875408843
3387 -0.08661659250908303
1651 -0.08649396350453105
1015 -0.08641304190976054
2241 -0.08566844941224286
3046 -0.08558427935576783
2501 -0.08557265556340882
2809 -0.08526619432432347
2475 -0.08497763127466211
3186 -0.08496314652190376
3261 -0.08455250827430846
2923 -0.0844025641954826
1427 -0.08437392481177622
620 -0.08405830780359486
453 -0.08384098933854653
2298 -0.08380654082342323
1387 -0.08371876187348903
3206 -0.08367290268305848
489 -0.08343704671005464
2909 -0.08341082603308084
2476 -0.08329018544222024
2808 -0.08325140593515436
1363 -0.08306098078905025
2376 -0.08271598422061638
899 -0.08264101254185302
1764 -0.08262941338402402
51 -0.08245701634198749
892 -0.08240394725163983
2854 -0.08239067858091968
2029 -0.08231027745729134
172 -0.0823026027427912
251 -0.0822469047111594
451 -0.08173334654295221
1251 -0.08163285704626537
2888 -0.08162835236863523
656 -0.08141061824375562
527 -0.08121103731535333
1733 -0.08118295851840085
1988 -0.08097539479733237
513 -0.0808701700765451
24 -0.08083648252253273
737 -0.08069064034355548
269 -0.08060088510552366
2583 -0.0804644143453023
2331 -0.08043676754494787
1382 -0.08001868264469435
3163 -0.08000094862520313
229 -0.07985081949535118
2713 -0.07978447426682195
969 -0.07975462677722087
2395 -0.0797054399079572
2788 -0.07964709595576266
3327 -0.07950804488090676
1045 -0.07944010261954555
2769 -0.07937172510905151
622 -0.07926840932588057
2570 -0.07915167785645875
584 -0.07912378560088348
1123 -0.0790399185237814
1645 -0.07891241116172963
1667 -0.07888991996274064
3027 -0.07881509488629185
661 -0.07873424863620065
2249 -0.07864689197374373
2960 -0.07861761933950161
1857 -0.07840572245094043
2890 -0.07819442719894257
3028 -0.07818659273646605
129 -0.07806768287558129
2670 -0.07799034505296708
3384 -0.07797288066084028
962 -0.07750134560941262
2209 -0.07746694490124367
658 -0.07741875709646436
2147 -0.07723926000467285
2156 -0.07715645444178952
2994 -0.07696277681777795
1888 -0.07687933289928532
3034 -0.07682531392147424
2096 -0.07676005072182529
2017 -0.0766318527281262
554 -0.0766236829534596
2329 -0.07583153925397733
1624 -0.07582454204856379
1977 -0.07569084330188265
1250 -0.07565969912865025
779 -0.07560387976569546
404 -0.07550576673905222
970 -0.07548136540245255
3321 -0.0754442312147281
616 -0.0754223552689028
2869 -0.0752182658395363
1459 -0.07515244078392257
1699 -0.0750603261757101
677 -0.07502937987118594
3048 -0.07500612920956282
2783 -0.07476271420414408
2304 -0.07475676575284683
2268 -0.07468376034929931
2394 -0.07454850548525416
3242 -0.07451810589790202
2605 -0.07442231542457577
1818 -0.0744182202803161
1819 -0.0742302014813722
1329 -0.07420470144231402
2952 -0.07401137820419448
220 -0.07391745317431923
3367 -0.07387951818579298
2006 -0.07381962437718033
846 -0.07363939562053672
3045 -0.07359558096037351
2443 -0.0735934976791825
1872 -0.0733264375359152
1039 -0.07321871303515179
491 -0.0730676688641864
197 -0.07305555203823787
3300 -0.07301889663688932
3202 -0.07291270703698333
1536 -0.07279746845893817
1195 -0.07272152170434788
55 -0.07249238323029257
1594 -0.07247068587168695
1554 -0.07233388818401537
2551 -0.07225762609367971
2128 -0.07214006140046063
2367 -0.07212635444000871
3332 -0.07203871650960411
132 -0.07194189075907156
2343 -0.07191488467576881
1062 -0.07187735050801308
2455 -0.07180413001701864
1995 -0.07164129484898665
2122 -0.07163628192327184
1537 -0.07145128825118062
2915 -0.071152528861488
2984 -0.07102350797396377
2 -0.07087851983631731
274 -0.07077654399981465
1664 -0.07069165250498746
954 -0.07068788031043786
720 -0.07054574637794005
1854 -0.07035453117017797
189 -0.0701285330280379
2061 -0.0701148956853652
3333 -0.06996028801382584
180 -0.06985186510370735
1512 -0.06981228842507262
2208 -0.06980793677553868
2641 -0.0697139613659249
413 -0.06926512108663396
1702 -0.06906925960558762
199 -0.06898616109345321
1605 -0.0688348444187274
507 -0.06868638157786149
686 -0.06868054005559074
2912 -0.06854504746895788
202 -0.06834282386566226
325 -0.06806171279483827
2958 -0.0678996463205071
2419 -0.06787209251931788
2700 -0.06786869102934337
901 -0.06771007656531511
1515 -0.06766925829511483
1953 -0.067515220465288
2638 -0.06744783052041496
1792 -0.06730606989746345
987 -0.06723111552095443
1552 -0.06722678674658496
3035 -0.06714425165703358
3265 -0.06707332325424145
1091 -0.0669204849710162
2517 -0.06671237954645264
744 -0.06665837621376133
2965 -0.06653087473888625
3391 -0.06649813005943106
950 -0.06636910925387132
27 -0.06625911462073916
1881 -0.06617685565316551
356 -0.06609441319320952
1205 -0.0656377069731594
2279 -0.06559503866260064
2742 -0.0652424494741341
1925 -0.06516474429707764
2951 -0.06510966723027967
1172 -0.06494150702450521
3249 -0.06488905742772033
1944 -0.06477620701975152
1494 -0.06473429246736241
2611 -0.0647330110519327
2629 -0.0646519742879173
2426 -0.06464633330112475
3234 -0.06452827195272139
1403 -0.06436443141813732
3106 -0.06417381112875975
1010 -0.0641644528171501
745 -0.06408869430058399
2250 -0.06407662322408908
2566 -0.06394505889100942
1923 -0.06381646977152386
439 -0.06374877763720202
2924 -0.0636659834837946
3269 -0.06363029582951613
2420 -0.06348836593056333
1064 -0.06342588902666293
2496 -0.0634020213189706
2105 -0.06337384472717753
130 -0.06330670117451087
1135 -0.06325102816165556
1070 -0.06324165668539018
1364 -0.0629781950444777
3414 -0.06291293958765488
2661 -0.06286530451838072
2397 -0.06285240708362
1230 -0.06266014277787442
1516 -0.0625303718317185
115 -0.06236714176407348
874 -0.06228570162351359
2355 -0.0622670608568095
1844 -0.06223720486886835
127 -0.06218020452188043
1502 -0.06213433489905365
2734 -0.06212162251850843
3211 -0.062053688624691336
960 -0.06203680068776885
562 -0.06203054690037919
3007 -0.06198116833623965
1814 -0.06186867824405604
2223 -0.061807441135603644
2103 -0.06173399424229935
1777 -0.06172414515262732
1424 -0.06165759078116826
1281 -0.06152508571789109
2648 -0.06130340592861763
3302 -0.06122205031637343
2085 -0.061212646112947224
856 -0.06114652786794198
445 -0.06093282684707934
2885 -0.06088788728194188
1865 -0.06083189551957666
1886 -0.060777210008713445
37 -0.06072195775366876
306 -0.060705807690956605
2327 -0.0604994879362302
872 -0.06032285292728296
1006 -0.06016203927013588
3245 -0.05991122215840902
1650 -0.05974342110191271
1685 -0.05971378847598758
1768 -0.059486016330821345
2289 -0.05943882167619587
1994 -0.059304684187491886
3181 -0.059290680485759806
1637 -0.05927444978211995
2044 -0.05915885170164614
2026 -0.05899249236394087
3244 -0.0588937773618782
3425 -0.05888481292934845
2997 -0.05885316312445422
3319 -0.05876585779335013
425 -0.05858294570979311
3230 -0.058372141108717676
1216 -0.05833068349576161
2233 -0.05831356870425078
2488 -0.058283739876953164
1210 -0.05827923659472474
3247 -0.058212409701161004
1708 -0.058165622768657395
1207 -0.05805208030147131
499 -0.05797996654841886
1457 -0.05786743061407957
3399 -0.057853373004674746
201 -0.0577874332172687
2716 -0.05761899616389425
2506 -0.05756827791593182
2339 -0.05752266561313363
384 -0.05735656661612758
2192 -0.057337723604254084
47 -0.05731208889216155
2152 -0.05722722091725558
870 -0.05720432270369775
387 -0.0570783704783306
105 -0.05697179129071195
410 -0.05696252905475222
1012 -0.05693851907586078
1614 -0.05678918006244361
204 -0.05675849584691523
48 -0.05655625324133072
444 -0.05645232135938052
1908 -0.05639866814399833
102 -0.05629624014825562
1117 -0.05613829680015779
1142 -0.05612782876233608
1151 -0.056033153432582
2733 -0.05593172167914009
817 -0.05589436139918982
1452 -0.05578100348390022
3362 -0.05577544770566337
2685 -0.05572610500246655
2459 -0.055557831588213855
232 -0.055389417961087824
2002 -0.055176710976092495
473 -0.05510624679948658
1518 -0.05508885104749563
2555 -0.05499469593344723
285 -0.05481412137425119
1804 -0.05479863516774464
2373 -0.05461066689435419
1214 -0.05451241411174877
798 -0.05429989650232223
1813 -0.05414178477973054
758 -0.05410881490473194
1550 -0.05393599811720052
1971 -0.05382557009447032
3080 -0.05377590346233607
2296 -0.053643931159700536
179 -0.053549120213899876
79 -0.05353831220808407
914 -0.053517377015198535
1106 -0.05350749080444153
951 -0.05323237064067898
1105 -0.05314603024039245
2668 -0.05314065694390275
1122 -0.05307652880672389
1016 -0.05291277830148045
1080 -0.052850440725448485
1584 -0.05272013139180428
3281 -0.052629688394538784
85 -0.052610649877213894
660 -0.05258228656825441
523 -0.05249257579672658
2364 -0.05224718621691534
2284 -0.0520164675924691
408 -0.05195894558462912
1877 -0.051941355359433575
2875 -0.05192484961266262
670 -0.05189315396044539
1986 -0.05188992905150157
1052 -0.0518774359828271
3240 -0.051777178897582724
2195 -0.051455793941674724
2799 -0.05142254750670632
259 -0.05139127027369006
2932 -0.051359349695032426
558 -0.05105986787461764
2168 -0.050969087098534954
2666 -0.05088703695390461
1723 -0.05088497574809597
639 -0.050704324164256
761 -0.05069935419150835
718 -0.050540899491430535
2173 -0.05047574299391992
2542 -0.05045747361505863
583 -0.05019086890415974
2423 -0.05016552048875332
2215 -0.05013796954991263
3095 -0.05003522712842723
865 -0.049962903177166056
540 -0.049703126457096306
979 -0.04965669501725233
1911 -0.04957587939929501
2021 -0.049520463243332855
2210 -0.04943909218572267
3398 -0.04937928501561765
2656 -0.04934305326806592
2674 -0.04898657349466647
2585 -0.04898435742520387
508 -0.04877325647644979
1997 -0.04874907129798439
301 -0.04866130860255447
2717 -0.048653612651475144
536 -0.04862013481169747
3177 -0.04854632857098212
1557 -0.04850678681318827
3356 -0.048471601273054006
3419 -0.04838038876371052
2258 -0.04826710584652
1615 -0.048258579903598636
2326 -0.04819539219871567
2587 -0.0481567891606394
1823 -0.04814073497345376
2442 -0.04811807052207916
3110 -0.048000656165560256
862 -0.04792082014516696
840 -0.04755497863518412
3359 -0.047460236967101756
2550 -0.04733575926297598
1585 -0.04726629567239279
878 -0.0472642639636507
419 -0.04720548644382335
2314 -0.047204643535747236
3037 -0.047136962358426834
1514 -0.047077754305627176
1391 -0.047036378525088955
1198 -0.04675575298213409
2580 -0.046749112074518234
2372 -0.04673540936298797
275 -0.04656101285247485
133 -0.046527473384434165
3184 -0.04646671665183209
2520 -0.046419233748959426
370 -0.04641485948038538
2870 -0.04635955138184324
1900 -0.04621906598426763
648 -0.04616414126050725
1985 -0.04609501254495679
1834 -0.04604632948758396
2273 -0.04600528101719622
1602 -0.04593462726369453
1945 -0.04586366827267875
1983 -0.045849394683980686
190 -0.04576726617164194
2597 -0.04552719885043272
32 -0.04551515476872235
3162 -0.0452299197032095
1176 -0.04512529228842832
1601 -0.045079577657298815
668 -0.04500926582439211
1144 -0.044926551713594456
989 -0.04491515261211998
912 -0.04478232142931911
806 -0.044640817616064386
3317 -0.04440982312393696
2535 -0.044316541634927646
2944 -0.044303474011600695
1208 -0.044221541791919845
3395 -0.04400887467630039
3203 -0.043858062731771855
458 -0.043786742361102755
730 -0.04378150521477151
2424 -0.043647643527290315
1522 -0.043443910719588495
808 -0.04340335393838714
667 -0.0433094474968621
1108 -0.043113919103207214
492 -0.04292131341656918
3386 -0.04281534936355036
728 -0.0427748332894147
799 -0.042744970973738916
1001 -0.04268650383639656
652 -0.04248296858348774
3102 -0.04242216273073991
476 -0.042155919861273296
2120 -0.04214108442917304
2560 -0.04212740926967955
3001 -0.0420447414029008
1379 -0.041989178530274465
362 -0.0416981114146396
2589 -0.04163757708455811
2082 -0.04160320887947306
3221 -0.04153900353276735
1119 -0.04150284815520656
87 -0.04146024614090428
2929 -0.041428221886701706
2127 -0.041322629844182265
3171 -0.04128085114474682
1321 -0.04118145849281703
1308 -0.041007942878333446
3109 -0.040841851943107195
2853 -0.04078808327056639
3353 -0.04076752596079847
159 -0.040571521165497886
477 -0.040504855092404105
1050 -0.040480069181631856
717 -0.040440235647203254
2049 -0.04035093221922234
30 -0.0402189172459725
1434 -0.040115682045736324
203 -0.03998790082609656
755 -0.03997567817731346
3427 -0.039767253008738186
2972 -0.03958832914201777
386 -0.03956820903818135
2009 -0.03941410856194922
984 -0.03928204374002763
2606 -0.0392519717631247
3061 -0.039147492696022815
2146 -0.039067228886465945
2065 -0.039018650377207316
1964 -0.03885084222016807
3019 -0.03879837892537324
3218 -0.03862757531377915
2883 -0.03836450645750825
3036 -0.03835651448998669
1239 -0.03834935053520452
2701 -0.038301384733997905
1022 -0.03828430275306412
1441 -0.03813414767922111
1910 -0.03800231638735018
619 -0.03790408099187917
168 -0.03786897155010644
1725 -0.037856470764915155
2797 -0.03785382290011493
1054 -0.037808312786116786
2791 -0.037802125930469985
968 -0.037775437337590916
2194 -0.03775037158644461
2647 -0.03767646454985105
49 -0.037665581302935534
869 -0.03753306345907569
1682 -0.03724251614708817
837 -0.037231967226378
1797 -0.03721206968705235
1904 -0.03719749377248778
2387 -0.03703336256423707
727 -0.036987913501553366
2786 -0.03698154207946529
267 -0.03694977914306373
1736 -0.036920742303820094
1003 -0.03687575340672931
414 -0.03687283156631973
577 -0.03672517584401836
350 -0.03669618065371959
3382 -0.036476353367891415
610 -0.036475685590699525
1909 -0.03642107572133392
769 -0.03641435316239385
2962 -0.036356379311586896
1014 -0.036304795234622995
996 -0.03621637470788513
2252 -0.03619231637575345
2561 -0.03616447372690736
2004 -0.03610137838308397
3248 -0.03607125663906707
2344 -0.03595314584087787
794 -0.03568948612195
1705 -0.035581147019479745
2546 -0.03551583269906641
1873 -0.03535387544630275
196 -0.0352797444553464
2357 -0.03516546615161377
1081 -0.03512264757886242
2238 -0.035019696093121194
1098 -0.03470235213793424
3385 -0.03452619421555025
2452 -0.034520926712536724
2451 -0.03449818420836424
3266 -0.03449043410703465
1513 -0.03447294461991391
2136 -0.03428215951452974
739 -0.034162700829413896
312 -0.03411874615501767
2985 -0.03407655068618907
1323 -0.03394967096932781
3288 -0.033941696873956505
1617 -0.03389649092007201
1085 -0.03383279395359526
618 -0.03379672823648763
2991 -0.03371715233769733
86 -0.033672259997178745
493 -0.03356717261208651
957 -0.03338926556236135
466 -0.033351724708146645
2297 -0.03334070852143653
742 -0.0331702273764372
3420 -0.03316807672819627
2347 -0.03293480194965192
3351 -0.03284849185620285
854 -0.032805524532274914
449 -0.03232326762200038
552 -0.03228352984611448
286 -0.03226536173693288
564 -0.03220260455049083
3092 -0.03218276146750211
1109 -0.032134922684127244
2938 -0.03206881806101288
2272 -0.03202361989153345
2114 -0.03196582183210504
551 -0.03189536410666854
3411 -0.031812990575653684
977 -0.031748942827206784
782 -0.03174228071020411
1369 -0.031590597904637245
1255 -0.03155239410635114
1740 -0.03152215087831301
920 -0.03147664999817318
147 -0.03127002701086716
2724 -0.031201709580129494
2577 -0.031131437031803984
3112 -0.03108227696603932
2522 -0.03088071996806974
774 -0.030873215133064125
1385 -0.0308558176422909
775 -0.030828471737702177
520 -0.03081813700159721
459 -0.030749169794713697
2988 -0.03070305828893849
2894 -0.030643861989267544
2216 -0.030615234233216
1932 -0.030613416326262344
2521 -0.030556510146379553
289 -0.030530241877012407
2145 -0.030404033329090953
1226 -0.030147499022719088
470 -0.03008456505334465
3222 -0.029885939015072967
2203 -0.029806918652320772
3293 -0.029741025903452806
1966 -0.0295915293620525
2406 -0.029527798878960766
974 -0.02938091820273715
3273 -0.029373577789213325
2834 -0.02934830333604851
2046 -0.029240462185152735
3148 -0.02909178828789216
3295 -0.029058907028347347
3071 -0.029039890654235626
322 -0.029014659183404026
2129 -0.028916727901932403
153 -0.02888173664105083
947 -0.028778459097336343
3176 -0.028751011056239492
411 -0.02872598762398577
1420 -0.028574607431133638
1555 -0.028543941263141505
15 -0.02850360913324724
1535 -0.028463274766170436
2018 -0.028285425710694125
1002 -0.028277704736438
1346 -0.028146328933861615
3196 -0.028098520868032457
1293 -0.027841858211425624
2301 -0.027704159878994737
3314 -0.027682822066039888
3308 -0.027651966820549833
1220 -0.027485361224329957
415 -0.027321263533406998
1505 -0.02727200822353556
441 -0.027269359168834068
2353 -0.027222302219149862
388 -0.027219230128827165
531 -0.027085481665577796
740 -0.027069273595305934
1083 -0.027051823934041253
2969 -0.027042235514245137
911 -0.0270144454478651
2544 -0.02699239070264661
3354 -0.026962422444399788
84 -0.026915340506218213
2586 -0.026877067198641077
2765 -0.026818325518046197
1799 -0.02680113906167484
1686 -0.026758880152190818
2846 -0.026735617722168443
3150 -0.026614312886592426
409 -0.02652922380150961
3143 -0.026405588451765123
2071 -0.02625219349237825
875 -0.026184918058439588
608 -0.02608615783776579
2119 -0.026083284724962845
906 -0.025994090688328888
2338 -0.025799153215442714
2592 -0.0257420146187898
1204 -0.025675562843064974
3311 -0.025674600638703762
2158 -0.025519428310517504
3205 -0.025491698640091764
3154 -0.025490452966180605
1914 -0.025403876977918745
136 -0.02534938189742943
1341 -0.025334491832776456
3263 -0.02533249599175238
442 -0.02530183677193223
557 -0.025257593028384415
2792 -0.02519992153700186
1495 -0.025100187341231518
3233 -0.025072874270301436
2427 -0.0250012526935682
672 -0.024991585725243532
1856 -0.024967271642293173
3357 -0.024961818953603537
1812 -0.0249605019292707
3380 -0.024944665236129607
131 -0.024867488021603705
106 -0.024706227791568447
2421 -0.02465404283273954
1366 -0.02442471690454924
955 -0.02440360020213158
166 -0.024341640747073623
902 -0.02422017233864201
300 -0.024203083967143855
860 -0.024183959678033017
3376 -0.024126875276293938
1263 -0.024075524780187315
2007 -0.02400503494747379
3304 -0.023844482567056662
1635 -0.023753090859868348
3320 -0.023441039800603893
165 -0.023435189334204003
1009 -0.023267752655154714
1622 -0.023246119530159187
2254 -0.023245776596127418
2828 -0.023229601652607196
3188 -0.023216997199080686
1435 -0.02320669194215442
2045 -0.023200852584383567
3164 -0.023192468006318155
2760 -0.02315754251714528
1720 -0.023109834696564337
1338 -0.023084921232724282
1565 -0.023030091928261272
2704 -0.023001979658734698
1229 -0.022954583350515742
988 -0.02276120952303064
3072 -0.022619742510058504
1867 -0.022588429511089695
2790 -0.022550796066637558
791 -0.02251276719671324
1265 -0.02246403907931792
471 -0.022389430192421376
2732 -0.02220495142349447
2190 -0.022171740906446084
1567 -0.022101995173504967
1752 -0.02207903230470285
1810 -0.022053013683889237
3350 -0.021932865338331633
1785 -0.021864469612938135
1593 -0.0218375865374753
1934 -0.021822191312960655
502 -0.02181502317993141
1067 -0.021693858313813454
1847 -0.02167066735455809
3086 -0.021650876222155804
767 -0.021605905041826644
688 -0.02157322725707457
3361 -0.021550209188872925
2086 -0.02150485593527701
2676 -0.021474126607923045
936 -0.021378021498768485
2740 -0.021294136269127503
6 -0.021144698142187595
1096 -0.021007447070352202
483 -0.0207023988941122
512 -0.020648001088567684
961 -0.0206047095468774
2142 -0.020603588691528407
2400 -0.02045514594480249
3299 -0.020234143878870254
918 -0.020175978934568215
3082 -0.01999368801188438
2568 -0.019979556965875153
3159 -0.019969466127597334
2237 -0.01992869579776798
2417 -0.019882656560582457
2411 -0.019830216683645492
2793 -0.01981755899825899
4 -0.019787260262141834
1864 -0.0197682845289285
3199 -0.019662328765505083
556 -0.019584744877671263
3076 -0.019574415447202266
2567 -0.019491713826157223
2621 -0.01946569992831066
1177 -0.019245071617195325
3083 -0.019243443858505984
2678 -0.019170059040103903
1789 -0.019129050106678622
2068 -0.019113855244878547
1562 -0.01906832189175875
1874 -0.01901275507019869
1187 -0.01898814252000674
2131 -0.01893688127666423
574 -0.018716471977373812
1590 -0.01869240525910896
926 -0.018368670205506598
2739 -0.018310762035355532
3017 -0.01830213542297209
3008 -0.018267525022034607
1088 -0.018233787347689125
1648 -0.018229686453636776
104 -0.01816811099775955
375 -0.01807351856417831
1805 -0.018067860118165743
2706 -0.018063672618570187
2260 -0.018061984417840442
1458 -0.018049549089685365
3049 -0.017941199428929654
2370 -0.017834845511708313
128 -0.01766785873631525
1104 -0.017635015405468305
3170 -0.017575939917411507
1490 -0.017500198696735414
1918 -0.017451740353075514
2264 -0.017221955531097954
90 -0.01715402923088997
1103 -0.017108873212370174
2995 -0.01710740693842651
2527 -0.017100066414012058
1322 -0.01709127752897209
1438 -0.01704767416216847
452 -0.01692409373911922
2709 -0.01688278785150198
2563 -0.016820822071357183
2162 -0.016779373372968587
162 -0.016766051644131922
1756 -0.016765919677842814
23 -0.016685039464377112
876 -0.016669011308104626
1930 -0.01661423980781199
1161 -0.016610100606432233
994 -0.016531796913701248
985 -0.016520371194051146
303 -0.016406685369480978
2794 -0.016288864793559694
2630 -0.016244773002255346
3226 -0.01623811505616803
748 -0.01615825479028143
2101 -0.01608631697956219
2910 -0.016024517978535227
2956 -0.015933670328110994
754 -0.015907127619354613
1058 -0.015905652394001872
403 -0.015652481424606558
1292 -0.01564442671410347
3371 -0.015609708616484794
651 -0.015580043931739455
3393 -0.015473553301221358
2865 -0.015295750304779122
561 -0.015291953531943467
2055 -0.015229305916752006
2290 -0.015193883968486827
457 -0.015153136693418395
2174 -0.01512265787734366
664 -0.01507880362235879
2494 -0.014850334848481991
434 -0.01483511663111248
579 -0.014661451065786348
1 -0.014654167665645581
2161 -0.014618822146611239
137 -0.01459201560958464
2201 -0.014552507173002703
118 -0.0144241517084513
3379 -0.014351741315022135
1241 -0.01429019952576595
2746 -0.014270971531338541
2148 -0.01424433365995662
1373 -0.014213052431212635
1175 -0.014206170942352008
1876 -0.014179187245428233
733 -0.014161382214796936
780 -0.014109263327279471
295 -0.014062692783944026
807 -0.01399333449482403
3069 -0.013790201167971921
2132 -0.013581357314980282
1580 -0.01357572856510739
116 -0.013497386224030019
2978 -0.013451045518619411
3026 -0.013396415535996213
867 -0.01339115799015018
1646 -0.013378350848338178
3251 -0.01329239372645833
2671 -0.013230441089658497
1313 -0.01322905860389927
699 -0.013227965420303493
371 -0.013200221757245448
3161 -0.01307704495617447
1912 -0.013067500623857906
2253 -0.013022381247185704
3058 -0.013000986069103751
845 -0.012995457935478285
2278 -0.012622532290480161
2767 -0.012566765288040214
305 -0.012548953761654852
1235 -0.01252859218786353
2990 -0.01248566217254618
762 -0.01247970450170909
1005 -0.01246103044990411
2109 -0.012366786827063162
1803 -0.012339752552523564
1266 -0.012289054305853881
1252 -0.012168345008632175
1276 -0.012160100547572963
2901 -0.01201455458475212
1633 -0.011909571208927232
663 -0.01187207708590071
2934 -0.011742062417383277
2859 -0.011741855288045666
2652 -0.011673806682112525
2578 -0.01160532867989394
938 -0.011605046802224503
134 -0.011412175491937862
2240 -0.011361459194839394
935 -0.011281225806851763
2926 -0.01121184204066167
1233 -0.011190935986825277
1654 -0.010994044788725496
2598 -0.01082558763619633
2614 -0.010784669394780398
1132 -0.010759632540398063
1572 -0.01060032521948593
1652 -0.010471253634307382
1644 -0.010361619137131186
3417 -0.010228739712778599
340 -0.010185840779712418
1816 -0.010184433943695767
743 -0.0101808733113254
2186 -0.010169380113675273
2288 -0.01011780146823073
3252 -0.01006455607870639
2617 -0.009959358261757305
2375 -0.009889557404922712
1447 -0.009832332611689802
653 -0.009829266578645322
1894 -0.009774039979940748
2213 -0.009770194473467678
2959 -0.009766191178459135
635 -0.00968122700733893
2519 -0.0096338290899761
2081 -0.00962807991174656
2014 -0.009624200690259746
2143 -0.009604427941699231
1503 -0.009572550830658237
1577 -0.009330725572740768
501 -0.009304414325141428
239 -0.009291389141716355
864 -0.009277151238417205
2112 -0.009216563157022907
795 -0.009207804734422145
3113 -0.009197971830635508
3246 -0.00919548642571477
1057 -0.009190227680018924
1587 -0.009164264007009952
2900 -0.009160796674213906
1806 -0.00915362131356934
1889 -0.009153180771505834
3229 -0.00913910344629237
3341 -0.009131099711102679
764 -0.009105256821164032
3059 -0.009066057211642041
1217 -0.00905839029818866
3067 -0.009007690891048904
3316 -0.00897118605343281
1094 -0.008894151668896823
736 -0.008832658645062802
2840 -0.008612826307603006
3228 -0.008464232871827909
778 -0.008407723679536724
981 -0.008271468901290466
1967 -0.008257193548615925
2121 -0.008196363413322739
1007 -0.008094925747687337
2484 -0.00803073833071167
2134 -0.007919367149761233
2955 -0.007785549220481601
1013 -0.007782585530167158
307 -0.007752768402226434
1305 -0.007672069541671211
3280 -0.007617931424355559
680 -0.007589028426300402
2889 -0.007558854363946251
1719 -0.007536052547603254
1183 -0.007512001509676739
2594 -0.007485031647734286
3043 -0.007471921956747549
1446 -0.0074584823637198795
3227 -0.0074478866024016745
2075 -0.007432770061906578
2261 -0.00742537913788318
2236 -0.007312029051342356
1336 -0.007301851186108042
39 -0.007294827210275721
3219 -0.006945561160712001
3352 -0.006757100703864814
1950 -0.006741376240799107
2317 -0.006712611512351728
1892 -0.006694213206086235
1817 -0.006573058815777927
3315 -0.0065685615101714855
2130 -0.006539853929772022
2966 -0.006482176167324135
2165 -0.006459100544779987
1234 -0.0064171306949165055
734 -0.006406257330820472
1596 -0.006381873039753475
2590 -0.006255731844827797
789 -0.006211178295395586
2030 -0.006182347457367495
2528 -0.006166282046856666
91 -0.006152585617244165
2100 -0.006149745571256443
1524 -0.006025264964017344
88 -0.005983255748540298
1008 -0.005940605162723651
907 -0.005890444867528417
50 -0.0058424949971444835
462 -0.0058396235777919
3301 -0.005820678472686659
2332 -0.00576124408006116
503 -0.0056980816314327375
1915 -0.005695438877512025
2842 -0.005694290214517861
804 -0.005679887014039375
732 -0.005615840158426996
1444 -0.005591224889279613
2741 -0.005584950094834105
1137 -0.0055787179150929385
463 -0.0055215566278219415
224 -0.005393316163811001
3111 -0.005385646855431741
2756 -0.005381000558688092
1942 -0.005275671295030874
526 -0.0052377423688721655
406 -0.005236122688021154
3259 -0.0051538175320052886
20 -0.005072065971674249
529 -0.005021022329268634
2603 -0.004957159074150425
3436 -0.004948008074585868
3197 -0.004912563543208463
2322 -0.004861139699837824
2533 -0.004848212186165784
2987 -0.004799257722009491
617 -0.0047678653369355485
1969 -0.004702765830374838
3068 -0.004621389948264422
2891 -0.004554160178695665
1842 -0.004383595937801409
1672 -0.004365524442684012
1232 -0.004202733608841981
2943 -0.004049924052256176
919 -0.004026679127824638
1773 -0.004026302594846497
2163 -0.004025494655666966
2511 -0.004024168930441257
1196 -0.004003688084260677
2350 -0.003931843946842236
2345 -0.0039027082815866797
2380 -0.003898428082486201
1929 -0.003852898143479186
1335 -0.0037825832319174314
1575 -0.003767723075674298
2428 -0.0037596335174307043
1574 -0.003726640163929149
3191 -0.003628318114313583
2133 -0.003559316062029873
575 -0.003485258051561682
3131 -0.0034624931914801504
2024 -0.0034522084474705125
192 -0.0034482942294152227
2181 -0.0033407176999633846
1891 -0.003111033512737318
206 -0.0030959478430703786
448 -0.0030881737322455234
2936 -0.002980811756692227
1696 -0.0027112882638214413
1862 -0.0026434186274366233
991 -0.0026282137967132166
1848 -0.0025746140497006145
117 -0.002550265644239404
3057 -0.002533058515020491
1926 -0.002418302887490696
2222 -0.0023886120347144904
2460 -0.0023096180197914496
3179 -0.002055267821968623
929 -0.002016929067165295
3383 -0.0019835056514992903
56 -0.0018399563087747209
2518 -0.001754861669804258
3283 -0.0016895009983976614
3038 -0.0016873358088943526
2698 -0.001647528390834965
2935 -0.0016212947767344464
2135 -0.001584100180735207
995 -0.0015398604468570367
2871 -0.0014877109895568114
3155 -0.0014466109132014345
3410 -0.0012334725835057212
2948 -0.0012205860785431102
3055 -0.0011663024053690854
3070 -0.0011063759570999101
2262 -0.0009925418766699291
702 -0.000844081436415823
997 -0.0008004825931828738
193 -0.0007371606867153048
432 -0.0005160734817932841
2078 -0.0004672171227619914
365 -0.0004545750306253304
2054 -0.00037787205129533567
747 -0.00036323864572827857
915 -0.00032597428417236623
2217 -0.00024087755328892855
1181 -7.581149303560981e-05
1711 0.00012741938007081118
2416 0.00013978674416060782
2080 0.00016165766905491526
2591 0.00031795203873778087
460 0.0004196931528401422
888 0.0004388012824912272
2795 0.0005499536218673052
2964 0.0008922452906197316
1921 0.0008966094667771832
1751 0.0009979879975267095
2703 0.0010270679822337923
2796 0.001029603633140961
642 0.0011845534315624
225 0.0012583127279088599
2251 0.0012635812930329826
1089 0.001481697396843975
1767 0.0015184924681915708
3374 0.0016685849522759687
924 0.0017085104794904299
1454 0.001740890390937521
3416 0.0018795803596362143
2624 0.0020207618587133793
972 0.002044332994847605
1340 0.0020831002450335057
3400 0.0021114136880261663
3020 0.002134729855663201
1407 0.0023106540440335096
2099 0.002351376776089118
939 0.0023767648111231894
278 0.0024578674484662436
1467 0.0025363247931852254
662 0.0025679470744354596
1069 0.002706617353420735
793 0.002750667068531281
2067 0.002800073824446183
3337 0.0028071545928294904
1607 0.0028404970289495784
2953 0.0029108448843634302
1112 0.0030421471698530915
666 0.0030436055560375333
2207 0.0030739176780808374
1077 0.0031206968255399698
2556 0.0031718862943587267
2123 0.0032218107884320647
1421 0.0032742264823122634
2490 0.0033373420013135782
119 0.0034149464709994633
3250 0.003459934241982184
2744 0.003575122231332385
1960 0.003617747245749125
1129 0.003631058917745972
2789 0.003644183876708487
3275 0.003720625148489794
958 0.0037531177537675885
108 0.0038020943005953904
1339 0.0038287394435408866
2646 0.003866843533839292
1371 0.0038853121098723622
1173 0.004069599207097767
3063 0.004102385156707401
3303 0.004189838633715221
2041 0.004208956431240644
1796 0.004303097286969114
2989 0.0043305387405566725
941 0.004343141479572201
2193 0.004409425355763946
135 0.004417091006306682
2342 0.0045138731966532794
2618 0.0045913261868252495
2954 0.004592712142402506
927 0.004593928507717479
1378 0.004655702190430067
1657 0.0046846742888072826
820 0.004711070716717545
922 0.004733786011074138
344 0.004758568490540414
2945 0.0047913394037699016
548 0.004805971683892331
1306 0.005073135019390144
1649 0.0051615656044451015
26 0.005177123105754855
2320 0.0052152781159512385
821 0.0052167386776478175
2531 0.005299864890984397
703 0.0053032517215349136
1638 0.005433449913298499
1174 0.005444935971722498
57 0.0054769030127327575
3009 0.005615559768292031
1917 0.005623874369996137
3114 0.005841219645593014
2166 0.005850096417592729
3271 0.005867458328479129
578 0.0059578441422758355
2899 0.005960212711483732
615 0.006128398494285203
2015 0.006164204913791685
932 0.006217338515914781
1506 0.006218102170945524
1902 0.006251994601345538
880 0.006311623832358229
2118 0.0063484312124271365
3349 0.006356595191517634
2963 0.006400388644486551
1849 0.006403224661555779
671 0.006446792177242085
2072 0.006447099790758146
3216 0.006668327424238073
1396 0.006750572636464836
1724 0.006899755376203395
2409 0.0070072281675420895
343 0.007014967330322723
2604 0.007096180912778595
2079 0.007108011433851467
1713 0.0071356916641872985
1201 0.007202730657746253
3312 0.00722813057665388
1337 0.007308457591308966
3212 0.007423003952961211
1937 0.007449041454542753
921 0.007449939103669358
1748 0.0075579909795925266
534 0.00756855704278665
1275 0.007576125727768894
3022 0.007810475314596863
916 0.007895391477165354
2515 0.007947002385557528
44 0.007965025258717473
945 0.008272574461982393
2052 0.00832353714133328
1863 0.008340946893178039
2530 0.008361215055212921
3213 0.008658455595919367
1451 0.008727502750890528
510 0.008745524249536108
1579 0.008794599199210173
2137 0.008870259765490633
746 0.008876232389758829
3279 0.009067842802807131
931 0.009151818579661505
1542 0.009175941529680771
3243 0.00929056716279484
3073 0.00932719551304789
585 0.009375768982997648
2066 0.009468935340240804
696 0.009517197654583576
1851 0.00986961894145758
771 0.009957644343433622
2126 0.00996674369875121
2277 0.009992476268382877
3201 0.010012941650086324
2124 0.010043126176207529
3031 0.010181798392587885
3377 0.01027412084753465
2841 0.010282392884661028
2028 0.010358840869428624
1203 0.010385307130215347
2012 0.010388439626326103
1815 0.010444546550366378
1924 0.01044723452176303
1919 0.01051371444249964
1604 0.01066721633457858
1199 0.01093613746274973
697 0.011056886829471537
2940 0.011061321468850777
1273 0.011289275800114252
2529 0.01137482989725133
1896 0.011412841833995675
66 0.011498572540724946
2545 0.011524565628407084
3165 0.011548630346188655
1209 0.011578046564956429
505 0.011651581406047865
2439 0.011726534892626489
3051 0.011744553440645657
2140 0.011783086512885805
2879 0.01201545335014401
1236 0.012061711998351932
2057 0.012207931485365585
237 0.012248010217191635
3023 0.012253116776571543
1940 0.01234611507902328
1231 0.012391602268757499
638 0.012559164219940223
2025 0.01260190436241627
1471 0.012610975216821719
2056 0.012624189745819199
1561 0.01262597698583599
298 0.012694793297680994
3401 0.012832299181851633
1180 0.01289425872884938
3121 0.012919012202774357
2886 0.012951488074560263
1808 0.012962390551142873
1197 0.013007053746612592
2930 0.013087474888667062
446 0.013137560336328949
3406 0.013162392290607722
2481 0.013208971369361748
1483 0.013236545872835731
228 0.013309185483392346
1274 0.013379128072980652
641 0.01345674203888309
805 0.013466098640127008
2386 0.013519261176364601
3089 0.01379992381502773
1417 0.013810806492726077
715 0.013898513124737976
818 0.013928001913002702
2139 0.014037765123708773
2212 0.014134288449683683
75 0.014186662666007054
877 0.01421850517548844
53 0.01423245848402541
236 0.0142470651061562
535 0.01425881172883778
3225 0.014284487368748003
1365 0.014285431414884203
2804 0.014304872727174976
553 0.014360760803181489
3348 0.014396367455762662
3158 0.01442143434000941
682 0.014520514848815582
1025 0.014571825407345992
3042 0.014583502422162166
731 0.01462254414255145
276 0.014731708375469143
2961 0.014735968292800718
1473 0.014841855274690613
2010 0.014933813680066832
773 0.01494491505750478
2379 0.015030552613628848
2309 0.015132844323383004
1893 0.015207952704020497
2534 0.015219741133034531
521 0.015311433256022812
2266 0.015334620702682721
1656 0.015407603702445647
1416 0.015481099703398825
1680 0.015557931679902333
3287 0.01563312719884019
1370 0.0157242196480612
114 0.015786030444718324
788 0.01579047352451822
3310 0.015866949481791983
2547 0.015915904130087553
2023 0.015936681200273774
1272 0.0159877657767382
110 0.01603401373316332
3272 0.016313154308849186
2600 0.016482069761422934
1935 0.016733061272476073
3224 0.016762326008402603
2104 0.01678125226363478
1833 0.016824000722683377
3118 0.016830921185586874
2877 0.01686429563077242
2902 0.016924170194782078
1247 0.017022175720520553
669 0.01710573932380828
2074 0.017134740509520067
504 0.017144769346480754
3290 0.01722454749864532
2197 0.01722865338433868
2157 0.017280530759736512
1200 0.01728857951518547
455 0.01740478995304985
1853 0.01744643586427994
3060 0.01748195729791952
207 0.01750376741679229
966 0.017510617312927915
250 0.017692011459736395
1350 0.017732863147199674
292 0.01779334309095238
2596 0.017812313384575663
1597 0.01785593659853168
1456 0.017856603999594257
2628 0.01794563966038278
2323 0.017958985683484658
1599 0.01797835293713611
2640 0.018010355739980714
2748 0.018035151606956245
1938 0.018054631432702906
2318 0.0181985732470173
2491 0.018298695779612118
2062 0.01832974934286931
933 0.018331515180836002
1248 0.018374082672499743
194 0.01842144054244206
2660 0.01845579557028205
2839 0.01854005344171148
768 0.01854674172583628
3116 0.01854970212364342
2275 0.018654353638209917
1840 0.018659002292598356
2171 0.018749766959988562
1186 0.018796182975346312
928 0.018934819251547733
904 0.01902511549240669
2937 0.019107341327386843
3156 0.019138434217851278
3366 0.019193615047637027
3204 0.01921395149954117
103 0.019295413807494943
3090 0.019297586555918525
83 0.019328914976293424
910 0.01937188346107912
1455 0.019442586096114697
859 0.019496531051239444
763 0.019535817091570366
2729 0.01954762089598014
3326 0.019741597425912364
750 0.01978232269673917
1147 0.019799159623940094
1697 0.019810389574562496
1154 0.019841111950907965
46 0.019958106544946435
2559 0.01996501526747834
1643 0.019967941227134193
2013 0.020012351839773145
3408 0.020099845940652106
1947 0.020102054786864044
2705 0.02013071503898564
1059 0.020202086077107627
2882 0.020243916067730894
2043 0.02029123203139303
1259 0.020407765721355022
89 0.020419847626746566
2094 0.020474883427251858
1636 0.020495204701330837
783 0.020530314503027086
602 0.020543272920028423
917 0.020578218599085388
1951 0.020587214356239877
2274 0.02058774182728214
2410 0.02061219795021502
31 0.02062505860743652
514 0.020631661569327223
2659 0.02065125052837731
1897 0.020773936244349388
3274 0.020827354238498665
3117 0.020907001656667562
29 0.02091158676384365
3381 0.02095224307383957
2346 0.020991671474003444
1922 0.021118009725818846
456 0.021136313228623207
1240 0.021138266638532778
2077 0.02115924485964754
3215 0.021220635056549246
868 0.02122110584033106
2257 0.02126129778650416
1334 0.02128254898978501
1342 0.021443103796676858
2708 0.02149705464571154
1486 0.021534074527494024
937 0.021584364964039496
698 0.021736965497197225
2720 0.021957708122136897
3409 0.021975318721011328
1855 0.022149274703130686
2321 0.022248428011523283
2971 0.022293898079615525
2718 0.022300833070619926
3294 0.022358658429462646
1087 0.022381435655948665
2497 0.022403388583334554
1330 0.02245412372022236
1519 0.022498133552021758
2692 0.022515358545240213
650 0.02268398204524288
2803 0.02269183077828584
478 0.02282188681567621
2818 0.022850059982816674
1807 0.022953704310819136
1415 0.02296312603520495
364 0.02315158057719334
2117 0.023204158452642683
2896 0.023251475914773365
291 0.023299739325459316
2736 0.023347153548593572
3160 0.023380225575232776
2070 0.023497484225780338
692 0.023560856310397425
925 0.023752458390117182
1899 0.023831542230018373
1264 0.023902025324598314
3214 0.024145038013070174
673 0.02420367671826614
2019 0.024274544367338804
3372 0.024295084442452698
2138 0.024357741138426214
2715 0.024361391790373645
1928 0.024451536501484857
1463 0.02455464360002059
234 0.0246575684620818
2942 0.024693494183058065
1149 0.024747269497070738
383 0.024822558012054977
581 0.02484756203707416
2051 0.024902638026690797
3198 0.024977089239862242
1093 0.024980496881529975
1998 0.02503548143538839
1212 0.025127846241688748
1023 0.025441864171201103
550 0.025492973473181073
1482 0.025499844716142438
2495 0.02552042778679611
1192 0.025617365070721813
903 0.025636735726323447
61 0.02564730806792667
297 0.025678553169820047
2513 0.02571582523833475
2504 0.025747145368497634
978 0.02576935081396235
1809 0.025852709195355983
2149 0.02591554295325717
1423 0.025942302588383086
2154 0.026126103395588546
1168 0.026156370150682607
1011 0.02621276933504837
3378 0.026364366545152562
2613 0.026385560511349656
1603 0.0263962177195875
999 0.02647226630163636
3000 0.026564368719494674
2904 0.02663480623388849
3220 0.026660243366118754
539 0.026708497289581364
3030 0.026781489041504833
811 0.02693305777119675
2243 0.02694802126748423
1653 0.02704085966095453
582 0.02707786664902861
1079 0.027087322382175857
3270 0.027091051161734762
861 0.027202092239682164
801 0.027344248354333522
1972 0.02739372139087156
712 0.027421601954200712
1238 0.027479951602255956
2256 0.027511651121926443
149 0.0275471415235517
973 0.027593762352683827
1021 0.027636453704972815
1501 0.027747316530945892
765 0.027761229728113346
1956 0.027884494994507646
515 0.027918874023571603
971 0.02792418697958712
2108 0.028070432583053653
1916 0.02807225479345468
1004 0.028105653293673497
2558 0.028120545396648433
1065 0.028140948589427825
1449 0.02819841794995098
273 0.028343449179426876
934 0.028345669192234066
2784 0.028432156047246714
1504 0.0284542072125305
2265 0.0285881967295798
1419 0.028612829806152373
2073 0.02870895387488953
1190 0.028955441668300615
2196 0.029015777186957206
980 0.029113756219375383
308 0.029286729531051076
1841 0.02958594142768825
1523 0.02970160831509419
2802 0.02974491428540043
2768 0.02986142484680052
443 0.029999099419030353
2872 0.03000951314723555
992 0.030156283926737092
3004 0.030243825828627384
1422 0.030253798893379313
1678 0.030342026958739565
766 0.030373022065586962
844 0.030393265091233364
3166 0.030415702904715708
2378 0.03042333492634532
2160 0.030478392650104758
2059 0.03055902643886317
3289 0.03068031528940861
2723 0.030705518705293807
1589 0.030733514147692004
304 0.030902049033382634
3151 0.030908202751362503
990 0.0309465344665637
3223 0.031195401113879015
3307 0.031205350865448126
41 0.031256864279980485
1185 0.031437364490942754
533 0.0314411822418992
802 0.03156385361392479
2125 0.031599106262555694
3123 0.031739646241717843
822 0.03174068873203474
433 0.0317920671333364
647 0.03180385108273691
1347 0.03180823231547704
241 0.03190580794815383
1566 0.03206767938228085
1931 0.03218504184937135
1258 0.032268467826142025
2141 0.03231222114503478
2927 0.03243646610602096
1578 0.03248707654805816
1647 0.032515124564376933
2726 0.03261850934054391
2164 0.032620734433343054
1315 0.03268642003320133
1965 0.03282411455119131
1316 0.03296040977767206
16 0.03309057131159134
63 0.03316025190737302
1525 0.03322309795675779
1345 0.0332866741964839
2255 0.033320703445291366
2508 0.0333207594837503
1237 0.03350226298058968
2993 0.033531737657614635
1766 0.0335893585022391
3375 0.033745030714475654
1418 0.03374627397636636
327 0.033751761537620405
785 0.03376571427759744
226 0.03384908404307191
2898 0.0338733640668366
3207 0.03427878742632962
2922 0.034294400648613894
287 0.0343124258142681
3200 0.034375029073627036
2408 0.03443756104897863
1511 0.034518330336682036
3278 0.0346425744728772
2798 0.034655248085069444
1448 0.03471620240026442
1694 0.03472421731196661
810 0.0348894194167141
852 0.03501519222477421
1913 0.035050868338765764
12 0.03515638778953134
1564 0.0351596654504416
2102 0.03534243143126581
2205 0.03535951262147741
2239 0.03551418466051916
586 0.035517367723791556
2636 0.035658774912101544
294 0.035668218640953694
1521 0.03571206035588873
2113 0.035779686930817366
2669 0.035826421925792135
2649 0.03583868323669437
3373 0.03586070394616003
1571 0.0359269356430775
2020 0.0360873204117547
109 0.03616686397837974
3025 0.036233347422710796
3174 0.036274498316138444
2377 0.036285744496802386
2226 0.03632138045694471
396 0.03632547554218994
277 0.03646690764430695
3284 0.036577858801414544
2038 0.03665890545958725
38 0.036777667493918864
1136 0.0367827827599532
1588 0.03691523790046343
645 0.036967194715899654
240 0.03700937931313203
2690 0.037086582499662804
3264 0.03720408572597455
3313 0.037269076617559085
401 0.0373345216232741
1946 0.03737335678291417
407 0.03760677245471561
1707 0.03778206835519428
1528 0.03796540426300421
879 0.03806416147972153
205 0.038308554429845876
1688 0.038346484262683965
2917 0.0385608903604019
2354 0.03860531687134944
710 0.038645324763742106
1156 0.038663878481724694
1790 0.038739714666005516
2911 0.03888565994894691
1949 0.038995758512283624
1030 0.0390735132288922
317 0.03918144462430034
2184 0.03920174072657187
2642 0.039206774411267194
1728 0.03923140204909896
2336 0.039299263413407774
160 0.03939279689407121
1957 0.039444744655977346
3130 0.039504631113871785
209 0.03954758546775543
3122 0.03954894848693265
2747 0.03961851474769937
2206 0.03963165420754864
427 0.03966446270070181
2745 0.03969360281796979
759 0.03972374733848453
1440 0.03980350205659264
1413 0.039812735704050896
3040 0.03982430451991996
2584 0.039859128608029246
948 0.03998457408667236
10 0.03999225929155768
1361 0.04003553534111726
1314 0.040097399949404804
3342 0.04027575830033526
2782 0.0402910892906234
3190 0.04029410653828983
1202 0.04036048379240942
2276 0.04037402454815575
195 0.04039385994786575
2465 0.040467586471257345
2710 0.0405447707608727
1317 0.04056573490073358
3297 0.040700294565292776
120 0.04070561319682783
405 0.04074571953166297
2986 0.0408136265130954
1468 0.040820464052459496
498 0.04087160544353731
694 0.04097568260951502
1348 0.04122733231957205
1763 0.04124291946366155
1553 0.041301130765904685
3074 0.041404513302349844
1517 0.04148513173865716
2245 0.04149675870952148
3253 0.04156081321648748
2657 0.04159892577580713
956 0.04167851111382695
2267 0.04200238768916616
2512 0.04208884278819968
2502 0.04213348141993922
107 0.04220414168108849
293 0.0422557953319861
3187 0.042276403990349876
1437 0.042307992706792454
2499 0.04237641235927695
2047 0.042478421344409135
1905 0.04263378214986407
1493 0.042750200783662505
311 0.04275441872359146
2639 0.04277719150353116
3306 0.04288612467947944
2653 0.04293501517623928
848 0.042971020478371105
2485 0.04298558577753861
3167 0.04303640172777405
3208 0.04320618352589749
3412 0.04345624607756717
604 0.04357807405735277
2461 0.04365952639777153
3033 0.04375119843009827
238 0.04378294283920898
1802 0.04385353329820355
2282 0.04387523484288025
1788 0.04398393944418506
3178 0.04411503774105143
813 0.04430359468260277
2151 0.04432475051713401
3210 0.044333570926762454
2602 0.04433539498634999
167 0.04435007734054208
644 0.04451569318349113
3099 0.04451867257003375
1349 0.04462523556009608
1878 0.04471459216395243
757 0.04476190346336696
138 0.044837332786469716
3039 0.04486396799996893
2686 0.04497203472108407
3296 0.04514183342688273
2097 0.04520159791887374
3153 0.04522621306394711
701 0.04535429895675764
2919 0.04536597787662521
1179 0.045417564016906484
310 0.045447824417502454
3286 0.04550935354122119
741 0.04552086905184064
751 0.04555040767913748
3255 0.045616399737567676
998 0.045686410921855374
839 0.045873571495579635
333 0.045950047393114785
230 0.04600761362486295
695 0.04626036982641647
2083 0.046297287986074444
1669 0.04636325836292274
2385 0.04644699009387421
421 0.04671316032945493
2169 0.04716986664469295
1450 0.047209814232714774
1936 0.04724772800851971
1843 0.04726838571702121
309 0.0472988579259021
1681 0.047404221271969284
2562 0.04745730129069175
3168 0.04749641954072199
2335 0.04761579929802397
428 0.047698303416385826
271 0.04774319163439836
1406 0.047764098660442546
2632 0.04779053851883039
2050 0.04803365092629753
3144 0.04804150758295397
2721 0.04810666319915515
2381 0.048131132487667753
2319 0.04832955459351314
3124 0.048468283724362064
2608 0.048577748774992165
923 0.04870146785722244
3336 0.04886409063977793
1353 0.04888561224097496
3152 0.048901216728111964
3097 0.04902893907292923
2928 0.049417114865586836
1992 0.04945123228137838
142 0.04953369871921656
3091 0.04968759751738062
1270 0.049812655258603435
2610 0.04991378130479115
3066 0.04997239379305438
1351 0.050009892096960704
3209 0.05009402633288298
171 0.05012686100709835
257 0.05018973513373097
1532 0.05019513197891679
863 0.05020377851042633
2271 0.050367340788856504
2231 0.05053826356537719
2106 0.05057468818744185
753 0.05079648955741059
454 0.05084597280187443
3041 0.050926483610129566
1405 0.050988661395477385
3328 0.05108130585764096
1020 0.051107285583479004
3413 0.05111897851900936
1882 0.051184105142707534
687 0.05141776378333802
528 0.051419978188591016
3433 0.05145969291134963
412 0.051572619859625524
2564 0.051581630380658224
1084 0.051721466549810934
1018 0.05174050528579938
983 0.0517759411402346
64 0.05182157951986247
2170 0.05205629658548886
1362 0.05253300889901435
2873 0.05275184319510509
2581 0.05277628740156541
272 0.05281694486181743
381 0.05287786033280503
2719 0.05295347726260459
355 0.05299882183417349
532 0.053090263873028676
776 0.05309669852446665
1110 0.053264880909112085
606 0.053345829099844075
1113 0.0535252051046825
2536 0.05358316482956659
161 0.053593673427671386
373 0.05361608254205396
282 0.053659991156584076
3217 0.05367377078461416
605 0.05381902029314787
2076 0.053827819182005646
1372 0.05383909364869086
2060 0.05386019684472247
2957 0.05401209510642679
2816 0.05408040693343884
3193 0.054126747371211675
1722 0.05421946218186125
949 0.054302300424209915
3081 0.054352207226626856
233 0.0546215998741905
1375 0.054654429887010574
2829 0.05486079688010291
541 0.054931839344700854
749 0.05496481893252712
2884 0.05498553916237579
227 0.055118624857943145
2815 0.055163759865610174
1941 0.055174809991348335
1178 0.05557992200634738
1666 0.055698146896899586
1443 0.055841125213095394
1412 0.05594397050803408
235 0.05601294960222465
2159 0.0562758052846563
420 0.05631759149199058
1439 0.0563847467136884
1539 0.05643115178397079
169 0.05645373185704311
1920 0.056470434797048934
1399 0.05664818683685133
1060 0.056752480492276734
7 0.056840147374612696
1631 0.05689478350096462
2868 0.056933792676723514
1024 0.05695031612763188
2897 0.057033033383072244
1737 0.057344595633073765
1191 0.05737923256584936
223 0.057381587394081585
866 0.05759119913923557
2199 0.0580935400941954
3065 0.05817409667048482
2771 0.05825323731092432
2946 0.058260221548846726
1586 0.05831259524642864
1608 0.058366846097870656
2483 0.058386143282031046
2412 0.05845939183883865
1152 0.05852386938829811
3437 0.058657037817727416
1801 0.05868018524709433
1558 0.0587396283569546
809 0.05880996426625545
1676 0.05886299535475183
2382 0.05888460997545174
2399 0.05927550887792283
3285 0.0592952665163362
2699 0.05943622558788017
1968 0.05963866659467514
3192 0.05973204586691194
1576 0.05982392994596643
3149 0.060028463573109155
2244 0.06003727977820129
3428 0.06017004299960139
842 0.060435601049080384
2976 0.060458127012488136
2418 0.060462501348858666
302 0.06086311224003742
2022 0.060939899375804386
3396 0.061226529807743006
940 0.0614536276786547
2593 0.06156943629058136
3032 0.06164908474829005
3024 0.06166220611409239
2155 0.06168600397387521
2063 0.061810618954056644
2725 0.0618856141742368
2867 0.061906069951277586
2144 0.061946822489802725
836 0.0623840634327249
930 0.06244622435420581
2042 0.06253755299215337
2263 0.06253999698288036
946 0.06294401766717088
2463 0.06304507445111307
1510 0.06314632678394885
3169 0.06320040440423304
3147 0.06330321538755014
908 0.0633540078945761
3435 0.06360123755299826
2825 0.06378581751271994
1895 0.06380440823935486
511 0.06389444400984096
346 0.06396558268715498
1880 0.06401861158228618
3344 0.06403232358694469
913 0.06420414688447698
3044 0.0642678106463813
54 0.06436001131402343
967 0.06441378794516207
2352 0.06456268795890419
643 0.06460637329578547
3355 0.06500404586021995
418 0.06519989443729371
2313 0.06533733993957304
3182 0.06542405579416712
685 0.06552390436353354
1019 0.0655859955111978
2992 0.06582981931771036
2429 0.0658604575705408
2609 0.06587325856629166
1082 0.0658900974236535
450 0.06593775655148951
819 0.06616842860180976
993 0.06633367905002038
1354 0.06659088954364716
2693 0.06669929097267556
2509 0.06671957224540141
1131 0.06679436491042727
1044 0.06690006104707319
2637 0.06704496163371748
2098 0.06710085410219398
1107 0.06710621621358488
1384 0.06717039872268073
1162 0.06718725159160596
424 0.06722448695102132
1609 0.06739821068488201
101 0.06750482762396585
2565 0.06751654259181268
1570 0.06753628002498575
2204 0.06770884939073424
175 0.06778902277701845
2064 0.06793493957983021
1487 0.06804620542505284
2053 0.06808832753134018
784 0.0682476834331461
3002 0.06826176559569062
2781 0.06826950126629781
2048 0.06851991352211804
299 0.0687648461307681
45 0.06878100788940004
1573 0.0688442199682847
3195 0.06892961790949764
905 0.06895511021116675
2153 0.069181368075558
1549 0.0692319744599487
1791 0.06991163957504999
2735 0.06994573548335095
524 0.07013300817966127
2539 0.070502318398352
72 0.0707216566788299
125 0.0709437719669294
3172 0.07107405039043424
2396 0.07109957184627275
1729 0.07162049917380175
429 0.07164382279170356
716 0.0717248755788176
3064 0.07174862410508138
2827 0.07186222869473702
1658 0.07193777521459818
2538 0.07204150488153943
1344 0.07204429826476076
479 0.0720519595406624
2595 0.07235010761470309
1411 0.07244763308862673
1531 0.07254922669927819
2860 0.07271464284384926
709 0.07334657876930843
3194 0.073356433085278
3291 0.0737225591595152
2557 0.0740147871998489
1307 0.07414799130505371
1414 0.07414836336740653
1171 0.07415317514645829
2191 0.07433140515693934
2293 0.07434256934295476
191 0.07457514038334341
3010 0.0746059160932003
270 0.074609392000734
659 0.0746453867580841
2486 0.07474162210843847
3421 0.07474321803641787
803 0.07482820486253197
2763 0.07490945616536208
1388 0.07505263342102168
76 0.07513976132492259
3429 0.07518622543116907
219 0.07523053411871856
279 0.07524922523798529
959 0.07545365363168242
22 0.07558052607629186
1898 0.07585052583288102
2431 0.0758510329890524
497 0.07604461199708631
1425 0.07626103182493808
1076 0.07630030417215716
1755 0.07633891776660327
361 0.07652978421734306
378 0.07660845742508308
1453 0.07663591180465061
1689 0.07689983578510479
1563 0.07703954385511402
625 0.07802801701987762
2707 0.07804477414456247
1256 0.07809420729907518
2582 0.07811568050765635
1374 0.07829172128337981
1861 0.0783642009956894
3329 0.07836919892152136
1445 0.0785565731241383
2571 0.07861500542095372
438 0.07883703494049854
1612 0.07901465409071269
843 0.07902801219739487
1750 0.07909554009080645
1157 0.07912121777350323
1981 0.07918453207553242
2675 0.07931993820975917
2731 0.0794655370371555
1055 0.07988948486683037
3422 0.0802903984996808
1671 0.08043306397400056
986 0.08099730494520022
3100 0.08103873534359074
2933 0.08104336511264185
2931 0.0810767614219008
1028 0.08127707327207641
752 0.08131373012955562
2359 0.08145595614540525
1780 0.08146209558059643
3282 0.08147603300288966
3096 0.08155473272809884
3241 0.08160994324186294
1735 0.08166726948199439
873 0.08168428812312108
3388 0.08191597097627097
705 0.0819515891322352
2650 0.08196215518208899
1530 0.08210976245582348
1320 0.0821716855466316
426 0.08221700159202561
2711 0.0823160005452942
2682 0.08235932947439756
1933 0.08237301976661064
1127 0.08242859901205059
2903 0.08272122409505303
881 0.08280541110129142
2453 0.08282843839325263
3101 0.08289562101052372
93 0.08312462045687816
1765 0.08317188954205175
358 0.08319241324756792
2259 0.08327496351133513
2337 0.08330121181884229
1472 0.08345753153169473
1544 0.08353859520077983
3305 0.08371436873767972
2532 0.08379660004072287
2383 0.0838419360890238
1831 0.08389580004720232
2270 0.08416432541541255
2362 0.08449392766375961
1017 0.08500422174036938
3175 0.08545515140326362
367 0.08545615783775509
2999 0.08548721901016298
210 0.08559701192996186
3138 0.08572540391116011
1569 0.08581348128809439
382 0.08589212979347828
1845 0.08605843548889162
2333 0.0861689830695485
2167 0.08629522877361025
2880 0.08634042927224506
2778 0.08699184508435441
2728 0.08715810973773692
2388 0.0871715896152435
2906 0.08727137666308782
576 0.08753367038968954
611 0.08789452319279939
2572 0.08812543471483893
3093 0.08847685045499099
2464 0.08887030781382865
565 0.08931025293178893
2283 0.08963793761258669
1169 0.08965824668878795
1610 0.08966272124481496
60 0.08967705355176561
1130 0.08974210235549859
1462 0.08989061064106804
1991 0.08989369112702914
3330 0.09028525270619181
665 0.09036821581350622
1120 0.09045045611104169
1294 0.09070133035416611
2687 0.09079099915323534
1545 0.09080766955928793
347 0.09094749371738785
264 0.09116735060166464
2667 0.09122210154109243
2743 0.09127726228796113
2761 0.09135707580084852
849 0.09141992450421535
1261 0.09153814328847282
545 0.0916022695264793
2695 0.09206169904044773
3309 0.09215183794178498
3415 0.0926227493409051
1383 0.09277414751148728
1111 0.09280401948476914
3088 0.09319928295012535
1115 0.09342401919239741
435 0.09357587526959171
354 0.09357760941662642
2182 0.09385154584708055
2982 0.09398779459374368
885 0.09415950117551675
1800 0.09458400350029827
1727 0.09467936630707764
609 0.09484405114929552
469 0.09499434666305097
2303 0.09575909775117449
2235 0.09576585774096304
2069 0.09596003031585965
1148 0.09596916391683576
1811 0.09616842515848621
1291 0.09650489160442734
1970 0.09652930459890077
3014 0.09659342769140664
1668 0.09672410188723482
3277 0.09696189466678887
368 0.09704029349564866
400 0.09707981438369943
2202 0.09762637196419457
796 0.09789681374162916
1165 0.09793584446485594
2001 0.09808188530624665
1433 0.09809309804659941
3232 0.0981163588717129
2225 0.09852567794697319
3189 0.09855040455684852
2967 0.09864721898055089
587 0.09877117221008555
2360 0.09915775728309197
3140 0.09937952496799612
2832 0.0997597145991837
1332 0.09986978786450579
1548 0.10016948419290575
1056 0.1001841118044922
2941 0.10049871989435483
335 0.10053871553270147
2492 0.1007086879613719
1730 0.10096926813032712
58 0.10102673718242457
834 0.10113504573751507
3268 0.10136872180721046
215 0.10156652088262141
3407 0.10168847016700718
1466 0.1020644414808692
2810 0.10235457357834082
1927 0.10238536798091152
1075 0.1031423531864676
2220 0.10371608822603148
265 0.10374521338511919
1822 0.10380900135667456
3094 0.10393190576455827
506 0.10421954795920721
2398 0.10431483234413784
2330 0.10449669456198918
1560 0.10453542964982147
1948 0.10462045545063332
2242 0.10494426473970801
2696 0.10511434924074343
1368 0.10548662035066658
2150 0.10550871654226869
1184 0.10576496490092399
1852 0.10580580222338386
1442 0.10598129371262609
3267 0.10601944622791828
2316 0.1060396497725686
2115 0.10633854608802151
417 0.1065866653527801
2027 0.1072900079001884
366 0.10729012681380262
2374 0.10738625300444071
3013 0.1075613075694702
280 0.10757555665280659
519 0.10764144670533254
2857 0.1077499629892495
2694 0.1080754981810895
43 0.10845920611960773
1859 0.10861731332525593
2579 0.10914246090766165
684 0.10918252314601314
3127 0.10927450897328636
2631 0.10965823523125372
772 0.1096658498539262
2358 0.1102492609769171
2947 0.11028478009483551
649 0.110325718504752
1677 0.11055347698090844
326 0.11071005183052397
787 0.11093062370220752
3015 0.11097519061263
1485 0.11112467379230204
1583 0.1111661464672864
952 0.11125113102755177
1546 0.11145574459431534
2981 0.1115674284186932
1581 0.1117203222135089
838 0.11176917783319447
3325 0.11182583669630153
1228 0.1119576049802627
2351 0.1123631887811896
123 0.11249664532176469
898 0.11249835744857482
3012 0.11261399137576054
440 0.11267380638088552
3146 0.11276960465898943
2817 0.11291059055757477
2487 0.11291607506096672
1551 0.1132100149603016
2095 0.1135658725314717
1675 0.11368719352260961
1352 0.11370813166367728
1770 0.11413612977125315
2454 0.11413633688581824
850 0.11431888603823831
522 0.1148328026291117
2172 0.11495005052988866
823 0.11512185346225284
1309 0.11518183050157944
590 0.11532668675971891
3423 0.1156820864587403
1973 0.11570442331592097
2691 0.11608761185212615
3016 0.11668853338616259
1167 0.11705958193849433
3103 0.11723817338804186
2438 0.1183999921495851
2462 0.11864494311620508
1257 0.11873178281325109
2389 0.11917360439894631
339 0.11926501744696812
494 0.11950226298429174
2787 0.11954030423923075
379 0.12002843534578177
2334 0.12025965924920476
1189 0.12051930169480872
1600 0.12077503789981538
208 0.12107391484386358
3260 0.12121243112098683
266 0.1212332625233734
113 0.12191260360404503
1401 0.12203111474724952
1547 0.12219746861166257
2449 0.1222607647280496
485 0.12263065913660166
1846 0.12297476735475003
402 0.12313481416999493
1541 0.1232584562062407
2722 0.12338096821035308
212 0.1233919162808304
152 0.12364986895582349
182 0.12408650806087627
1489 0.12484019696630776
963 0.1251029394238661
3318 0.12523946110143558
2775 0.1253054016721918
170 0.12577300832812827
1409 0.12591742774705236
2983 0.12602771427171613
2471 0.1261130334817387
1246 0.12627548059932692
1326 0.1263287958886494
1150 0.12641759925823567
1026 0.12663780940314867
68 0.12715914843558945
1287 0.12718168469664304
2811 0.12747193267566792
2949 0.12763373182166865
855 0.12785015968358202
2477 0.12839709581685452
377 0.12860143823624448
2633 0.12891208214016103
1758 0.1289992658466275
654 0.12934033808313708
2601 0.1294063566018838
2672 0.12956414181740467
1367 0.12959507088717992
82 0.12971561007765334
59 0.1297334958746724
2712 0.12976380544629812
1757 0.13028522148332308
92 0.13030599667938667
700 0.13057170607317242
1795 0.1309951983548982
2448 0.13117917003399696
2008 0.1315607744258302
3405 0.13220463107861333
254 0.1323636291266184
814 0.13284100095815815
3256 0.1328782939567186
2214 0.13292898986103696
2315 0.1330578854217683
1126 0.13324462131318396
178 0.13368792794799347
2292 0.13391338220129625
1500 0.13399738924180302
1397 0.13411237913081406
2500 0.13470411965080686
437 0.13483182633740767
1714 0.13491551974990384
1598 0.13492551511984482
369 0.13493533340094868
1092 0.13500318513130652
1159 0.1358080498766143
2876 0.13621992536484678
71 0.1364942328174718
2393 0.13663656247653416
976 0.1370224647327199
359 0.13723902290575885
1478 0.13745666297292608
2371 0.1375988747054348
2040 0.13814220731686644
436 0.13839443103398036
1215 0.13841604817887637
2230 0.13865655202370156
1312 0.1387124593628865
1488 0.1390540410121251
1772 0.139409336747469
713 0.14009177853519347
1712 0.140121617131782
2977 0.14013871316244508
3132 0.14063399497927936
781 0.14066456086440812
157 0.14106023165573536
19 0.1410621394620083
2498 0.14139620413635545
1837 0.14151757417680247
1821 0.14272052797891024
2458 0.14278887396317913
2826 0.14292098687538785
8 0.14309647447125873
1887 0.1432222355873294
1047 0.14379226897091116
594 0.14395158028243407
3257 0.14414860307142024
1470 0.14463962959065957
1158 0.14486214816008175
3136 0.1448797052557826
1684 0.14489701568759367
897 0.14526057407772408
2616 0.14530344081154506
2198 0.14534138837250588
2864 0.14535724030013275
3078 0.1457636873573636
857 0.14582359212702392
2831 0.1458799407166019
646 0.14598987025205273
1679 0.14670419123395298
3397 0.14679174572004405
2824 0.14706949213479603
1068 0.14718572854260015
1124 0.14723761027459614
1072 0.14806236620508897
591 0.148201286119509
1534 0.14836779960422827
1606 0.14892787836992077
588 0.14911601295843932
2973 0.1492611025091499
721 0.1499124997151654
1538 0.15045196188816118
1376 0.1505527158708323
1066 0.15149469809359012
1211 0.15186335649145363
1244 0.1523402820393736
1128 0.15256285878197146
77 0.15256304249729613
3343 0.15307028047242302
601 0.15313209037900077
139 0.15319695812715753
707 0.15321949906884816
1218 0.15352674794233417
3107 0.15371695985443612
2881 0.15377475513246983
2401 0.1537960884372155
2093 0.15404171725990556
593 0.15571981457681006
1760 0.15612329563988753
1718 0.1562135479311649
464 0.15627440073514048
1327 0.1563133194098321
2858 0.15718674255119305
1529 0.15757184787754705
889 0.15811278860462671
2980 0.15842501645674043
1426 0.15853497023015922
1832 0.1588374024790453
2727 0.15890488035821967
2482 0.1589506222828262
1665 0.1590694268719952
1754 0.15918349286792985
708 0.1595063364489539
2814 0.15989563946120067
544 0.1601112346803623
2749 0.16045106582387017
909 0.16170509115687204
431 0.161972572173956
2269 0.1620034627679382
2368 0.16200919970419184
3365 0.16230900424358546
714 0.16237308556708305
1721 0.1624098992303498
2975 0.16265402394023398
2489 0.1630575168692346
3115 0.16367948405259933
770 0.16399067503406276
156 0.164046698897126
1771 0.1648989928615846
592 0.16493012045107322
1410 0.1655692259013107
1693 0.1669923350226374
3029 0.16716190736397288
614 0.16737070402892534
2918 0.16805885518331445
1828 0.16815628783600928
2612 0.16818918840350555
3322 0.16845169064247298
2753 0.16879802763603688
1400 0.16905996509864468
853 0.16939677240849146
2294 0.17048752041477053
675 0.17079184138883682
1687 0.1730882545368764
3139 0.17349536386157968
1820 0.17429882544508357
572 0.1745747939336342
1476 0.17523272198442688
1655 0.17686550106260182
2384 0.177325149508594
1118 0.17805848858951573
2688 0.17826225017108563
2907 0.1782631969000354
1032 0.17831698522210718
1333 0.17853988291005105
42 0.17919814740917378
2847 0.17951832274299578
1883 0.18015757042348887
3389 0.18146967726489535
691 0.1816114603994244
1278 0.18285467701108288
2349 0.18342377258690096
341 0.1836782656242306
258 0.18502951523280345
566 0.1851117221756089
423 0.18570319647963676
1839 0.18626408614088955
3011 0.1864568817427518
1885 0.1865053010761509
2574 0.18685985599391
2979 0.18694039558164033
1939 0.1869650208066815
351 0.1870341084391048
246 0.18708019521701963
1170 0.1873471025507683
2822 0.18754319169894923
1188 0.18828332339772086
560 0.18910753302756084
2849 0.18975141194740164
1860 0.1898642187475892
2391 0.19027329174661686
792 0.19042425257434767
975 0.19100284870454884
634 0.19146196731600082
3404 0.19160709146949484
1492 0.19193256975812684
1508 0.19223687154882702
253 0.19236057289292258
690 0.19262533422139452
3119 0.1926577777992729
296 0.19406189148941283
465 0.1944028476173236
567 0.195894118975256
1761 0.19697481096607825
509 0.19715380979914665
2415 0.19743448679545925
1783 0.19817020933225052
1429 0.1992658073665855
395 0.19956025060704055
2643 0.19970827336332092
3434 0.1998548398854379
17 0.2005232087395964
2507 0.2006671172441067
525 0.2008501667897696
3062 0.2014782358069317
2812 0.2019525393156511
2758 0.20219482747282175
1121 0.20252899444679162
2925 0.20255192538812947
2457 0.20360066919283792
96 0.2038143519149932
2312 0.204193169369792
1835 0.2042730065451682
2878 0.20525234967991318
637 0.20527645255851323
1285 0.20561336320963794
2363 0.2064801995814224
2549 0.20656295473706876
398 0.20689509603928616
2524 0.2073570184180395
1582 0.20743745652451773
1116 0.20758765499247833
2801 0.20802577111945889
360 0.20970803889926132
547 0.210715367638214
2176 0.21080792989125197
1224 0.2114397649796239
100 0.21153757766225398
1996 0.21226568302618
1611 0.21230090442036512
1829 0.2124129049510605
262 0.21286429446413768
342 0.2132768157268744
3340 0.2134421293935118
518 0.21487747931054288
2116 0.21506338483830892
1428 0.21614812354913265
2751 0.21626831966872379
2436 0.21719753189254076
2003 0.21871242354431572
3120 0.2196127206100668
1393 0.21975093255424286
2087 0.2197584909276687
155 0.2201080974976653
1732 0.22061770643362902
2447 0.2209840989183826
2974 0.22168601147207592
221 0.2217380608975815
2830 0.22200767793340695
2754 0.2222719867704472
283 0.22237907545464175
256 0.22334786412383434
2893 0.2238143976530073
81 0.22469984689734854
1243 0.22482633658174309
2227 0.22536898626738874
1961 0.22562507320539968
655 0.22711827695120507
2697 0.22898822226737553
1037 0.22910264662099877
1625 0.22988892727797106
1279 0.2301049500510338
320 0.23045333652680364
1036 0.23103406607037613
150 0.2315381813501367
1284 0.23191883061635737
3239 0.2321156651575439
2921 0.233340664071343
181 0.2348748642923609
2634 0.23574345613099515
3392 0.2363236528558477
1268 0.23897324490202101
2823 0.23917931207639537
1074 0.24139713592727438
9 0.24165621110894808
2366 0.24226657432115561
2575 0.242495301030639
1390 0.2444889873887152
1497 0.2451642855072763
2852 0.24534989040274463
176 0.2457396649891752
2430 0.2465436848064756
589 0.24696058181437752
1954 0.24823746132505722
2833 0.24933137484724271
1827 0.249719584103669
1325 0.25052811146616905
517 0.25092525513456915
1377 0.251204866109807
399 0.25171503299843023
542 0.25180252494161065
394 0.25276662515355486
338 0.2537584595004975
2537 0.2550130138888056
657 0.25635335160886163
3258 0.2564160038293572
124 0.2564178453320855
827 0.2565416503565798
2228 0.25786459620049185
1879 0.25820993233159983
2414 0.26024250020671436
3145 0.26045802571235
538 0.2611422497245177
640 0.26267988427590555
1776 0.2627467612009821
1629 0.26568231210554283
2514 0.26708157152776113
883 0.26709618682398373
1836 0.26859891123132534
1046 0.2697293159291745
1125 0.27069180279579586
706 0.2716289630630533
252 0.27174119196391017
2402 0.27200095737721114
1395 0.27204064638747416
3364 0.2733919663565454
3133 0.27434525718289987
2655 0.27468901719944755
158 0.2751864671211374
332 0.27631863694179504
1826 0.2785989072700409
1304 0.2797848013425331
1302 0.28006604287835224
329 0.28075738610742107
2752 0.28108716135468853
2392 0.2813485943071095
1031 0.28157777955791385
2654 0.28440911067731517
626 0.28553037316290886
321 0.28762937185487497
78 0.28763624745339195
1394 0.289248457796904
1146 0.29283903194840744
3128 0.2942299783100384
896 0.2943203965306564
2998 0.29488313759637774
3 0.300796446857676
174 0.300906831529381
629 0.3024256134249945
1747 0.3032650963844797
334 0.30701070369807754
1280 0.3118129074109617
797 0.31249251300232034
815 0.3154419030501276
2450 0.3160589692158751
1324 0.3179948583274956
70 0.32259273598350474
1830 0.3233789512384191
2407 0.32477010925909067
318 0.3248390734552299
484 0.327056882311152
14 0.32906576780596614
316 0.33081484774676095
1509 0.3310268130825777
324 0.3364664647016513
887 0.33788416326356785
1071 0.343389223386026
841 0.34508717540368694
1289 0.3488066917835675
183 0.34884659118107325
831 0.35109153570904944
681 0.3526358111506549
2470 0.35288234450091416
3021 0.3546745018871457
1469 0.35551748802482463
1701 0.3566689975910926
1955 0.35791341265080834
336 0.3593252491003052
3135 0.36120673765843136
1301 0.36304882117712683
676 0.36351704396034834
222 0.36383867399877806
146 0.3658341762160914
895 0.3660256407572986
678 0.3675668148236604
1389 0.37139237261442853
3324 0.3748072300613599
1355 0.37569073219833615
1296 0.3758981733545281
2835 0.37766526353139945
2757 0.37800115586726174
2246 0.39034670523124787
2615 0.3905235466078327
3134 0.3929046028409579
323 0.39604318088716295
2441 0.3974279843673303
2311 0.39825367640347153
1100 0.400557322454635
1959 0.40364965257747387
430 0.4051527131539162
826 0.40567900190746864
1769 0.40665089178989816
1875 0.4103118282354713
890 0.4120401959394431
2776 0.4205653981521208
2178 0.4224945060854068
2622 0.4270361618752963
216 0.4278643142582915
380 0.4301338047431216
891 0.43905073756714946
1269 0.44126376554410557
832 0.4432831433756071
11 0.44403734411053275
1222 0.4466827389506346
2390 0.4575898628593441
2663 0.4641062220573715
633 0.488086408674393
829 0.4975075219381177
1630 0.5022808739797642
1706 0.5085266670733011
186 0.5097249248969629
893 0.5102024872364826
2310 0.5123460605719334
1290 0.5188752429973109
3126 0.5390678528557263
568 0.5554465149577423
828 0.5596359808526011
1746 0.5738431010463629
3105 0.5770883786624436
613 0.6131932793994535
2905 0.6181709780799458
1759 0.6214017191551662
830 0.6308977399611773
1283 0.6324112386146608
1164 0.6343337532187521
600 0.6347774140935982
1980 0.6372804439230013
185 0.6580592439629122
2892 0.6585919597720921
1311 0.7055925727073824
