#dihedral index   #correlation
613 -0.653267640393753
1759 -0.6482560149420312
2905 -0.6384064053025486
1980 -0.6091760388987909
185 -0.5413874502880921
887 -0.5373258046681945
1769 -0.5361790463010445
3126 -0.5103954730568356
1034 -0.5063389358567575
1289 -0.4886004205849093
884 -0.4713100961148584
633 -0.4712602084933771
1164 -0.4634576708576416
186 -0.46296742279873204
1499 -0.45812949540073766
2835 -0.4459385972414965
1283 -0.43538097283008853
1394 -0.4322448018795692
2310 -0.42825791143776226
430 -0.42531104945070153
886 -0.4177269591381281
2663 -0.4120369763171831
3431 -0.4096486778803099
1287 -0.4022944293049947
353 -0.3993434791273932
2626 -0.39722549293050985
2620 -0.3941784495107135
11 -0.3938500868545469
888 -0.3899468572825904
2850 -0.3883695652670884
140 -0.3880812388141689
2402 -0.38767322835378887
2477 -0.3875663854496111
2645 -0.38657041992932933
2304 -0.381196548135141
631 -0.3811531047304661
2246 -0.38055026543379333
568 -0.3776012292965083
1139 -0.3761577679422766
3105 -0.3761454027226956
2554 -0.37309340183769024
1767 -0.3696314620644589
890 -0.3651845294705497
830 -0.36401159822062734
834 -0.3567499962311797
1704 -0.3566538838471283
2328 -0.35567437049157963
36 -0.3553969921071277
1779 -0.35464275345915763
1222 -0.35359060237324885
2681 -0.35349175108680514
2575 -0.3484458392244737
676 -0.34792558778467086
319 -0.3469582424825583
517 -0.34656948302987467
245 -0.34491879433884837
314 -0.3422943306024012
313 -0.33973380831301925
380 -0.33784931609382407
1827 -0.3374819855274166
1223 -0.3308673144141102
2471 -0.33052301868781103
1356 -0.32916063493547787
723 -0.3284245294554499
2315 -0.3283037705006974
2851 -0.3252673198623224
1962 -0.3241023590260183
2285 -0.3202569196822215
2403 -0.31884965230280055
1480 -0.318065171061256
2473 -0.31590210057209256
1138 -0.31503054566355093
1620 -0.3150190940988604
1709 -0.3133360065325869
1829 -0.3115276600828681
243 -0.3093783873571238
1826 -0.30910328273204457
1628 -0.30908677894119774
390 -0.3082266228625855
1820 -0.30785639757432626
1277 -0.3037344891476926
2177 -0.3036114339472236
3136 -0.30313628202166115
629 -0.30283896698306334
827 -0.3010189413483179
1778 -0.3005524038259152
2005 -0.2999712952181324
1429 -0.29841475865126177
2470 -0.2976026502077354
894 -0.29723682495678067
1978 -0.2954612813846515
1325 -0.2953004402438518
1976 -0.29469237427638595
603 -0.2942197355469527
2780 -0.29381088017571394
3 -0.2893299935099218
392 -0.28910838489428947
1494 -0.28713229947302676
571 -0.28682998017314176
283 -0.2827258889575177
158 -0.27893594426508467
1046 -0.27712012108704176
1703 -0.2757693708963453
3430 -0.27571861019770777
176 -0.27504570929077965
2180 -0.2734239042192559
2842 -0.2724530350172328
244 -0.27227800439226774
614 -0.2704423253591414
1071 -0.2697940692645417
2432 -0.26961622216643366
2003 -0.2695689576910891
2811 -0.2684464436986847
726 -0.2676355838245147
3052 -0.26709550925821146
1042 -0.2670872942694634
2450 -0.26541074844946283
3129 -0.2653361060701022
1952 -0.26431819177549126
1073 -0.2628484581552658
2284 -0.2627403381232255
596 -0.26141334651696746
360 -0.26124983291160325
1670 -0.25820739137280163
1358 -0.2575884242676952
1749 -0.2568501380918897
632 -0.25668931728086675
1226 -0.2562130656195454
1664 -0.2560929533658733
1726 -0.2558296793738408
678 -0.255534582467135
1822 -0.25482675246784575
1053 -0.2538457204060648
1689 -0.25282289975521033
1224 -0.25100305500280456
719 -0.2502086504007492
2370 -0.25002152508853714
1100 -0.24935216450607517
559 -0.24931148303904388
625 -0.24895334587328083
1710 -0.24874910197354833
179 -0.24786592054011283
1377 -0.24769768879479082
1270 -0.2468121884038433
1674 -0.24670009988687958
706 -0.24653263987716698
760 -0.24638360077753174
71 -0.2457624165637623
261 -0.2453095475958027
348 -0.24375142094198554
467 -0.24282962024224825
1906 -0.24210140905742317
724 -0.2414894039218204
1301 -0.2410928706702379
844 -0.2409868867609895
2766 -0.23941423613171464
1692 -0.23904457135539545
604 -0.23753887675098206
2441 -0.2369588785231364
1741 -0.23680467598476815
12 -0.23658249512640092
2111 -0.23420984868968023
606 -0.23357264137798966
1163 -0.2331269673705111
2391 -0.23264256231388147
2000 -0.2315243461182114
3418 -0.23136324062062916
2490 -0.2306912681803006
725 -0.23055159598386482
882 -0.22833666653716914
97 -0.2282424383804146
3358 -0.22824042895653965
1942 -0.22818563997100974
14 -0.22817578414935105
550 -0.22771022711360714
144 -0.22678499937259922
2640 -0.2267401918281371
148 -0.22598795401067168
1040 -0.2256978874767366
2303 -0.2253673062444845
1782 -0.22507806260726781
2466 -0.2215601288448751
2838 -0.22104864792990164
2689 -0.22022892731717222
3391 -0.22016707791764625
1781 -0.22003614668389682
1660 -0.2191738008772354
1489 -0.21891186844620106
1830 -0.21872077262221695
546 -0.21849189386353515
70 -0.21827400779496947
1474 -0.21660586613926275
2234 -0.21628430411992058
893 -0.21620577134761698
197 -0.2156910987043447
1397 -0.2152208658937601
2547 -0.21465838890169775
2978 -0.21444179173150632
2969 -0.21393199764611334
2759 -0.21343519086113846
2774 -0.21307560381793456
2480 -0.2128615728709155
1634 -0.21247061457352828
3360 -0.21237339617620515
488 -0.21217757248074642
2980 -0.21176795101714066
1661 -0.21166731887923898
2899 -0.21149148964916265
263 -0.21027408570600187
1762 -0.21016305567043794
2623 -0.2096639594054675
797 -0.20947708848528537
2312 -0.20919406839210963
1613 -0.20858652445635373
1690 -0.2082443011653798
2714 -0.2060890619223816
242 -0.20574547388218684
2218 -0.2048907596670222
2898 -0.20396364653053112
2619 -0.20376753237230466
1063 -0.20376519270698568
2820 -0.20130266039399308
19 -0.20104979987966695
1972 -0.2006477157342544
1743 -0.20050822192574969
2356 -0.19998524648895366
254 -0.19965150335540788
832 -0.1993851882698328
17 -0.19923592175338736
188 -0.19916504709534696
3346 -0.1975336269393549
464 -0.1972922249651047
2544 -0.1970568737558188
1303 -0.19701313123852873
3331 -0.1969222363906036
837 -0.19687322843340876
1752 -0.19605696449935894
1665 -0.195578240029738
1267 -0.19532348472082223
841 -0.19492495011353225
431 -0.1944691931352424
1768 -0.19423669683622133
2844 -0.1934097259060821
217 -0.19330300484798676
3330 -0.19314382097709884
516 -0.19306902952826593
2110 -0.19021393824663338
1359 -0.18983250927568068
422 -0.18958165156163928
474 -0.18834892124549096
2895 -0.18819222603838465
1868 -0.18754923425845957
2058 -0.18732512844498772
2016 -0.18655222421315446
81 -0.18570627664979403
2416 -0.18507955852354874
3424 -0.18492070396364182
2998 -0.18374039021321426
3142 -0.18306155170177413
256 -0.18271320551384093
1836 -0.18114066300567525
3047 -0.1806399865332743
482 -0.18045485817676227
1963 -0.18026670072623308
1464 -0.1798671219108524
816 -0.17982057576589833
2553 -0.17893428599341885
2363 -0.17857605662850282
595 -0.1781888229612492
391 -0.17808180850472052
3427 -0.1775817064806082
2925 -0.1775719893006581
447 -0.17725413032881263
1481 -0.17715966196833607
124 -0.17705065796181668
828 -0.17680029744724873
1033 -0.17679420288511738
1696 -0.17605596760944983
2179 -0.17585522443237106
2968 -0.17488881430942457
3370 -0.17459886802386432
1619 -0.17393565141207465
1262 -0.1735756780640961
1974 -0.1730694123677399
2281 -0.17306145972316622
1157 -0.17289515332930191
1484 -0.17260163463343953
3339 -0.17200015501267024
2308 -0.1716893281843111
2806 -0.17065167099947953
461 -0.1700804167668111
2340 -0.169971501967554
636 -0.16936423676005607
1038 -0.1690725777565887
2771 -0.16900677734245578
1662 -0.16900150976606684
1086 -0.16873628738037383
1133 -0.1686052999278853
3108 -0.16847953767657753
1102 -0.16809158920662037
1363 -0.16744599945498426
2807 -0.16734712310549912
1869 -0.16716591583629664
253 -0.1668499434375015
230 -0.16535321778200185
1988 -0.16524435536776524
1260 -0.1641398042194038
1543 -0.16366812792235894
1465 -0.16268201801598944
328 -0.1626098034157405
2479 -0.16254291152798056
2221 -0.16250560426825122
1695 -0.16239754627987904
1182 -0.1623058766266161
2848 -0.16214410351869288
1242 -0.16169494653622699
281 -0.16164938591073666
1639 -0.16078576006393494
1254 -0.16046352295696953
200 -0.16042895250410247
1225 -0.16006633239348403
2084 -0.15937678368607366
2362 -0.15895808725774502
1162 -0.15868546469762404
1870 -0.1584603353432394
2183 -0.15791042697643673
2764 -0.15742701950930493
598 -0.1573459238303739
3334 -0.15729835627774896
1997 -0.15724417505044955
1884 -0.15718665917588723
965 -0.15712861146381382
2627 -0.15692990401640633
2546 -0.156733096821024
597 -0.15671923295787366
2389 -0.15663640386507888
851 -0.1563926871441517
1745 -0.15576815954253875
2539 -0.1551440340116848
1630 -0.15468180343627863
1297 -0.15449188571765446
1955 -0.1540028859085324
2923 -0.15349305159603885
1533 -0.15320058691810837
343 -0.15311240532835363
182 -0.15306366379961522
1828 -0.15289501510136833
1158 -0.15271222966013498
2680 -0.15263302701649675
3006 -0.1525939702252232
2367 -0.15258304573002615
857 -0.1523725450758548
1268 -0.1523478625854184
2855 -0.15233231493529076
3001 -0.1517381871721001
2542 -0.1516540129366504
1746 -0.15014689410322246
1168 -0.14993200600383366
537 -0.149890640912433
1295 -0.14987952224048937
630 -0.14965787439995773
1787 -0.14917804826985118
2294 -0.14883255895032454
2200 -0.14870651228248372
2413 -0.148260785538314
1731 -0.1478452421047257
2974 -0.14735858191543225
729 -0.1467987584777985
3183 -0.14637173298259215
2438 -0.14616320585120265
1625 -0.1460686427358287
1475 -0.14537605158129163
2433 -0.14519413501369574
1044 -0.14463716547741234
466 -0.1446181283575371
183 -0.14460557942614738
1051 -0.14419706458669102
1959 -0.14411627533218407
544 -0.14411032635281396
397 -0.14372566240558854
558 -0.1435629210428811
2966 -0.14297499054504215
592 -0.14247103656924512
2588 -0.14181239779240698
2866 -0.14126193695845993
3027 -0.14080584114691294
953 -0.14065830759311954
2813 -0.14005493313677686
2800 -0.13990187952789623
1742 -0.13950819390866534
982 -0.13924169194368077
1460 -0.13917337865370222
1401 -0.13892864694440465
1114 -0.1384477365821149
1305 -0.13741690874288734
1698 -0.13703885122346024
2351 -0.1359727458236692
1568 -0.13586950276885637
1386 -0.13552596284926902
2039 -0.13551354233896207
2992 -0.13530925089118673
2770 -0.1352476686641654
1045 -0.13509659671995422
80 -0.13482184163448652
2175 -0.13465902176510963
1618 -0.13455893068367972
2188 -0.13371913743025943
1326 -0.13354776738195528
94 -0.133222684902601
2516 -0.13286821584147437
3005 -0.13281027674695647
1838 -0.13244711498649883
349 -0.13217023805136702
2525 -0.13134174691809952
173 -0.13131965002116844
2651 -0.1308786646775931
3141 -0.13000111788054108
1831 -0.129524920221041
1244 -0.12911572029638355
2849 -0.12892123934728847
2181 -0.12876535595070493
1318 -0.12869917439838205
2908 -0.12851140864215027
2232 -0.1281428971690077
3077 -0.1278456396704769
738 -0.12760305190280577
1744 -0.12706223942168043
790 -0.12700102589301174
1858 -0.12692076663953117
892 -0.12660283906215827
3276 -0.12635507496636025
472 -0.1260477606789627
389 -0.12591763399210257
1161 -0.1254655830032528
3345 -0.1254206086953256
1323 -0.12458956468639225
1948 -0.12447418237323815
2611 -0.12441726524671881
2107 -0.12432703671259833
199 -0.12377583177320495
947 -0.12330908088024131
1750 -0.1226573113569653
722 -0.12255730802807799
3368 -0.12249394322408759
2348 -0.1222393348692989
330 -0.12206553164749155
1430 -0.12153172344317703
2425 -0.1214093859232933
2684 -0.12132800150828514
2219 -0.12132008210739086
2884 -0.12100719192356835
1956 -0.12095616190932243
2434 -0.12094223597689531
599 -0.12089559482438768
347 -0.12088072151460999
1939 -0.1208704533295807
549 -0.12081811719199942
3423 -0.12079081761937734
1477 -0.12050649146382231
3347 -0.12046949970459697
2683 -0.1203020158735583
2805 -0.12012614603005217
2447 -0.12005376902513079
34 -0.11943739270049321
3402 -0.11869335221398071
1866 -0.11856136341333108
1785 -0.11776883189288592
3186 -0.11760782293556267
1296 -0.11744554280821959
1614 -0.11698201269497883
2845 -0.11693942231557816
290 -0.11689418881127998
59 -0.11684352552799998
1271 -0.11653194178508852
1610 -0.11644702348792123
2404 -0.11641408263998815
871 -0.11641221984715153
563 -0.1161975947954303
3292 -0.11589565896989011
2456 -0.11585660018895166
1061 -0.11551771750915095
284 -0.11526704553776292
2982 -0.1151119960770644
1871 -0.11506085021916833
1605 -0.11500498589241381
1734 -0.11489965124408502
150 -0.11476262288794646
964 -0.1142791520001358
438 -0.11404056356999767
1526 -0.11380901595752206
374 -0.11377470293991067
3090 -0.11370094829841178
2184 -0.11369713875330423
357 -0.11359060979610591
824 -0.11358346546525801
2576 -0.11355244045735685
783 -0.11332639788673424
825 -0.1131029115316511
3084 -0.11277699027278956
561 -0.11248167383879487
3254 -0.11246791196931057
172 -0.1123541043614153
2843 -0.11225496040496938
25 -0.11222401113717984
2185 -0.11218629848554598
786 -0.11200883083980247
268 -0.11194945958104321
1539 -0.11178637534229258
2501 -0.11145728657674872
573 -0.1110970740113122
2887 -0.1110333395133776
711 -0.11092950179294292
1387 -0.11077663860701537
1659 -0.1106843468575371
2573 -0.10956186223980581
1095 -0.10954932578382444
1215 -0.1092386645601971
690 -0.10923145190864551
1708 -0.10913742491279715
1101 -0.10855150652537461
2713 -0.10850079006526299
2583 -0.10838843283506354
3046 -0.10828131407178179
2545 -0.10824847001357787
1554 -0.10783209800023504
3018 -0.10775044688693558
777 -0.10736650466993247
121 -0.10709271690098919
2924 -0.10703793946606195
1099 -0.10677211826624154
2755 -0.10622675611693463
1901 -0.1059292708063807
555 -0.10583010416799965
1156 -0.10561048258485299
1431 -0.10559615249571887
3098 -0.10551355615243053
1078 -0.10531911755297182
1027 -0.10529545740737963
2569 -0.10507954520851805
3053 -0.1050540852038887
1000 -0.10451297226827946
3089 -0.10436034223787019
1436 -0.10408221332137835
113 -0.1038754261557425
2245 -0.10351710570565152
3128 -0.10317068624102418
2422 -0.10302568298141303
1986 -0.10285000919590923
900 -0.10268047120504115
3390 -0.10249782380054598
800 -0.1024634530285751
1290 -0.10235001910275685
40 -0.10233080836388887
1700 -0.10219771076877933
1907 -0.10192597567590853
337 -0.10183643674771638
288 -0.10170883463193157
376 -0.10158852003689628
28 -0.10141612523527897
479 -0.10110692254147528
2906 -0.10099996479346862
2722 -0.10094007740415722
3157 -0.1008915636617886
2742 -0.10074135679528438
1507 -0.10069222425224099
1206 -0.10046288091012395
1594 -0.10030358524417939
344 -0.10017310403735775
1097 -0.09991518058037775
490 -0.09931206152899498
3434 -0.09906930191223917
1048 -0.09897777289571866
1667 -0.09897033434157648
52 -0.09844800753694853
322 -0.0982840110530756
2976 -0.09822549366694218
2760 -0.09791956312205413
189 -0.0979123055917885
1640 -0.09781055222804169
1381 -0.09780526788937591
2241 -0.09769944795181479
2526 -0.09760543835633145
2507 -0.09757882327271197
2869 -0.0974710954992914
1520 -0.09728693649662477
1193 -0.09684480385576465
2329 -0.09644188367597077
346 -0.09637888529442888
2973 -0.09622147230065319
3387 -0.09618816048644985
1705 -0.0957950112733897
1169 -0.0956611680441442
3119 -0.09564724034441158
2673 -0.09560937895891036
2785 -0.09553105091657813
3323 -0.09548005404951251
515 -0.09542761135605254
793 -0.09530727816186758
1123 -0.09509394302196059
1090 -0.09473633485832197
2265 -0.09454122310175424
2248 -0.09440407032197608
2211 -0.09422136329464545
2888 -0.0942163420486289
1819 -0.09404820849901478
1771 -0.09403611116423732
1699 -0.09402314026867087
229 -0.09400858426398717
2128 -0.09387819042630675
62 -0.09338877830907083
65 -0.09334872198072157
638 -0.09324996444200939
1985 -0.09319240622705607
3003 -0.09262394943591817
735 -0.09246146572130125
1983 -0.09241645694071005
444 -0.09228636124474608
2958 -0.09223043104063716
2011 -0.09191288343077872
1552 -0.09165016006445681
2488 -0.0915216458571478
3054 -0.0914200056131984
1596 -0.09137799059929115
641 -0.09118802000776605
2570 -0.09111439575391306
2249 -0.0910954527461352
616 -0.09092578724447264
2921 -0.09065191055560047
2282 -0.09047899857062337
693 -0.09044217701523723
2504 -0.09032007714608008
1319 -0.0899403461568405
453 -0.08989151494421545
1360 -0.08965021804659136
2984 -0.08934279497152268
126 -0.08908890066801511
542 -0.08901330678998019
2677 -0.08852073904412981
3056 -0.087889842254862
3173 -0.08787917701041185
1629 -0.08773226527404468
2372 -0.08767676089651064
600 -0.08763069371487416
831 -0.08762826276721014
2994 -0.08761793764445251
129 -0.08748839756881086
406 -0.08742644172246206
489 -0.08723074454747146
2979 -0.08703023402211933
3394 -0.08696455858237978
3298 -0.08678124413120267
2679 -0.08671665749573326
901 -0.08670252152138377
1015 -0.08661552027655349
1427 -0.0864127833304517
1407 -0.08637925906304675
1148 -0.08629591842481538
1624 -0.08611330509954108
2457 -0.08599127410852357
899 -0.08585123576809864
451 -0.08583770029767222
620 -0.08569750585854059
758 -0.08528914240878621
1207 -0.08521269481450328
2493 -0.08512816917586984
74 -0.08476905613022417
1739 -0.08472257801924464
584 -0.08383271566320541
3182 -0.08373724533736901
7 -0.08360784208014345
3425 -0.0834078328448707
1854 -0.0833750040413283
607 -0.08320301406164009
1049 -0.08305253116417464
1502 -0.08300416311980159
51 -0.08276789336813281
950 -0.08276091792416122
3414 -0.08264824833682556
2551 -0.08246196887831292
2920 -0.08240821441660212
2355 -0.08239568068327265
2376 -0.08231388518350775
385 -0.08196481373810609
1764 -0.08154634711814417
1092 -0.08134194864132083
2341 -0.08107663874587483
2686 -0.08098090075252459
2085 -0.08096073534419115
1857 -0.08092409621247372
554 -0.08084264989294876
1036 -0.08071149569200835
2778 -0.08051284553532471
737 -0.08039231260694775
24 -0.08008220191352237
67 -0.07972680112384392
2029 -0.07969563003672246
3028 -0.07952664324437528
2224 -0.07948589957853582
2808 -0.0793584802227795
3369 -0.07913101365728066
1400 -0.07878268206879085
2670 -0.07845997482398571
1152 -0.07827408351708144
1251 -0.07821791180368873
2147 -0.07819514183498791
269 -0.0781408115156571
685 -0.07812332813487956
1872 -0.07789886073451252
1029 -0.07786393820169193
507 -0.07783950025827852
3420 -0.07777336980784158
1777 -0.07773863596643371
196 -0.0777048514891312
2605 -0.07767231847185647
3266 -0.07739934053299229
3034 -0.07739352858009198
1733 -0.07731008743457948
779 -0.07729714872859506
4 -0.07725225872751687
356 -0.07722323357146144
3392 -0.07714851946512277
2373 -0.0770325739016281
3078 -0.07701583198156821
1496 -0.07686809145778618
2254 -0.07678412204890017
2672 -0.07666396597662302
1818 -0.07666152024408984
1452 -0.07653257770447809
987 -0.07637580016903543
2156 -0.07637076158172143
720 -0.07636018854507932
3025 -0.076327778102488
2209 -0.07621592986510535
1172 -0.07618517704541708
2511 -0.07616433980331255
2017 -0.07605249759508532
3367 -0.07602286302185268
3163 -0.07594069638714109
3045 -0.07593270253652569
428 -0.0758567090527437
3332 -0.07570707071921366
1131 -0.0754291106040297
2734 -0.07534277910565065
2912 -0.07523967924882848
110 -0.07484338112314701
1098 -0.07478194680915484
3262 -0.07455385966520439
954 -0.07454662556905141
1723 -0.07448316570513688
2918 -0.07430941244566819
404 -0.07415932165334467
2853 -0.07409700809365789
2700 -0.0740636246884395
306 -0.0739411756591246
3095 -0.07349846446028509
2587 -0.07345378536512621
2641 -0.0734210462485203
1062 -0.07335952456763617
3321 -0.07333968728263353
1881 -0.0732250239028025
2343 -0.07318566228749143
1888 -0.07303598338780841
47 -0.0729349494128509
325 -0.07289525163002014
2208 -0.07287339493861593
2716 -0.07279670041645259
149 -0.07255680818935155
661 -0.07238969497265255
1285 -0.07238749379408721
2244 -0.07233374258444673
2555 -0.07187765361088569
1852 -0.07154069467989109
1178 -0.07141431435189553
2096 -0.07127148702837308
473 -0.07126028324565632
3269 -0.07121902625302959
2965 -0.07104604894959662
2002 -0.07102813091331818
1753 -0.07095374120801433
656 -0.07084204668693943
847 -0.07083056214886305
9 -0.07073214014492782
2293 -0.07064399672221094
1070 -0.0704873373099515
2892 -0.0704504460629951
2890 -0.07036531696032707
1770 -0.07015337041241022
799 -0.06995875834994097
3300 -0.06994790535666263
3206 -0.06993143847190643
2701 -0.06978981846438244
1512 -0.06977203777999053
2788 -0.06972598336829341
1515 -0.06970007990407663
363 -0.06963839300437892
2909 -0.0695630040105371
2030 -0.06945102483282682
468 -0.06941970569987871
2685 -0.06936555056254845
969 -0.06925987241868732
2006 -0.0692575455676915
3007 -0.06920321895262843
2122 -0.0691713888381736
202 -0.06910293359169195
2279 -0.0689365241926759
1865 -0.06856557386974575
2268 -0.06855359628675312
1230 -0.06846178689844
1683 -0.06841734138959882
1250 -0.06835738534147281
198 -0.06787874697116723
962 -0.06776335293278313
2339 -0.06766909244738316
3244 -0.06752216471056365
274 -0.06740101158512994
3102 -0.0673100330902738
1900 -0.06730475817364834
612 -0.06702560624045341
111 -0.06689554848736436
3094 -0.06688383693075135
3079 -0.06670423009537388
2061 -0.06659646820948809
989 -0.06652950672335389
1382 -0.06643348483251822
2419 -0.06636116759379448
1615 -0.06635253332708312
1135 -0.06632560307038152
491 -0.0662682131800757
951 -0.06622791129862209
2331 -0.06621193063269183
580 -0.0661305082239945
1540 -0.06608218786114639
508 -0.06585930685202071
2875 -0.06524538446776426
513 -0.06518728798522348
37 -0.06516332272622721
1601 -0.06500355020005809
1150 -0.06499762783834105
2517 -0.06444220423872561
3245 -0.06443864546228056
425 -0.0643537420215907
142 -0.06423786554775142
1923 -0.06418404614377131
1803 -0.06415447465685045
1725 -0.06414162136020504
55 -0.0640582269146841
2996 -0.06404762261297552
2647 -0.063939592448282
1194 -0.0637693627642264
147 -0.0636248093162948
130 -0.06352234434918909
1391 -0.06351031496869403
1122 -0.06331838318965326
2190 -0.06320817938392875
2765 -0.06319598544249752
3319 -0.06301241751214302
1585 -0.0628329712940377
514 -0.06275013890564438
1050 -0.06251495673014368
3184 -0.06247662289974411
2275 -0.062466064479540354
2773 -0.06241205606716743
798 -0.06229719821012954
358 -0.062219390281176935
2991 -0.06205440238517537
1039 -0.06190518675563092
3398 -0.06185012768006555
1424 -0.0618472010683963
3242 -0.06183775573671426
1844 -0.06183641217060257
2420 -0.06180009454990109
2496 -0.06128199479537797
3149 -0.061273581463242126
870 -0.06116745640398746
2834 -0.061116085758714286
667 -0.061081255642789004
1064 -0.06108022652092892
1459 -0.06106658252046559
1331 -0.06090787954463272
2799 -0.06086863484470775
2550 -0.06077555139873759
2105 -0.06048475669332784
2971 -0.06045592420938583
971 -0.06039404617888192
1925 -0.06028205939225393
127 -0.06013866839560825
2223 -0.060132543094923975
105 -0.06012850579439658
657 -0.06005926646126517
2250 -0.059999339211340555
2674 -0.059943370484589746
2560 -0.059916276352223276
2566 -0.05987030567609418
3302 -0.059833107874129876
1010 -0.05964769555093968
1886 -0.05959592074279249
2896 -0.05958017574946693
2599 -0.05957744971380889
1707 -0.059574126264373174
1950 -0.059573287847232516
1736 -0.05946881967998929
2656 -0.05938545279960958
2870 -0.05937401386126513
95 -0.05935597343163703
2397 -0.059179681115657
540 -0.058979118859982485
874 -0.05897732671773534
2636 -0.0589203236037975
2103 -0.05870619968474196
3234 -0.05863633358720543
2204 -0.05860616584651914
3247 -0.058586407978621934
2997 -0.05851778511649234
2423 -0.05842541380911807
872 -0.058379398829344904
1195 -0.05828056256445467
1311 -0.058223236157873
3362 -0.05816908026642234
602 -0.05812999398940894
220 -0.05809598096334639
371 -0.05794602992819899
2127 -0.05781755457740147
1527 -0.05780668457674956
3132 -0.05776777761072618
2648 -0.05752280065202024
687 -0.05744832349821102
1593 -0.057447446150732016
1434 -0.05737839824644318
562 -0.05707792881967743
3356 -0.05689061650839359
1214 -0.05688053284256278
1006 -0.05673085934709559
2952 -0.05655199892456428
2717 -0.0564372589882915
3249 -0.05636748942677684
700 -0.056309585289436435
829 -0.05604618994292339
2621 -0.055936423467937695
201 -0.05584545968580515
1584 -0.05580376507199166
914 -0.055644755169900056
2314 -0.05564398795549389
2026 -0.055500164852047555
3259 -0.0552867151565582
2326 -0.055234746718010014
502 -0.05508211982287713
442 -0.05503401532908663
1908 -0.05494002505605208
2751 -0.05476923978086609
1105 -0.05471460028898639
817 -0.05454380261486376
2635 -0.05452318261755383
3118 -0.05436492673917271
204 -0.05432838121917371
3326 -0.05428785667625785
1650 -0.05417764916614915
115 -0.05405787327758776
2129 -0.05402255963595557
1106 -0.053876946337884694
3019 -0.05369807244059319
1408 -0.0536305455994199
1012 -0.05362796809977444
2152 -0.053466874696063246
483 -0.05340017597421007
1052 -0.05323618947544286
2585 -0.05321692759305377
285 -0.05303445996265389
2044 -0.052993749948646404
590 -0.0528699189108415
2247 -0.05261171662916332
2810 -0.05256227108959811
387 -0.05245363803414821
1522 -0.0523372659282409
2520 -0.05231261035560191
670 -0.052254951548284544
960 -0.052224793437472904
1117 -0.052204400864900496
1804 -0.05217517706284124
1109 -0.0521104063513895
2929 -0.052013333470607125
1516 -0.05185173239898642
492 -0.05183263694984385
1873 -0.05178741653346188
2522 -0.05178733076983481
583 -0.051737229646437344
2168 -0.051617021673670646
979 -0.05160883425130597
2584 -0.05147255936641418
190 -0.0513993202216714
2740 -0.051381890612648785
1208 -0.051339517728048435
2916 -0.05113438342542721
1617 -0.05093883582623464
1537 -0.05092938327863417
1127 -0.05082500864082045
85 -0.05069278273050957
2371 -0.050680738180984015
2795 -0.0506491747476646
1813 -0.05059406369730492
2662 -0.05048830780085467
3411 -0.05043388280598573
727 -0.050401891079714836
2427 -0.05030431573076885
742 -0.04982940238834159
1557 -0.04981524332075362
1379 -0.04950954533762758
2258 -0.04941648059807789
1016 -0.0493410061431763
2301 -0.04928514750330127
2917 -0.049197639153292054
2173 -0.049187854683490226
2357 -0.04884462609855599
1635 -0.048762185403378164
802 -0.0487461660810061
794 -0.04856972730044661
2580 -0.04838221021535721
2521 -0.04828504040279237
1911 -0.04818952468920963
1812 -0.04804529257133755
1450 -0.04786018688571998
3110 -0.04771535135415487
878 -0.047461437761061445
1691 -0.04742134858061374
761 -0.047338825179963386
1797 -0.04733693167981398
1941 -0.04726092923018311
2215 -0.04722612440896252
1685 -0.04718767134696704
2589 -0.04711043379075481
2975 -0.0468756767647295
731 -0.04686180458204314
1210 -0.04676112728028501
2435 -0.04668536083084298
3395 -0.046665219935720356
48 -0.046663752261461064
3230 -0.046620632290595765
718 -0.046486443329955746
3281 -0.04647999518481861
301 -0.04642223370311754
520 -0.04596130103092509
1602 -0.04591241620287216
660 -0.04584476262667003
681 -0.04584461841279533
728 -0.045818264129681666
1096 -0.04581354979318203
3386 -0.045796371243376835
133 -0.04579503654295639
2809 -0.04573065614991878
2977 -0.045702777567571316
2233 -0.04568836208822591
2756 -0.04563287180554928
3203 -0.0456232309469038
2205 -0.04561906317674794
2478 -0.04561656301727457
275 -0.04524523914051846
865 -0.0449700269670721
3353 -0.04476383232063549
809 -0.044732179802987736
2120 -0.04451967530229469
384 -0.04446212390585552
1239 -0.04440694773111936
3317 -0.04439451333212897
1560 -0.04437504786902585
1930 -0.04433230793377545
178 -0.044196175275388515
1385 -0.04408121705892844
2707 -0.04403553467586664
3162 -0.043937241769609676
2606 -0.04385531146589102
1186 -0.043830982933719335
2638 -0.04373293490263969
2552 -0.04367210633688342
1372 -0.0435900791026499
968 -0.04346728748140966
2210 -0.043338489247171194
1154 -0.04285418694919971
2021 -0.04249106240071084
1001 -0.042402301006664096
1514 -0.04230154092574889
1176 -0.04229314885082403
3109 -0.0420304132107593
3403 -0.04188568803146158
988 -0.041818616015465965
3377 -0.041733600212561214
3263 -0.041732863313144374
3359 -0.04171721541977365
2292 -0.041698613973011986
2786 -0.041607198627577835
710 -0.041515845852758186
1934 -0.04146243791529263
2009 -0.04141481970120095
2333 -0.04141446956593233
386 -0.041405117614317054
30 -0.04139121610752202
2854 -0.041377161922982
1346 -0.04134257610450732
1294 -0.04129388308411974
2195 -0.04090000423615216
203 -0.0408814419312883
1648 -0.04081372253120709
2194 -0.04076584061097909
1022 -0.040636789871253534
862 -0.04052047844883887
996 -0.04049979729911905
608 -0.040431848228729556
2049 -0.04035496077858161
2789 -0.04033400535004296
3221 -0.04024786948718004
131 -0.04020150059444813
2597 -0.040056901408988696
639 -0.04001123199430501
680 -0.03994063614397582
311 -0.03992688708136779
3171 -0.039867651709017626
1711 -0.03974068874525977
705 -0.039644365606366985
3086 -0.039401158356987494
1995 -0.03924670666635465
2082 -0.039192423627939926
3437 -0.03908718210530104
2720 -0.0389137078952066
2859 -0.03880527295558794
557 -0.038585172558837616
2882 -0.03819899358686551
717 -0.038034419561082757
1054 -0.037908364622771945
912 -0.037857040327290946
247 -0.03781142145634241
459 -0.03779374243424214
2452 -0.03776228615960684
3218 -0.037670978578748515
1212 -0.03764613253377773
2031 -0.03760760684607189
640 -0.03752117861268086
1910 -0.03745457481464775
2436 -0.03724014766885741
212 -0.0371506332195582
333 -0.03709490914730106
86 -0.03708190569234487
1495 -0.037058675134973795
1964 -0.03705247888283641
869 -0.03701549154815286
304 -0.03693034503564668
112 -0.036708783302085025
3288 -0.03644309462312302
1998 -0.03638854607271844
362 -0.036173430218282954
846 -0.03613569035849712
3080 -0.03591851690154553
3240 -0.03586701617988479
1909 -0.03586207930935907
3382 -0.03579426675516371
1003 -0.03570805966982763
1091 -0.03563981373937674
1536 -0.03553861341284843
2119 -0.03529552572734922
2871 -0.035099588631853446
3399 -0.03503499562108294
814 -0.03500223292177344
1369 -0.034879759931132105
3082 -0.0348788824817368
1490 -0.0348615445197821
2146 -0.03481068194507866
1149 -0.03476711276142331
957 -0.03470984237596686
2856 -0.03437557015914691
2443 -0.034307287221221984
3433 -0.034277103165635155
1175 -0.03421130223123674
3097 -0.034196468621980426
2639 -0.034160955910874626
1823 -0.03408824502363203
774 -0.0340365300951798
2114 -0.03397192066929424
53 -0.03380736962100891
1093 -0.033752471669448315
2417 -0.03374798879096232
122 -0.03362786412102464
1862 -0.03359074231954339
168 -0.03346543126823286
107 -0.0334083692398437
3179 -0.033393126560489594
2561 -0.033360488357324414
806 -0.03335084322190475
2216 -0.03323634584194994
2366 -0.03316997270068201
1366 -0.03313574591642948
1288 -0.03309571123723981
769 -0.03296956596315094
579 -0.032907467267590765
1286 -0.03288675064313954
312 -0.03282815683730874
1505 -0.032746714345018454
1847 -0.03272031277927047
3337 -0.032710602036882044
1398 -0.03269055673350462
804 -0.03253847439606197
3002 -0.0324320107049048
2252 -0.0324003933545326
1330 -0.032377246895811715
1080 -0.032359925439427895
2790 -0.03235920360778257
2399 -0.032327150936094506
1084 -0.03220444443256178
2962 -0.03213335051929779
2535 -0.03208756427665218
1204 -0.03206433820278659
1281 -0.03202750194255836
619 -0.03189245883428199
3154 -0.031792255257820666
1002 -0.03176548501075603
2136 -0.031740939234667406
3419 -0.031727985977882435
1889 -0.03162503538765431
411 -0.031441392007641206
2767 -0.0314141564367577
775 -0.03139284193124641
2577 -0.03139070007035505
1714 -0.03136283786631619
610 -0.03135719781837072
3092 -0.031333860624624725
3248 -0.031145474795623088
1420 -0.03106822845716879
1513 -0.031060575986553988
289 -0.031029077561000994
259 -0.030971699698190483
15 -0.0309561669322995
1014 -0.030941464713553486
974 -0.030812696503455764
1126 -0.030768993877869327
1686 -0.030747744075732216
1929 -0.030696320513207177
2668 -0.030628452820797538
3112 -0.03060765787877232
2071 -0.03056891684603247
2797 -0.030492550291939795
493 -0.030485929293378976
3222 -0.030343428308035582
704 -0.030282697578997004
2344 -0.030256352534815813
2007 -0.03021279595712633
2145 -0.03007426739191534
3061 -0.03004108408329564
267 -0.02982894238262102
446 -0.029767378258594247
3196 -0.029733597191082588
2936 -0.029712467969886035
1067 -0.02961978335921745
2981 -0.02957375567641066
955 -0.029567157528935014
49 -0.029509007551394927
3293 -0.029498912707031175
666 -0.029359723316219326
1694 -0.029308816202277797
551 -0.029246214822516946
791 -0.029206852506732665
2055 -0.029172012435817737
441 -0.029118071169935394
2961 -0.029091707833747087
552 -0.028991812554118035
2421 -0.028907224829769734
3333 -0.028865882503967776
1835 -0.028766150181636307
984 -0.028738863520385297
843 -0.028681635208509762
452 -0.0286770312924221
1395 -0.02863660822389642
2988 -0.028499795114389628
564 -0.028419953980629718
3083 -0.028255571210258797
2592 -0.02825505521143476
136 -0.028250679807653438
2787 -0.028206652299768473
1966 -0.028201952744426828
1748 -0.02804799623056427
854 -0.028044966039573394
1229 -0.027702765273094725
918 -0.027539111405484075
730 -0.027527062558579462
1874 -0.027480922954267097
3320 -0.02729775937793869
2938 -0.027291900396298578
166 -0.027251742592247805
471 -0.027239633306029423
920 -0.027236766507990014
3380 -0.027125200429040763
3295 -0.027063392867756834
2046 -0.027058908371552122
2995 -0.02701063511701953
875 -0.02698656598632253
3314 -0.026967209445525425
2763 -0.026948312833438456
3354 -0.02684069888381648
84 -0.026820845297323294
3311 -0.026806525637956245
2796 -0.026787671999216445
2598 -0.026745471040714487
3076 -0.026738168932910582
3416 -0.02670615055953464
2451 -0.02658936800603365
159 -0.02652429518413773
3308 -0.02638146049027453
300 -0.02637417656440013
2709 -0.026320894472363583
2676 -0.0263174098261148
2387 -0.026272610043455224
1198 -0.026250200007040217
780 -0.025975059828271637
906 -0.025934080180220122
3038 -0.025911937528301583
2415 -0.02572458695441529
2239 -0.025673204426856253
3026 -0.025489584920162036
2018 -0.025450023660847546
1103 -0.025441705716846237
1057 -0.025329975565936576
1607 -0.025317027161019513
3071 -0.02530148904513253
2296 -0.02529642598693709
2972 -0.025242093245167983
1435 -0.025194812351831467
3017 -0.02507140824957355
3188 -0.024996336639847787
1269 -0.024986586444914458
2278 -0.024972892478024648
2846 -0.0249153468502491
3273 -0.02486593234598528
106 -0.024762296844875912
2661 -0.02471277553104807
977 -0.024709985044260994
1293 -0.024590282409370178
2586 -0.02456321343036286
2933 -0.02450122221004061
1341 -0.02441090665412006
1580 -0.024371395139974706
767 -0.024355212620795888
2793 -0.024204296244895295
2280 -0.02417796696508161
2704 -0.024173258860163912
2203 -0.024169463633014355
529 -0.023963037792279724
21 -0.023794902996258274
1503 -0.02357624204725539
1009 -0.023573862706886235
910 -0.023568859439442157
2614 -0.0235317410838015
1083 -0.023517037302961747
755 -0.023451238249390174
1081 -0.0233076992512692
1119 -0.023233157738577835
2045 -0.023085135463851873
3164 -0.022802851200697583
2426 -0.022597958824046964
2201 -0.022461494686203627
128 -0.02235994574160691
2158 -0.022316187757197143
3072 -0.022221103042111234
699 -0.022178963136125024
1644 -0.02209829455138259
434 -0.022060392465885162
1345 -0.02205581540217397
1506 -0.022029909211826265
2741 -0.021998106504833817
911 -0.021988168115815686
1992 -0.02197303593680598
1338 -0.02189509587710598
2985 -0.021559411425778
577 -0.021522795805362215
2253 -0.02152042358021685
340 -0.021325962500642018
1914 -0.021289312355053304
3361 -0.021230229392713282
2724 -0.021157462992812584
672 -0.021057331740611453
3379 -0.02099510342565618
3159 -0.020983561527371894
739 -0.02091579082672002
2739 -0.020912692904111154
1255 -0.02090738552501038
1738 -0.020878293579723258
1059 -0.020827488563350725
3299 -0.02080738995529965
2142 -0.020753063183473697
1740 -0.020657297984473525
1590 -0.020613610924667097
740 -0.020609083568787743
1720 -0.020608996685304033
651 -0.020554176600279264
457 -0.02049413105615694
2723 -0.020398673186885874
2915 -0.02034255703685087
754 -0.020321208238883396
512 -0.02031334476000652
3170 -0.020272049060979166
2568 -0.020064497563484655
902 -0.020061660932795204
1918 -0.020042325729649726
1550 -0.02003056311618073
2666 -0.020003564973412626
2744 -0.019995360033632805
292 -0.01997023246398654
2347 -0.019965335997231166
2101 -0.019937206567502405
2068 -0.01973992131410997
3009 -0.019705427283205654
2260 -0.01949004760635741
3199 -0.0194748192300013
2428 -0.019395620794157842
2900 -0.019365142298833272
1265 -0.019020235762878746
2323 -0.018981704745062507
3205 -0.01895315632976746
1112 -0.018833850718215275
3304 -0.018806526141755514
2865 -0.018766501760082398
20 -0.01875564326682072
350 -0.0187490665750024
2414 -0.018599423658893867
689 -0.018545800365907535
1756 -0.018497500866803608
1713 -0.0184483770577058
936 -0.01834274485752827
618 -0.018295256807126646
1789 -0.01828667497214343
1810 -0.01823926213639882
3226 -0.018217680041875094
2567 -0.017916483949601186
118 -0.017772838743670905
2667 -0.01771030981432454
1088 -0.01768142259021936
1166 -0.017651828302343624
2379 -0.017567331879402095
2411 -0.017294995027877704
1642 -0.017252882894377135
2746 -0.017193817540296797
528 -0.01703387582043051
2112 -0.01688945804101896
961 -0.01685423170706682
2706 -0.016845283420969002
1177 -0.016843373742470125
2671 -0.016743683604149476
810 -0.01665341755271347
1263 -0.016612487682083555
1276 -0.01659606785375805
104 -0.016595040285686456
2934 -0.016534080390385644
3238 -0.016476939651692214
2130 -0.016341998678258404
501 -0.016335387612244
2519 -0.016315497630076715
2161 -0.016277026391373343
1441 -0.016196160579664574
1863 -0.01619373159878186
2131 -0.016173495512138703
2264 -0.016146432735925965
478 -0.016121689380332226
2956 -0.01597714593921027
926 -0.015962183879013183
2738 -0.01584926895717495
2533 -0.015782880831744596
748 -0.01575995872212864
683 -0.015728892653160412
2162 -0.015395382890218974
3357 -0.015359970080536172
1183 -0.015344885545795283
1953 -0.01530181397802255
2518 -0.015296241729283394
2014 -0.015281421377910963
2594 -0.015242072893977648
1612 -0.015224478434185784
876 -0.015131775170150718
419 -0.015110536300039404
1005 -0.01505751023903023
521 -0.014997356111449306
2617 -0.014984476825505908
2459 -0.01486966856051263
1567 -0.014863274991251538
116 -0.014846357752951822
2277 -0.014830130594659574
137 -0.014824595575193217
1235 -0.014772745929070992
3371 -0.01468681496224394
2262 -0.014522480118315483
2990 -0.01451720416945352
409 -0.014483370281773529
2527 -0.014442130561135516
2563 -0.01437227518516568
2494 -0.014342190238919974
2056 -0.01407191291700796
2548 -0.014047746829592983
1848 -0.013962788145710775
90 -0.013959084683131298
1572 -0.01394750671518472
2217 -0.013913417275117888
305 -0.01388649688310322
155 -0.013856003863919894
3161 -0.013827983208912736
785 -0.013775404031544675
664 -0.013676281240397815
2148 -0.013380075302017
2926 -0.013227191595488838
736 -0.013201045921108273
1867 -0.013185881076535193
39 -0.013064810523148134
808 -0.012977996045261616
1971 -0.012858101049617918
2889 -0.012793699912694178
3058 -0.012677759782357759
807 -0.012662696745773281
1458 -0.012557458824918856
1588 -0.012541056314090042
994 -0.012488108306467577
1321 -0.012304147005945005
3177 -0.012280227074670006
1104 -0.012108950476261707
2038 -0.012096811137498826
2317 -0.012079309236483636
1587 -0.011842647898176314
2236 -0.011809909770863143
388 -0.011807040940663139
2186 -0.011791858428499169
762 -0.011482646417585013
3352 -0.011470817873657517
2240 -0.011394173864286214
2943 -0.011288703792073232
1719 -0.011140416759049527
1266 -0.011133468285827158
162 -0.0111138435817386
1405 -0.011104744886586717
764 -0.011100797921587267
1574 -0.011078145491387097
2132 -0.011032596543095241
778 -0.010999114584849543
2174 -0.010950404626931726
2828 -0.010934655682716524
3341 -0.010851835141009477
1652 -0.010825574908501197
1851 -0.010806784530977616
1894 -0.010751631636480753
1991 -0.010750846401666287
3069 -0.010738905594831085
215 -0.010706376944607895
867 -0.010616983778275194
1912 -0.010558024396211696
2901 -0.010517671260137843
1447 -0.01049819869929213
1799 -0.010376857998392781
1524 -0.010294930495961361
255 -0.010118887202164133
1892 -0.010110136836919713
3435 -0.009989653234764095
3401 -0.009975244799423627
1373 -0.009970748025748804
3020 -0.009963156280597626
663 -0.009837987555137498
734 -0.009819956793199155
985 -0.009733382406884582
2729 -0.009632614309766141
864 -0.009527258485715092
1563 -0.009481224767017297
91 -0.009427759921794607
2353 -0.009395378124426885
1654 -0.009201447303815
3251 -0.009172074834010922
1816 -0.00914633994354491
2081 -0.009000426519914433
2949 -0.008861151221692483
2213 -0.008657239957742226
2883 -0.008653471650118486
523 -0.008607906723625063
2143 -0.008570388230064707
1247 -0.008540932155850889
938 -0.00853512922458438
1007 -0.008520158114167823
282 -0.008513972677214912
3316 -0.008497265985609053
3315 -0.008404579367640068
1196 -0.00834973558863571
3185 -0.008325218627795746
2109 -0.008253132242960521
77 -0.008248103884642966
1592 -0.008246979627414434
224 -0.008189520746353023
3261 -0.008180722354816808
286 -0.008113891564788615
2165 -0.008101014484645057
1688 -0.008059278989928231
408 -0.007991137945846827
1638 -0.007956665905180045
2375 -0.007895520313855493
2075 -0.007881130942673155
2100 -0.007847114323112067
50 -0.007801391766442562
2460 -0.007763284797701568
2935 -0.007587732721164477
527 -0.00756175092660033
1094 -0.007540582144373638
1446 -0.0075165614693452525
2484 -0.007421233908689207
1308 -0.007410634008963666
2937 -0.007352047668813355
3043 -0.007305877935979813
3059 -0.007294185330774309
935 -0.007282362684825916
3227 -0.0072568081936978356
2261 -0.007167260164521606
1643 -0.007143775562103661
2134 -0.007012543463942673
1817 -0.006950562606847429
658 -0.0069426270947052435
375 -0.006941163133555344
848 -0.006939597645017116
1796 -0.0068209615388187044
477 -0.006782919724604607
134 -0.00672967493175553
2313 -0.0066784265024590166
575 -0.006628859858267984
3219 -0.00654974859700309
503 -0.00654229224189158
3408 -0.006541390756203043
3280 -0.006435935152538064
3067 -0.006307619568292806
2955 -0.006121728750978881
2133 -0.0060640744750833165
2596 -0.0060343465595122416
3246 -0.006026027034147917
1137 -0.006014800479287904
470 -0.0059301249457446165
462 -0.005832793669142502
1915 -0.005742188616074268
1179 -0.005710930002622305
1252 -0.005652031193232529
1147 -0.005613294484558715
3155 -0.005537481385746449
3301 -0.005531326181734917
1089 -0.005520266168234921
1969 -0.005379969755320492
2207 -0.005356316511056671
2270 -0.005351153264171541
1108 -0.005340922821532464
2624 -0.005306637994585093
907 -0.005292771393920885
1232 -0.005280407914570378
2222 -0.005272696707136957
3228 -0.0051989051650410045
1864 -0.005117235077058867
1926 -0.0050824830127827545
2590 -0.005068562374713529
403 -0.005059461278076399
2041 -0.004972060701605017
2987 -0.004930780716499188
414 -0.004867771144274334
3229 -0.00468046525919619
2274 -0.004476022100202671
1842 -0.004395476147963478
919 -0.004379164503984542
3057 -0.0043791233348158464
487 -0.004277052310825496
497 -0.004275329600341238
1173 -0.00427346076448226
1967 -0.0042565632969269645
3113 -0.004233079086662407
1444 -0.004090354235408267
3197 -0.00406191924962331
1792 -0.003971765270809847
2528 -0.003948012547476239
27 -0.003907872110572531
1343 -0.0038866428242212737
1197 -0.003786851814069358
57 -0.0035845011053638113
44 -0.0035472198465196967
146 -0.0035205542914044713
789 -0.003478077047854013
2163 -0.0034227370240868826
1951 -0.003400310786796495
2904 -0.003290423616928765
225 -0.0032879194097129743
531 -0.0032835604248904315
1013 -0.003275750475533134
3252 -0.0032215425761298725
1199 -0.003205637541329382
463 -0.0031603711011632084
2386 -0.0031381017041235445
1396 -0.003136748711822511
206 -0.003112388401586388
117 -0.003097964212209295
3191 -0.003054030037450888
635 -0.0030066526003734123
416 -0.0029753180172040978
2024 -0.0028767794915174807
46 -0.00286425787897433
2322 -0.0028237049154268565
1806 -0.002790073405893453
1008 -0.002780964583399011
1192 -0.0026448572324600764
1575 -0.0025440578510683314
2273 -0.002542265013485878
1473 -0.0025397940624045157
929 -0.002452989299636919
986 -0.00233040513606562
3111 -0.0022814659212979723
972 -0.0022333863617896707
860 -0.002172375725579625
1993 -0.0021680250806215147
1555 -0.0020923353181098747
997 -0.002037920904899424
193 -0.0020035893976992998
1243 -0.0019035405746413447
1069 -0.001573040113372787
1604 -0.0015004838287344096
3068 -0.0014386045220759472
673 -0.0012322762755770963
2948 -0.0011212212179175624
747 -0.0010650768537711836
226 -0.0010519002019808224
2618 -0.0010179592374241877
192 -0.000994205133346721
3327 -0.0009743777727347914
2769 -0.0009216128166362992
2698 -0.0008022478616330575
432 -0.000678024477592208
3055 -0.00048819780973105483
916 -0.00042136672532931403
99 -0.00016317242093671864
582 -2.647497488402031e-05
2703 8.21319708766855e-05
732 0.00010167223596192189
1259 0.00014277324523463816
1853 0.0002111111997994687
1805 0.00026746415733441744
2092 0.0002828252330580318
2099 0.000699657078372085
924 0.0007145634197247508
2054 0.0008915410111757985
2877 0.001120271478793687
499 0.001124359300385208
3101 0.0011817294082842901
3070 0.001211565568265785
239 0.001287048724384815
958 0.0013395231296525496
1501 0.0013645206293938655
460 0.0013839398960002077
3181 0.0014692820574535494
448 0.0014761518316878737
2591 0.0016881397893258644
805 0.0017438444997061673
995 0.0018175953052579719
443 0.0018495648894718921
3271 0.001923389962890773
3426 0.0020608755384313384
2954 0.0020937454721628736
981 0.0021182291498730425
1421 0.0021866425455974664
2959 0.0022011074195758358
2910 0.002233171331850412
856 0.002277745561010025
119 0.002308419901841059
88 0.0023454777992749257
2067 0.00234803803913605
2350 0.0023613020905515984
927 0.0024455595331943276
278 0.002522735329596803
2531 0.002532009134414114
2794 0.0025395650924134976
2123 0.0025554805515644956
2818 0.0026077713716301464
56 0.0026480049009523807
662 0.0026926922325871106
1561 0.0027625237637025775
820 0.0029710723998418688
1486 0.003000723828213976
519 0.0030007614341908033
1335 0.00300620702871217
2964 0.003065123540566927
2320 0.0031080593330878475
383 0.003114797883003549
915 0.0031700314773960895
6 0.0032026087597466823
585 0.003250565429006442
642 0.0033551100241657615
1181 0.003486825976452327
1361 0.0036326939375394777
2885 0.003636057744227315
526 0.003744883602570252
3336 0.003777491398611576
2841 0.0038047017426566148
1339 0.0038175130452796436
1947 0.0038614273285859247
653 0.003899910862540155
1209 0.003933099658038491
135 0.003987207386624816
228 0.004130430020132753
2345 0.004179968482596535
991 0.004298130783604598
2879 0.0046265676957394
1471 0.004701975492455018
2993 0.004822084339704309
3349 0.004877222141841589
702 0.004891722788886178
2126 0.004929433592335321
2342 0.005020871222029836
1314 0.005070878650283722
23 0.005073997664701324
2015 0.005098805577606991
1542 0.005271050065212768
1058 0.005327690930433026
1921 0.005343769118695933
773 0.005353819881803626
671 0.005413448749010184
942 0.005525681543269216
2118 0.0055501349285164495
2251 0.005560150418297247
839 0.005600659487080147
1174 0.005651980134599372
2502 0.005670200102974999
2505 0.005861394447710032
1919 0.005926576162898752
788 0.005955337316424771
2080 0.006013374298018009
1340 0.006067309294660087
3283 0.0060988922779112095
534 0.0061068007807006264
3250 0.006152563372264398
1657 0.0061938122360807365
2266 0.006373672527436508
1917 0.006381591496148557
3279 0.006426684927859019
746 0.0065252680051455965
2556 0.006598778917459005
103 0.006622001384791414
2530 0.006669987162056235
1203 0.006709189112444716
3348 0.006738375612700651
922 0.006742336995920704
1337 0.006755452514004072
359 0.006757977903033276
510 0.0067588510482074525
287 0.0067950471585832665
2652 0.006881332813602492
1451 0.00691266558497741
2762 0.006921127061893104
2400 0.006957363281674469
2515 0.0070075170887100545
3212 0.007052250852388052
3410 0.007063841446362825
931 0.00708441040608396
31 0.007118272187100339
3303 0.007147869597759417
1201 0.007162336763134529
2166 0.007200156566590576
1467 0.007205081758179866
3243 0.007316862375781154
2604 0.00736103835414975
696 0.007389884659339236
486 0.007403875979541391
2072 0.0074989514329681355
3063 0.007572265994317508
2052 0.007628118959156721
207 0.007631227766453414
2078 0.0076686623599216625
3312 0.007674254323788739
1371 0.007716462517823706
2989 0.007763008493214757
1364 0.007819341607769217
3216 0.007859186195908058
1815 0.007886090361037863
3051 0.007909428084286473
821 0.008050263560886619
1579 0.008141814247935395
1234 0.00814284149305718
1559 0.008170235271938914
2534 0.008216488838363043
2804 0.00833620031911469
1231 0.008509962261347261
3073 0.008527793291874605
2963 0.008534650264415597
1274 0.008656047876460545
1233 0.008716142913795761
295 0.008734306568891957
2953 0.008762432971397198
2481 0.008942522894569746
615 0.009155062839813684
1304 0.009196671714440104
237 0.009261177968980502
1562 0.009294509108408986
2839 0.009363119999532925
645 0.009485603760956935
1455 0.009547580287075395
3374 0.009572449375773047
475 0.009581874086015671
298 0.009606109887476224
2630 0.009785968452076244
3000 0.009790169018356528
2646 0.009811771418893606
2121 0.009851396125184446
211 0.00989264163903497
2748 0.009895079470509
2135 0.009963769010610342
2272 0.0101060265854594
2124 0.01013501939001794
2257 0.010220496595516899
2037 0.010260894137652011
3114 0.010283470760779843
2603 0.010350908116360809
1896 0.010391408180961416
1236 0.010408251359064263
2197 0.010447499413103137
1336 0.010507647263575746
108 0.010681610431617406
361 0.01073670461388254
921 0.010807568888815467
2066 0.010890166637147359
3123 0.010980828706581439
3165 0.011121699751169365
2708 0.011125302658800127
1077 0.011184086313360512
498 0.011213193792301865
818 0.01122712907242831
1334 0.011236956779970156
1680 0.011312153913755427
2193 0.01132050552499973
535 0.01133036595957064
917 0.011382078132233126
1307 0.011421463073623864
1432 0.011445424520253777
1808 0.011536193490915909
553 0.011675572757806799
3272 0.011793320459161323
1973 0.01187152510257089
771 0.012022601377443633
966 0.012049741648493636
1342 0.012058380245050031
1636 0.012092526963799944
2931 0.012104347701394702
1370 0.01219519269547997
2409 0.012275233969400556
2025 0.012323581324684155
3213 0.012445001116343097
2860 0.012512824089790172
2346 0.012605264617020964
1273 0.01263773682687068
2380 0.012745232561810642
1931 0.012760651571195278
877 0.012960580458355221
1493 0.013153532610348745
3383 0.013252563548296046
3310 0.013333989798274768
2715 0.013344618754623805
413 0.013449340798636227
1656 0.013467998922642504
1849 0.01350810020839214
1200 0.01360516662725065
3225 0.013776356575576815
2696 0.013832693509807863
355 0.01392874122436255
2784 0.01394319955232926
2140 0.013995403668133077
1728 0.014046579065394594
1649 0.0141481734653389
1417 0.014230323099595439
970 0.014238091461157306
2074 0.014253823968988055
703 0.014254162512884952
697 0.014279044053108996
1025 0.014357099107419499
539 0.014381978682939462
276 0.014426044001852222
2940 0.014530197251580935
2023 0.014773255286729825
2059 0.014998855846464142
1924 0.015226840831155915
2792 0.015274898088825935
932 0.015294354560958588
1774 0.015338452413644678
2942 0.015341333141676086
715 0.015367825767967271
2902 0.015470696151413776
2104 0.015829331666709984
650 0.015864265442255707
1146 0.01597795804678423
505 0.015983024861680344
22 0.01599844028850241
3224 0.016068692865674188
1893 0.016134817257857786
1258 0.016158579174515193
2628 0.016170300911001585
1272 0.016171470156980186
3042 0.01641499210614332
1535 0.01645226079585187
1653 0.01651787050663961
194 0.016567432573956833
236 0.016742132035469384
2529 0.01688319806839973
303 0.016899266563762533
1 0.01695618662743749
1897 0.016973787062786305
1944 0.017008985252407297
556 0.017234615456182906
2891 0.017253107429346486
1935 0.017272279162972196
3060 0.01729516427875018
3158 0.017394328512614018
2559 0.017780058612675342
2523 0.01779461421750203
3290 0.017851220715198405
2062 0.017901514704303907
2010 0.017905145759858927
1220 0.0179208350239771
1416 0.018120126650134814
455 0.018136426839195866
1483 0.018159257917777692
3406 0.018281104395290185
928 0.018311096929077647
3160 0.01842200648316513
1456 0.018452058746627663
750 0.018547250155387395
1257 0.01862149610252886
1134 0.01872531988110397
2718 0.01883228251223977
1454 0.019014211086866635
2157 0.01901868361088623
2043 0.01905625112419676
1603 0.01909886719256049
2424 0.019126133795893865
2139 0.019178790487651375
3204 0.01924411386719932
939 0.019257593658636232
2212 0.0192818384141672
2658 0.019306571026266723
1344 0.01933364235136565
3023 0.019354733605798646
1597 0.019363219282119242
1241 0.01953340894351369
868 0.019549252653690414
763 0.01955991630576693
3287 0.019581509894307677
1463 0.019682247263079346
417 0.019683691626517598
2410 0.019696014285997834
578 0.01970875482839628
83 0.019729653779763916
2171 0.019758728938334018
973 0.019765695130162218
1406 0.019787071583183016
89 0.019835320043447145
3350 0.01988728276586215
2945 0.02010991002791633
1065 0.0203463453076852
3156 0.02034771489657115
2137 0.02042429214190589
692 0.020599948598230954
1697 0.020631666065209883
2012 0.020717368080345324
3393 0.02076613011187142
2013 0.020782481251898098
1350 0.020788454948552516
768 0.020822097181906116
3409 0.020979681928776573
2783 0.021196110522160017
2726 0.021234412136082754
3381 0.021391068803931417
925 0.021418601631469556
2070 0.02143060280971838
1724 0.02144902789686399
2803 0.02152100141281502
707 0.02153162812943337
903 0.02173843491580603
2077 0.02175076132929964
2637 0.021796641084041644
450 0.021857941315204597
2288 0.021887896262986387
415 0.021934888675080103
2191 0.02193882365199483
904 0.022089598725512683
2730 0.02209836888229395
3031 0.02214855194481065
2051 0.02239788473545446
1922 0.022481199882260043
1938 0.02248995118840247
937 0.022532374907040756
61 0.022688982924554298
2497 0.022690066584211594
504 0.022743011385714582
3140 0.022792012732429458
701 0.02285191389408192
1415 0.022866588811980015
1647 0.022871375098794312
2736 0.02292948086907312
2256 0.02299930044537149
364 0.023108891352397767
2113 0.02313996773387586
1275 0.02315287629838234
2271 0.023175315473085562
1722 0.023201338545973834
1422 0.023350543309521438
1845 0.023426438413790687
822 0.023500448034861707
941 0.023601701691079863
1023 0.02367510638180548
2226 0.023738548749710625
3372 0.02381162781198747
669 0.023831964887881175
2495 0.023922166752856442
500 0.02401472538163502
3220 0.024136647259750888
3274 0.0241370895689672
1577 0.024239884503389427
1504 0.024284081355998032
2692 0.024293881008271855
2276 0.024377855111693637
999 0.02448705631368605
2160 0.02451459199608049
2782 0.024536394418951977
1916 0.024566549896261346
456 0.024583013814472292
273 0.024594870919261578
120 0.024663954830987322
3412 0.024777868192988717
1807 0.024825434428173893
3294 0.024959561458818322
541 0.025042068067045745
1772 0.025068077742763924
1840 0.02513715965588572
219 0.02513800692230434
1419 0.025163971439719674
880 0.02524316420675503
1518 0.025243687603854204
2019 0.02525456364425911
2465 0.0252586624590961
2359 0.025471519136655657
1306 0.0255154765963364
2243 0.025516285443398935
1899 0.02563213409629315
1132 0.025640428960270203
1021 0.025753013116217065
3215 0.026040170861129634
3231 0.026071990490587282
401 0.02610217671554176
765 0.026177640661855243
3198 0.026190976422131335
698 0.026199873473986307
181 0.026273869516501038
2125 0.026344915158454652
2073 0.026384069515947437
1517 0.026531873011885403
2659 0.026546866793061973
3004 0.02656120884099825
3289 0.02666643279872263
2558 0.02666740759466818
1809 0.026700926491892953
1423 0.02681329253295217
3373 0.0269554235878118
2149 0.026962146166116887
2138 0.027096729493706347
1468 0.027107267508732852
433 0.027135790785753542
712 0.02714945851500022
2613 0.027160804626419573
3214 0.027188734908542303
1599 0.02723715040954809
1937 0.027302547052432565
1087 0.02741971889172625
1482 0.02760105824480004
240 0.02768744868910184
2154 0.027886857911895893
1315 0.027976102918824904
1879 0.028149357427781768
2378 0.02819056121909481
3270 0.02828306501484752
2802 0.028535805851533726
82 0.02868928614663533
2028 0.028734818613440252
1004 0.0288507657133583
294 0.02886792260548666
1566 0.028912302196564613
3091 0.028912686726378874
990 0.02902634174957361
1946 0.02905911860382032
852 0.02933705450478692
1418 0.02938478555199948
2141 0.02940305277997872
1940 0.02964503693228214
668 0.029743823918610385
1238 0.02975609532669947
420 0.029763531575441392
2927 0.029917113030430004
241 0.03006517377640769
2798 0.030109817460876837
1079 0.03020881044316259
2837 0.030243529644329706
297 0.03039945417052852
3378 0.030444309987980686
2164 0.030459620091667243
766 0.030714624223740543
3223 0.03074004449840483
581 0.03075208232712207
3366 0.030764551098759613
980 0.03078441668525657
3307 0.03078521908242762
1678 0.030871690976181705
2408 0.030913622698898146
63 0.031162310809238442
2930 0.031225188233378418
1438 0.03123329489145606
2503 0.031400098469061784
87 0.031568771060506255
1190 0.03161050089318387
2199 0.03182071850844631
1519 0.03186272352011233
1492 0.031878859889302315
2094 0.031889875976093315
1965 0.03202144234830301
861 0.03203246180825052
1841 0.03214540052079023
1011 0.03220357099838554
1902 0.03222377319300144
1347 0.03227638444263963
1766 0.03235303181300989
978 0.03243868465170087
1949 0.032445409073944546
1217 0.032525964568898905
2206 0.03278363741449909
3150 0.03279888275023785
2332 0.032799149671596625
1448 0.03280769232889254
66 0.03293538339754238
586 0.03320632034125629
933 0.03324221438627199
652 0.03325678381805424
3376 0.03327960261857404
743 0.033445821651058756
801 0.03344664116150256
109 0.03364770331104444
2868 0.03378089538344051
992 0.0338073738888431
2102 0.03380850585857233
3264 0.03394037819392342
2196 0.03399568187595541
1221 0.03399763964362532
1525 0.034253005633836715
934 0.034337433373455996
3275 0.03443754478062773
2108 0.034580891582207084
2335 0.03462523628273376
1237 0.034682037793107905
1333 0.03476078434427439
3342 0.03480698071447408
1571 0.0351746282525301
859 0.03518641273494275
54 0.03531786030799715
3200 0.03532313126093219
2600 0.03550461874524965
3121 0.035533927277792435
38 0.035617009245685505
1578 0.035748868484405505
2057 0.03579899344741402
811 0.03584682447403437
543 0.03594112566199606
2710 0.036050377364581374
1440 0.03609493359555552
3166 0.03612947444506248
2649 0.036299739789129
1833 0.03649627399320533
1913 0.03658798984234491
1413 0.036653585669582905
2653 0.03665750858804257
2020 0.03672508029268934
879 0.036899110276860485
1932 0.0370789714343443
1876 0.037109457380776874
2255 0.03729052821823762
3297 0.037293663615072095
2065 0.03739519270089625
3284 0.0374434378179363
1989 0.03782628861045291
1180 0.037854709761514956
365 0.037854766530446796
733 0.03807839606315053
2439 0.03808984219471822
1264 0.03818719966596655
396 0.03819339062460876
1240 0.038319292083692405
2578 0.03839825767781158
3415 0.03861619717388771
29 0.038763056713338094
2840 0.03907047088352978
3384 0.039074171512900366
2437 0.03907823909435968
160 0.03914248384889212
2886 0.03925000234347947
1302 0.0393494683401123
2 0.039369714080035735
3148 0.03940123582027492
3313 0.039505151636414784
2911 0.03957498073035732
3193 0.03958753449629183
138 0.03959672490874357
3152 0.03973146293145594
1646 0.03990375862865074
3030 0.04010077359954829
2660 0.0402023660479852
1564 0.040202819115746406
277 0.040238314218396604
1202 0.04031007155073009
2564 0.04035913483975504
533 0.04065966320021284
2318 0.040682390193443586
2336 0.040876614050749334
205 0.04088873520344241
2047 0.04093351221116632
1316 0.04101025932987156
2117 0.04104981158838662
1528 0.04121385967734179
2629 0.04125679531901577
3074 0.04144084313296243
694 0.04153606612880793
2321 0.041566350447480235
3306 0.04166788614711589
2431 0.04167103978650945
2364 0.0417183176616331
64 0.04174445160009093
2151 0.041817852195741384
2035 0.041864123740469
2485 0.04196431045437719
2506 0.04205861639537656
795 0.0421341604659467
3081 0.04218490668229912
132 0.042191998930951345
2377 0.042200565967081424
1763 0.04225839653236193
956 0.042260450100661304
1030 0.04226481041841528
1975 0.042264973674775955
481 0.04233067812108858
2669 0.042364683558742205
405 0.04243614074883307
2461 0.04258219504010599
2050 0.042595572689702474
3187 0.04263506737246925
1348 0.04283271324812213
3278 0.04287708981475139
946 0.04288390853551422
998 0.04312368121234791
3153 0.0432008853077577
1843 0.043216838252626004
407 0.04338694557309177
3190 0.04339463963192063
175 0.04362560968880378
741 0.0439519076142094
2354 0.044011049016291756
3296 0.04404601644672261
458 0.04415931385893427
3116 0.044229572857269285
751 0.044254670686766195
412 0.04428705500354971
1586 0.044326664075796746
1553 0.044864010534053436
1882 0.04489582585246196
3375 0.044912978657329634
2781 0.044934627154403176
759 0.045048874472731766
1666 0.04508039807607392
2169 0.045679842724469434
1905 0.04576769405971691
75 0.045786614260918915
293 0.04596321718140448
2690 0.04598859671283106
2608 0.04611714987216192
1521 0.046144006977656436
3351 0.04624301620405795
644 0.04625091293970813
2338 0.04627014501545041
1672 0.04627737916354504
2602 0.046424673632926156
153 0.04656458169636904
1608 0.04673731115527856
532 0.046874702300236236
1349 0.046877883075966555
171 0.04689432073998508
427 0.046906460163390576
2385 0.04694381885006115
16 0.04699369153028695
3285 0.047042869077292444
3168 0.047183137015857184
2489 0.04740799199918523
1020 0.04745312820601053
271 0.04749126499830311
238 0.047530825082332015
3207 0.047573025925328215
195 0.04763064287324781
923 0.047763608386394214
1351 0.04776763771268858
2060 0.04778641569645451
2499 0.047935333611529546
2867 0.047983896120616196
2083 0.04801894098996056
1834 0.04804457078586777
1353 0.04807150635356238
2752 0.04812772990767391
1060 0.04815302861170848
3176 0.04815957273202343
695 0.04818598044236509
684 0.04818695451026729
161 0.048299682948939555
291 0.04830851195371129
3253 0.04830922581141918
2721 0.048313817253720616
1801 0.048374411505606695
2381 0.04844255269635076
2693 0.04846323216443593
1018 0.048546605087387035
272 0.04855729032789631
787 0.048599064901378816
169 0.048604545923798974
250 0.04866447347427581
1565 0.048692367232888015
1110 0.04872436990343698
3286 0.048750839527347385
2745 0.048885643548937964
1411 0.04893427306807806
784 0.04898478990638327
2088 0.04906241417762015
2097 0.04910608557633896
858 0.049253440114791165
2951 0.049292992085242966
1365 0.04933856719480119
574 0.049444342936238186
327 0.049722903040501525
3085 0.04977165560619752
1523 0.04978080497082554
454 0.04979692979745599
2562 0.04986805895678247
1437 0.05005537617939203
227 0.050187556885130755
2944 0.05038294279810123
3167 0.050391247423288786
3151 0.05050424138533603
2237 0.050680947811916746
1019 0.05069266189202431
2986 0.050740269969733735
2192 0.05081217317398386
2829 0.050875667627706206
617 0.05088690574293593
776 0.051062829951787556
2632 0.05115087772090817
335 0.051218132377421136
3033 0.05127792619605306
3008 0.05129729165941662
3066 0.05130707845178392
310 0.051329498951724284
223 0.05142034712398253
2365 0.051685277353470296
2609 0.05172406588438455
2464 0.051916179365345656
101 0.051947520004461095
2106 0.05195528955388115
1111 0.05200697599180309
1113 0.05215487408295015
2076 0.05223382644008215
372 0.052240628899370804
3201 0.052246099165595646
948 0.05227326076105121
3385 0.05241196267009948
2957 0.05249128488605164
3147 0.052514375798819006
1802 0.05255049431761236
2699 0.052754149289479836
1788 0.052928669662910134
421 0.05297486176810485
1449 0.05302514773489209
1354 0.053042631948828335
1187 0.05310687301568506
2159 0.05313506411181956
309 0.053183260198709566
1790 0.053340045414184224
2549 0.053584450294469003
3050 0.053597407811241365
1589 0.05371975746362077
2170 0.053757772596482456
850 0.053816390522467304
1760 0.05388620406875127
530 0.05396247850303432
3217 0.053998992583232513
3211 0.05404644629776711
1425 0.05405129133042799
2483 0.054202813280354374
2581 0.05422252293708758
749 0.05426480861920583
41 0.05447214612605488
235 0.05454581243494683
1856 0.05455206912691372
1362 0.05466807917856457
1878 0.05476865442592481
913 0.054855705992786614
3035 0.05487717869512064
1570 0.05509277067342893
2816 0.05512161545574481
1645 0.055543323646399315
3100 0.055960224128516325
3174 0.05608512974173923
2040 0.05612925146018184
1412 0.05613973176103708
231 0.05649120762212873
674 0.05655447227265482
1439 0.0567123925698955
1855 0.056714580668492984
2719 0.056905863004084054
3192 0.05696074509649291
2289 0.056974244319436616
1185 0.05722371618190483
753 0.057323878104524384
2593 0.057333271135225745
3209 0.05752457335492863
2267 0.05771624985388727
1920 0.05772723173792186
3099 0.05799059124050328
1384 0.058048839202469275
1317 0.05828941113916062
3413 0.058332787261629625
1576 0.058474234247518096
2418 0.058492263452928975
3144 0.058616982794082784
3396 0.05880004751891053
949 0.05885012604523513
1443 0.05902260928110193
2412 0.05902413888545051
249 0.059068298261778084
3210 0.059128994531869504
1681 0.059145324655677345
1814 0.059170819908694716
1024 0.05920920869905875
3024 0.05929672704607571
2022 0.059523415113717004
2155 0.05979686921784241
424 0.059899859991593835
511 0.060056120001587665
3040 0.060057982082917405
234 0.06033183988008548
2791 0.0603701235513164
1609 0.06045608305977631
2492 0.06049423828813653
1115 0.060641548613804296
3169 0.06076858235905322
3355 0.060839463926765036
983 0.060890540635572546
3208 0.06096625267093923
2098 0.06116061266459583
1632 0.06124894421314726
3044 0.061272941246961976
1936 0.06130675753364359
930 0.06146196833307274
496 0.061525757174668225
3255 0.06168509053160037
3344 0.061760152256880176
863 0.061807302756178545
967 0.061813458436937786
1487 0.06190406947622034
3117 0.06207182341798543
1846 0.06215671634362953
2444 0.062159764676261664
1945 0.06225291752163489
2455 0.06230465605735291
3010 0.06241072869564222
308 0.062488443760718715
866 0.06249223926235382
1558 0.06262651571803936
1890 0.06265280795161612
643 0.06268429530996925
1990 0.06271549600844392
2747 0.0628741159696427
2725 0.06299725484350396
1968 0.06302179168795956
167 0.06303910235471026
2733 0.06304675352655441
302 0.06318238343475382
2042 0.06330084333923298
233 0.06351749803376339
803 0.06364934720264354
45 0.0637303639942582
2144 0.06384337257620956
1895 0.0638804624975026
2063 0.06420280513634671
2388 0.06434181907997416
2509 0.06441440930092845
1569 0.06442868986548106
1928 0.06456041846473386
1669 0.0646239466482072
2939 0.06482337225856297
819 0.06509341536259286
1388 0.06525488393640208
2821 0.0653903246514884
2463 0.06562482016541953
993 0.065682254111043
842 0.06588845798273234
1205 0.06622127960000915
3065 0.06626992298266272
1658 0.06632257534947154
410 0.06633121594440113
2048 0.06637334958336248
279 0.06653197619319723
3172 0.06658170467979042
2761 0.06661881710233271
2675 0.06670165306061558
2053 0.06677478795786226
945 0.0669045287947986
2872 0.0669338714633968
2932 0.06706463632938706
1637 0.06713619832604928
2946 0.0672113524153227
2743 0.06725931797784958
3088 0.06740757842125349
2382 0.06742742580278083
908 0.06760358693324649
429 0.06775459639825056
2153 0.06790471438090127
3232 0.06795966953385124
2571 0.06815487100026076
1171 0.06827789569269599
2565 0.06829813987778102
1737 0.06834811034613406
2595 0.06835349419987644
3417 0.06841866745005229
1142 0.06850244135841899
2815 0.06878152508868433
3195 0.06883901134799573
2728 0.06891800265907928
2486 0.06900384776584112
382 0.06912332543419168
1651 0.06912813874285179
1793 0.06924193423025271
1313 0.06926593309076769
1144 0.06928291763902196
1191 0.06930733261456383
1404 0.0693149036715972
317 0.0695429958906911
76 0.06969724009714193
2610 0.06997317534466115
469 0.07003721694664955
3291 0.07007921794176757
3049 0.07010749240130838
1957 0.07016421519420178
626 0.07018727737398171
2291 0.07028114996752365
1531 0.0703105694088328
2914 0.07037256776754468
3039 0.07040713816640964
2079 0.07064313768411487
299 0.07064860125471827
2319 0.07072888059270518
2396 0.07082093110415565
2429 0.07084229054254639
191 0.07098778106219092
370 0.07105441216962266
3436 0.07112031288218913
2290 0.07118734387751963
1253 0.07127439336068377
2557 0.07133430457351828
1668 0.07150935056939448
1573 0.07176169843290958
3096 0.07177117815048183
2538 0.07191352390112145
3202 0.07205148480148821
1549 0.07219511351427668
3022 0.07224137962798144
1791 0.0723605103023705
1292 0.07268150607650432
3041 0.07268212737103401
3037 0.07277980582596799
1880 0.07279558763379977
1136 0.07294577434927614
3175 0.07317158741295038
3194 0.07320042145831898
1510 0.07347078659789197
959 0.07347686852569414
2827 0.07380922237350479
905 0.07416946729688345
3064 0.07420747786473379
1107 0.07428866295281575
1375 0.07447738896481283
1676 0.07464396413911731
1729 0.07468703484295305
2903 0.07498582584012925
2642 0.07517294369818492
3268 0.07537734884605382
3432 0.07551252771342916
1832 0.07587593373842942
378 0.07609788355013661
1457 0.0761448714940792
2259 0.07615967373817178
209 0.07616905676812019
1904 0.07637190351902311
435 0.07676887961828022
2950 0.0768587757160877
2894 0.0768756507746948
1248 0.07703606280857649
1128 0.07729649340953318
3282 0.07731060112850277
418 0.07746267254061491
2298 0.07749577720547338
2283 0.07780461294182947
1047 0.07792110572560183
1378 0.0779514893291497
426 0.07800094045929203
1082 0.07853118427671688
1328 0.07855219261247418
1530 0.07857498429061388
3388 0.07862099470625256
1933 0.07862453696286174
1055 0.07871740696805736
2857 0.07873663773307028
367 0.07878824401825876
377 0.07883652090619728
32 0.07903646473260377
1076 0.07905290708208303
545 0.07909663687084649
2263 0.07916350560688613
3032 0.07928561682103182
823 0.07936949600520361
2880 0.07939106586071341
1898 0.07941768870192381
1445 0.07950140127061543
2004 0.08017715347693369
1755 0.08029436632416767
2758 0.08029684884715964
1402 0.08051809499504474
881 0.08065077362403507
3428 0.08069033553447058
873 0.08089543471323721
156 0.08097578377625587
1730 0.08123968660681195
2337 0.08131919848442848
164 0.08133495850919283
637 0.08148509818080317
611 0.08153550069435736
1595 0.08164024473863514
270 0.08174133945284257
2873 0.08181551134663094
1329 0.08184918308403479
210 0.08210066358386815
1017 0.08222031648779433
1784 0.0824815979385634
1727 0.08253017597279781
68 0.08264381836487573
2383 0.08269994734971986
3429 0.082751661435333
565 0.08291729248563959
2299 0.082937596261792
2922 0.08295399414410677
3139 0.0829848968649323
3422 0.0832554617071797
2064 0.08334628339745137
381 0.08334629265106233
2941 0.08374545922042145
1414 0.08408536117431548
1987 0.08418079150448987
1861 0.0847206491737493
1765 0.08483028539131955
1129 0.08499619765657301
439 0.08506117963555189
1028 0.08545909402435038
2532 0.08549626173582299
2825 0.08554317494050295
2960 0.08559704144110364
2167 0.08568255799373242
2897 0.08577712171202805
2650 0.08582691137317013
1332 0.08592866819399891
2687 0.08601591554376853
1545 0.08615521970089295
2536 0.08630685732309491
3124 0.08648138617148016
2309 0.0865095985454485
1735 0.08710111833987952
2582 0.08723605766818086
1877 0.08726794121802818
1532 0.08750661268645604
752 0.08771035748393376
1433 0.08817209699978122
445 0.08856244214167323
548 0.0889574891643779
1374 0.08899710894100683
2735 0.0891779695428768
1075 0.08962125531673122
1623 0.08992618336014425
3305 0.09007553501654847
836 0.0901557484899485
2334 0.09026568271475725
2541 0.09081573026285539
665 0.09122893953109962
3036 0.09129077699900455
1399 0.09131104618480693
1466 0.0913623009564557
1544 0.09142822579570081
93 0.09174279794489164
2705 0.09198943069649014
2269 0.09211659132382254
2967 0.09216120925695372
264 0.09229540716665222
2316 0.09283480983296104
163 0.09312191492119568
3309 0.09326898202287359
3407 0.09361403173778837
572 0.09380291175916128
260 0.09387732453456078
3093 0.09388995318038995
2352 0.09408879915498079
506 0.09450390769263042
1811 0.09457841423500539
3363 0.09504931199629045
2242 0.09558633096526777
2540 0.09567025067365725
2999 0.09569392303271966
952 0.09572453356234686
1547 0.09575014059756061
2027 0.09584211329653941
796 0.09616815733639804
3189 0.09629020500332575
3048 0.09644735837013534
1130 0.09655285106031342
2235 0.09661380405255189
1758 0.09673671177345627
2776 0.09686239897029436
3180 0.09703374213071629
2512 0.09713025435349608
2711 0.09726174878855662
3178 0.09741856941453272
1120 0.09745609293263434
2069 0.09746802215435764
2491 0.09804343915107627
2238 0.09806558905165233
2202 0.09809326964166379
536 0.09822127320190659
307 0.09830428680488792
2330 0.0983888745310939
3087 0.09854910791151442
576 0.09881494062360702
1927 0.09934282088443597
587 0.09962507455136109
139 0.10001697857194138
1583 0.10016677509442495
2358 0.10017618586330325
1581 0.10027677167068424
686 0.10055162837455214
2440 0.10055549151730038
1981 0.10061790456209377
3014 0.10063295546938054
3421 0.10076805911368529
1891 0.10107851308038678
2327 0.1011136795668011
1056 0.10133443563303703
659 0.10149519619889508
3400 0.10149819820763607
400 0.10176393747843857
2398 0.10179197891487454
522 0.1018049536876045
2678 0.10185775071412304
1184 0.10198508122936736
1682 0.10220280748407982
232 0.10220885432548103
43 0.10253122843815708
609 0.10282906447461251
2225 0.10290105477783679
3277 0.10297905525331848
3241 0.10301285589408819
2832 0.10305763029630344
524 0.10313786943008221
1859 0.10327701242446558
1291 0.10333154448515089
1800 0.10341223080817458
649 0.10387539004250339
2928 0.10389091567547394
2305 0.1041788792025473
782 0.10445488876095674
1984 0.10457230985280642
1145 0.10460528016012392
1837 0.1046311919277937
2607 0.10467566807190178
2543 0.10468910170896045
2947 0.10486466451444235
2695 0.10492860568988469
1994 0.10503916752554444
354 0.10505585640842759
1453 0.10532480394765797
1383 0.10554242899170438
3146 0.10560548290296652
1970 0.10599610862317603
494 0.10616419255730641
1442 0.1062248472583115
2472 0.10637235506020933
744 0.10642101994822091
1261 0.10690556832157944
3075 0.10741600937757184
2150 0.10747373596467548
772 0.10778491952991423
58 0.10800587554552891
257 0.10842604310830217
1462 0.1084577238633733
1616 0.10861839888434781
440 0.1091716332879678
114 0.10919438089057436
1472 0.10919615257183225
3015 0.10929690013181172
2574 0.10931907581917628
1795 0.10977105456810837
2874 0.10985890612398351
3012 0.10989167773979559
1151 0.11002598209986983
1511 0.11039958086453056
2775 0.11051277081980988
1548 0.11065099579786716
688 0.11066436112071008
605 0.1108693485262966
8 0.1113940537122624
379 0.11145293160907245
265 0.11165412038599203
1485 0.11177513240103762
1085 0.11204282016210988
1376 0.11231614975589657
1591 0.11245428001447086
3265 0.11258394402992628
1143 0.11264923781044808
92 0.11287306855001783
3016 0.11296616464165976
1622 0.11301450599791303
2864 0.11305556649704832
2172 0.11312603197761456
3325 0.11423005714462289
13 0.11440978288008405
1189 0.114587457032378
898 0.11474823206118291
1393 0.11496839067991207
2732 0.11515642019305858
157 0.11519090985209528
2876 0.11541611622660276
3130 0.11553208055441203
2287 0.115970010248613
2513 0.11597492348394656
368 0.11600002699417838
2454 0.11604046434396385
2691 0.11630721959132355
2115 0.11630861339641528
2487 0.11654282862670842
2395 0.11659667111031345
840 0.11669062780555377
1677 0.11696290224685132
3133 0.11697381353181037
3233 0.11719009689072143
2644 0.11739274534373494
2817 0.11800366433308893
3260 0.1180053189276239
2500 0.11811113400589
2220 0.1181403327635307
2983 0.11817874432930224
252 0.11848625231773671
2462 0.11851180020382325
402 0.1188861928866221
251 0.11894449029584592
757 0.11936109171333212
3329 0.11942616946312413
1228 0.11995054141613737
648 0.12030179001442318
2393 0.12064029877781912
3318 0.1208519420090014
437 0.12114799629643908
1757 0.12130077650661143
1546 0.12152120752715956
885 0.12168519903180053
266 0.12190039602861989
1671 0.12206315769728214
1026 0.12216058642185545
102 0.12222633160676591
691 0.12229075281887529
1903 0.12242988478240106
889 0.12276132764680824
484 0.12336612768794013
1246 0.12395208840990996
2360 0.12396584730946804
326 0.12399697961193619
1718 0.12417228310429794
628 0.12423038640116799
2682 0.12431616823425176
2093 0.12435100741693893
1409 0.12445248943849126
2579 0.12448636375381728
1598 0.12489222913451058
1751 0.12582197405259335
1541 0.12689153599081196
909 0.12696192328780806
2824 0.1271644087455752
2008 0.1275702744178755
1155 0.12784878969383043
436 0.1280784524184746
170 0.12815011883438476
3257 0.1281810435604192
366 0.1285336714771849
2749 0.12906711308828267
1041 0.1291272369105364
2214 0.12920472379072737
3405 0.12926998098930198
1551 0.13069460596321153
1887 0.13084539470052384
2449 0.1310138333696479
2694 0.1310207869698036
2631 0.13105603767806007
2601 0.13132395734657304
2306 0.13141198628200956
3103 0.13143446002104223
1850 0.13162154160012798
3013 0.13227519294368562
3267 0.13244942342086685
2712 0.13246711679851367
2858 0.13268231441635156
3328 0.1329449252369223
654 0.13310136637830225
18 0.13357489828444113
1794 0.13382956967326615
1352 0.13458847730024284
1633 0.13473829837308368
3127 0.13477953986279878
1600 0.13481077165209043
26 0.1348180578448686
3397 0.13563927871026865
622 0.13593413528454998
1068 0.13602882582515058
940 0.1360442620610221
3404 0.13607836140703633
2198 0.1361191514819986
3256 0.13650026640189952
2831 0.13668321913050818
1675 0.13679056896024197
1712 0.1372252896967516
2731 0.13730206581420215
2893 0.13766771073237857
647 0.13836746005940265
2826 0.13856020246080517
165 0.13882603557913278
1320 0.13892149374027873
2374 0.13916137320313351
125 0.14055909818738904
1627 0.1408626460330403
3120 0.1410063638108257
2458 0.14135466883854764
1478 0.14151005870862532
781 0.14192725637041395
897 0.1419594753669632
369 0.14197751388909455
154 0.14220818820996112
1538 0.14231715810774567
2822 0.14241080756727115
1368 0.14271039268510993
1488 0.14290802052593052
1500 0.1429604384878223
1556 0.14343463585438945
1245 0.14350506153617257
1679 0.14356964197749658
1606 0.143572202811642
2467 0.14374288664697954
2508 0.14402094653139141
1367 0.14412988100109939
2286 0.1441875600010295
709 0.1443519905944183
547 0.14452689245647818
713 0.14484165331973595
518 0.14491091128191538
2753 0.14520821703165313
69 0.14522129352792945
2881 0.14574148037512621
855 0.14664100264288016
853 0.146789917971703
1312 0.14688506291083772
2095 0.14705930419479346
2727 0.1471728660317893
1621 0.14718148617052967
485 0.14729398956483142
963 0.14736439953495123
1470 0.14744579074887731
721 0.14763177498208055
3029 0.14787147372724116
2394 0.14833768173762632
1124 0.1486262808135589
394 0.1490169863726309
2612 0.1491320094684908
2510 0.14918316099493348
60 0.1496210681733461
1066 0.14973986657160634
151 0.15033733443653916
1960 0.15074047769484064
1721 0.1516508877919558
745 0.15187374118262933
2086 0.15223995565944326
588 0.15245725945297436
1798 0.15281885901386433
2498 0.1530032009138603
1211 0.15315472001469596
208 0.15337844087166835
976 0.1536804290085815
2401 0.15381104377539476
1773 0.15480280661142656
1072 0.15496492172292972
2445 0.15512264712014334
2633 0.1553331051259251
2863 0.15538976010067876
3343 0.15601621336170965
1684 0.15772142586049617
2847 0.1577575364234389
2814 0.15820012226813632
2482 0.1582512143053435
1300 0.15838316496546323
1641 0.15882504076951692
3122 0.1590116560493484
826 0.15963503737128532
2616 0.16054710243363016
339 0.16091273855636068
180 0.16097114534887402
2448 0.16213789337805148
1655 0.16386719820537055
1529 0.16390353117142525
714 0.1641933611034389
3115 0.1644144091221497
476 0.16451057286568166
2688 0.16452727717977142
2368 0.1649589444821054
3365 0.1654225082004608
2384 0.16586432664909403
708 0.16601946615045388
770 0.16686346186899423
3143 0.1672501005558001
373 0.16772797417597024
1693 0.16780340299750743
1170 0.16782594808996681
2737 0.16823653893039162
2475 0.16839326058673804
3322 0.16875849616393293
2116 0.1692798327702388
2090 0.17005131843417268
42 0.17008157164728593
675 0.17028063974805258
1159 0.1708045058274332
1403 0.1710992498468877
1702 0.1711791842148149
331 0.17160067317243824
1534 0.17166603205027067
3138 0.17204879054606087
141 0.1720921016588225
3389 0.17210228677122585
1141 0.17256653264347033
246 0.17299104455591982
1167 0.17461163711257363
1218 0.17485842224504222
1582 0.17528674891837603
1885 0.17538175238144021
2913 0.1766548854347972
2453 0.17692994225400058
2907 0.17712896722532662
1883 0.1775729877666786
2231 0.17785277379920078
1118 0.17820866693666018
465 0.17825865306696384
258 0.1783720112183744
646 0.17853905593784528
341 0.1787390414579541
2032 0.17954438825072042
509 0.18099223236055914
35 0.18102413494654637
1249 0.18124555644235815
2349 0.18149545811289294
2406 0.18250028195884246
1761 0.1837569432611495
1188 0.18378696021023785
2474 0.18486234968711185
566 0.18531461050168987
944 0.18549863128903693
1687 0.1860423724989234
1996 0.18608082660994904
601 0.18712531068958335
123 0.1875256098015214
1611 0.18772414226376474
1116 0.1877755574571155
560 0.1888843062163121
1839 0.18930925701451104
10 0.19046281610389604
3145 0.1909413136713362
2702 0.19105304541751986
1860 0.19137072217953968
1786 0.19149784431636838
449 0.19224169277141237
395 0.19234539134984138
3135 0.1938872735150372
3107 0.19420963688496642
143 0.19454438863006598
1256 0.19494813295535257
2801 0.19632939369890223
3011 0.1963908689873727
792 0.19676343932306684
1461 0.19684307412094182
2227 0.19744138665250524
1428 0.1975071179452243
296 0.19767032259697875
2919 0.19787931311575158
2036 0.1980861759287565
2779 0.1983747524506609
849 0.19913059398896898
320 0.19919837926893588
567 0.19938901023879685
1037 0.1998073724061718
833 0.20094742570523647
1754 0.20096449048077622
1032 0.20098453938321403
345 0.20123661853152908
1780 0.20158679298750656
2878 0.20172539851639565
152 0.20173053925901574
2524 0.20222358957601694
1278 0.20240529187034087
398 0.20315437961469038
1309 0.20347529591110058
3062 0.204749107353819
621 0.20485143082930732
1508 0.20536771596298778
756 0.20579230671263743
525 0.2060167249865951
2307 0.2062366098743376
1410 0.20695925557233025
1140 0.20989603845069202
1121 0.21026970632714864
1732 0.2104121334852936
2812 0.21119490311826725
2830 0.21229516605308885
2754 0.21360003285937265
634 0.21373618507350836
351 0.21416198576999104
96 0.21467202184943318
1298 0.21469544938499782
3340 0.2151720579346578
594 0.21540217139229373
1476 0.21544883690745772
33 0.21574151777508904
423 0.21679448572623072
2442 0.21717569273777682
813 0.2185149656884897
393 0.2187876371611599
716 0.21927672880099838
2300 0.21939832732760145
1165 0.22093919208039048
2176 0.22207039212733276
2657 0.22269488242463048
2430 0.22339693853406048
213 0.22395538807691318
3131 0.22441905412923144
187 0.2247035179248333
3137 0.2250059171422793
3258 0.22533958512752583
1035 0.2254688115648855
655 0.2260037121183626
342 0.22604091925580067
2182 0.22671346288557148
332 0.22947123233599273
1716 0.22985716130865858
100 0.2301070467589144
2823 0.23126940105220814
2087 0.23149208739628127
975 0.2327508842419586
677 0.23323248072721572
1491 0.2334420379272587
2852 0.23565130624908268
1327 0.23637895908206924
2836 0.23646912800816955
1479 0.2388209996304484
589 0.24051183422767122
2297 0.24090705257544298
2514 0.24251373166824872
2643 0.24377882726797595
845 0.24386858672226802
2697 0.24390314630652157
2537 0.24447386654125483
1775 0.244665831849039
1943 0.24486183140478837
3338 0.24690797018037658
399 0.24694564990914572
943 0.24701133616272777
2833 0.2477684416070829
1498 0.24849812952589537
1227 0.2495593982965651
2325 0.25041553548534407
2001 0.25179710521993887
1663 0.25246137232663673
1280 0.25287056396541313
1821 0.25396865200679675
98 0.2540524953526454
2625 0.2543822096146978
1310 0.2558402318122839
2634 0.2558897438781947
2324 0.25705209429982506
1213 0.25839955234301576
334 0.25918457820532853
1074 0.2592602627934727
1961 0.2592772055414473
321 0.26004961696958623
2768 0.26027825117132825
1160 0.2605140392165968
538 0.2606811052579638
73 0.26181643049375003
1279 0.26581084635395996
1380 0.26687896321244703
1954 0.2670668586899135
1824 0.26753341973990913
352 0.26870086180342095
1776 0.27087588508177946
280 0.27109470777889016
1355 0.2715123814928729
2361 0.2732158110962301
1322 0.275308494753997
2819 0.27668115158926054
2302 0.27669007583640004
1426 0.27797083212006163
2033 0.27910573464228083
2572 0.2819670068572598
248 0.28217625962171183
3239 0.2823400487277861
5 0.28272736257811754
1219 0.2827847984055055
1153 0.28317536099650775
2654 0.28431005575635226
2091 0.28629227224338316
2622 0.286723815387789
1125 0.28738484430120803
1497 0.28888239637130536
1747 0.28905318622101916
221 0.2896030273751466
2862 0.28995439918507654
838 0.2931375772198586
2311 0.29406750399249976
177 0.29557634715770903
316 0.29941943523904907
2392 0.2996558073732641
78 0.30022694202602024
3237 0.3005542477848633
1390 0.30117982416321104
2468 0.3019221058590565
896 0.3028642283718997
3364 0.303313564923784
218 0.30512718272787914
329 0.3057368537490325
338 0.3060131420419116
174 0.30626743011118085
2407 0.31200030797796147
1392 0.31210849746775987
2777 0.31247437496158514
1509 0.3139957858094633
1717 0.31567060862930413
2655 0.31682265481830146
145 0.3177516267729392
2665 0.3184660270075611
891 0.3185547196252372
1673 0.31907453235862865
2750 0.3216865831108954
627 0.32492340742275616
3125 0.3262692682226392
3236 0.32652334711275977
2369 0.32725498864955793
222 0.32802023039689154
1282 0.3287289053179875
1031 0.32901625446068433
79 0.3291689422242986
2390 0.33233434035262815
262 0.33400323851365266
1825 0.3347946589658486
591 0.33563404727513046
1324 0.33838133829587685
336 0.34091033422497047
214 0.34113567623902913
1389 0.3412676397248193
593 0.34180622365564756
815 0.3419686709942936
1701 0.3420815404149011
1631 0.3424034632862043
3134 0.3478711486766091
3335 0.34888965699880764
682 0.34895516579957675
184 0.3509348910769898
1783 0.353564291048101
72 0.35681998687821176
3235 0.3594301213220859
2664 0.3656021825450098
324 0.36821990862118803
2230 0.37019391028846005
1469 0.37057410663082035
1216 0.37067847772473556
883 0.3709712362369747
2189 0.37163729773313015
3106 0.37430967800328596
1977 0.3768294996550267
1043 0.37789127227875713
895 0.3780369348529115
2757 0.38021527793699955
623 0.3821609915878762
480 0.38266297391906345
323 0.39110524547371955
2228 0.39372159445353905
1284 0.39527437403392457
1626 0.39622368385785606
216 0.3996997915991886
2295 0.4071821715580614
570 0.4074000067787964
318 0.4089558787571407
3021 0.4124025361109752
2615 0.41305404345509095
315 0.4199907498700135
2034 0.42123637073543896
2405 0.4223448709452314
1982 0.4223488465650055
1958 0.4324512680644424
3324 0.43574832370858746
3104 0.4362885530831427
2187 0.4384335310741238
2476 0.44983957380574424
2178 0.45306500650691817
2469 0.4604155481952683
2970 0.4609046185124683
1875 0.47256018151486195
2772 0.47523488863763996
2089 0.4763172015775279
624 0.4966623371471297
1299 0.5065751777095073
835 0.5130057492556309
1706 0.5150281731369561
812 0.520267370008398
2446 0.5206511451724244
495 0.5209937482601394
679 0.5243667557738341
1999 0.530760557389543
1357 0.543941854319685
569 0.5575202131145206
2861 0.5882289486723287
1979 0.5961281521159847
2229 0.6150875759685538
1715 0.6213901733678852
