8720 22161
8742 22161
8764 22174
8764 18352
8817 21268
8817 18314
8837 18314
8837 18336
8784 18352
8837 18352
10068 30990
9599 30580
9615 30580
9599 30619
9615 30619
9599 30602
9263 30619
9241 30879
9225 30647
8570 32733
8563 32783
8891 18352
8891 18372
8898 18352
8898 18372
8922 18372
8891 18336
8898 18336
8922 30830
8922 30746
8167 18314
8854 18314
8854 18336
8871 18314
8871 18336
8854 18352
8871 18352
8184 18314
8184 18336
5658 21348
9798 4619
9859 4619
9859 4629
9859 4648
9859 4662
9817 4619
9817 4629
10824 10861
10394 31016
9514 4662
10835 31095
10835 31158
10835 29746
10835 29811
10835 29828
10835 10861
10387 31035
10387 31054
10387 31016
10387 31095
10092 30969
10092 30990
10370 30969
10370 30990
10370 31004
10377 30990
10377 31004
10370 31016
10377 31016
10370 31035
10377 31035
10377 31054
9587 30580
9587 30602
8589 32719
8603 32719
6143 32783
6155 32783
6155 32794
6088 32794
6088 32818
6088 32837
6110 32794
6088 32783
5862 41891
8934 30830
8934 32496
8934 32570
8934 32512
8963 32684
8975 32684
8953 32551
8953 32570
8963 32551
8963 32570
8963 32673
8953 32496
8953 32534
8953 32512
8953 30830
7324 20842
7324 21379
7324 20830
7344 21405
7344 20842
7344 21379
7344 21386
7359 21379
7359 21386
7395 19472
7414 19472
9457 4674
9370 4674
9471 4674
9488 4662
9488 4674
9845 4629
9845 4648
10854 10861
10854 10871
10854 29789
10854 29811
10854 29828
10339 31016
10351 31016
4944 4719
4982 4719
9335 4719
4982 4704
4982 4662
9335 4662
9335 4674
9781 4619
9301 29061
5007 29061
6049 32794
6049 32818
6049 32837
6074 32837
6026 32794
6026 32818
6033 32794
6033 32818
6734 50540
7312 20842
7312 20830
4733 4581
4733 4609
4733 4693
4733 4719
4865 4719
4733 4704
4733 4674
4779 4719
4755 4704
4765 4704
4755 801
4755 4362
4755 4382
4755 4719
4765 4719
4755 4581
4755 4597
4755 4609
4755 4693
6515 50540
6553 23531
4820 765
4831 4581
4798 801
4798 765
4798 4382
4798 4719
